entity_name,date,posts_and_retweets_in_day,posts_in_day,retweets_in_day,interactions_in_day,cumulative_posts_and_retweets,cumulative_posts,cumulative_retweets,cumulative_interactions_thousands
alenaschillerov,2021-10-19,6,5,1,406,1855,1665,190,67.2
AndrejBabis,2021-10-19,29,5,24,1827,3742,925,2817,159.1
honzabartosek,2021-10-19,1,1,0,124,443,440,3,55.2
JanLipavsky,2021-10-19,5,1,4,722,1946,351,1595,57.6
kalousekm,2021-10-19,14,14,0,17921,3422,3369,53,1597.8
KarelHavlicek_,2021-10-19,3,3,0,152,1357,995,362,45.7
kducsl,2021-10-19,18,4,14,176,5267,409,4858,18.3
Kuba_Martin,2021-10-19,3,3,0,168,1185,1185,0,148.3
market_a,2021-10-19,4,4,0,13890,1146,960,186,917.7
milionchvilek,2021-10-19,3,0,3,0,409,287,122,59.2
ODScz,2021-10-19,7,0,7,0,4881,1604,3277,220.2
olgarichterova,2021-10-19,1,0,1,0,609,536,73,49.9
P_Fiala,2021-10-19,4,2,2,3561,1294,766,528,395.2
PiratIvanBartos,2021-10-19,3,3,0,8609,1041,968,73,470.5
PiratskaStrana,2021-10-19,6,0,6,0,1754,722,1032,125.1
Pospisil_Jiri,2021-10-19,5,5,0,2265,518,441,77,123.8
SpoluKoalice,2021-10-19,21,3,18,751,5607,455,5152,99.2
STANcz,2021-10-19,3,1,2,66,1393,376,1017,47.4
TomasCzernin,2021-10-19,2,2,0,561,205,199,6,105.5
TomasZdechovsky,2021-10-19,42,27,15,3151,9144,6812,2332,407.8
tomio_cz,2021-10-19,6,6,0,93,1101,1101,0,61.5
TOP09cz,2021-10-19,22,1,21,58,4097,178,3919,32.4
VeslavM,2021-10-19,4,4,0,2771,775,752,23,32.7
vonpecka,2021-10-19,4,4,0,304,975,681,294,18.2
ZdenekHrib,2021-10-19,9,9,0,1614,957,847,110,183.7
zeleni_cz,2021-10-19,2,1,1,30,1066,749,317,27.5
alenaschillerov,2021-10-18,5,5,0,303,1849,1660,189,66.8
AndrejBabis,2021-10-18,28,1,27,96,3713,920,2793,157.3
honzabartosek,2021-10-18,3,3,0,908,442,439,3,55.1
jana_cernochova,2021-10-18,1,1,0,0,838,817,21,79.8
JanLipavsky,2021-10-18,5,2,3,1735,1941,350,1591,56.8
kalousekm,2021-10-18,16,16,0,22096,3408,3355,53,1579.9
KarelHavlicek_,2021-10-18,2,1,1,66,1354,992,362,45.5
kducsl,2021-10-18,29,1,28,25,5249,405,4844,18.2
Kuba_Martin,2021-10-18,2,2,0,951,1182,1182,0,148.1
makupka,2021-10-18,1,1,0,587,227,199,28,129.4
market_a,2021-10-18,4,4,0,9346,1142,956,186,903.9
MartinBaxa2,2021-10-18,1,0,1,0,140,128,12,40.8
milionchvilek,2021-10-18,3,2,1,724,406,287,119,59.2
MJureka,2021-10-18,3,2,1,1469,1751,1546,205,360.2
ODScz,2021-10-18,6,3,3,873,4874,1604,3270,220.2
olgarichterova,2021-10-18,1,1,0,319,608,536,72,49.9
P_Fiala,2021-10-18,3,1,2,2486,1290,764,526,391.7
PiratIvanBartos,2021-10-18,1,1,0,2104,1038,965,73,461.9
PiratskaStrana,2021-10-18,4,1,3,77,1748,722,1026,125.1
Pospisil_Jiri,2021-10-18,3,3,0,8244,513,436,77,121.6
SpoluKoalice,2021-10-18,41,0,41,0,5586,452,5134,98.5
STANcz,2021-10-18,1,0,1,0,1390,375,1015,47.4
TomasZdechovsky,2021-10-18,45,32,13,3813,9102,6785,2317,404.6
tomio_cz,2021-10-18,2,2,0,19,1095,1095,0,61.4
TOP09cz,2021-10-18,23,1,22,319,4075,177,3898,32.3
VeslavM,2021-10-18,1,1,0,11,771,748,23,29.9
Vit_Rakusan,2021-10-18,1,1,0,4397,363,332,31,263.9
vonpecka,2021-10-18,5,5,0,72,971,677,294,17.9
ZdenekHrib,2021-10-18,8,7,1,644,948,838,110,182.1
zeleni_cz,2021-10-18,1,1,0,136,1064,748,316,27.5
alenaschillerov,2021-10-17,14,10,4,1152,1844,1655,189,66.5
AndrejBabis,2021-10-17,20,1,19,532,3685,919,2766,157.2
general_pavel,2021-10-17,1,1,0,189,191,190,1,120.8
Jan_Skopecek,2021-10-17,6,4,2,302,910,796,114,155.4
kalousekm,2021-10-17,15,15,0,4160,3392,3339,53,1557.8
KarelHavlicek_,2021-10-17,10,5,5,1648,1352,991,361,45.5
kducsl,2021-10-17,7,0,7,0,5220,404,4816,18.1
MJureka,2021-10-17,1,1,0,795,1748,1544,204,358.8
ODScz,2021-10-17,21,8,13,2228,4868,1601,3267,219.3
P_Fiala,2021-10-17,3,1,2,3938,1287,763,524,389.2
Pospisil_Jiri,2021-10-17,1,1,0,676,510,433,77,113.3
SpoluKoalice,2021-10-17,12,0,12,0,5545,452,5093,98.5
STANcz,2021-10-17,1,1,0,33,1389,375,1014,47.4
TomasZdechovsky,2021-10-17,29,25,4,2011,9057,6753,2304,400.8
tomio_cz,2021-10-17,1,1,0,209,1093,1093,0,61.4
VeslavM,2021-10-17,3,3,0,152,770,747,23,29.9
Vit_Rakusan,2021-10-17,1,1,0,2,362,331,31,259.5
vonpecka,2021-10-17,1,1,0,1,966,672,294,17.8
alenaschillerov,2021-10-16,9,7,2,240,1830,1645,185,65.4
AndrejBabis,2021-10-16,20,5,15,1418,3665,918,2747,156.7
Jan_Skopecek,2021-10-16,2,2,0,902,904,792,112,155.1
JanLipavsky,2021-10-16,2,0,2,0,1936,348,1588,55.1
kalousekm,2021-10-16,14,14,0,5829,3377,3324,53,1553.6
KarelHavlicek_,2021-10-16,3,2,1,227,1342,986,356,43.8
kducsl,2021-10-16,14,0,14,0,5213,404,4809,18.1
Kuba_Martin,2021-10-16,1,1,0,1,1180,1180,0,147.2
MJureka,2021-10-16,3,3,0,1263,1747,1543,204,358
ODScz,2021-10-16,7,5,2,644,4847,1593,3254,217.1
olgarichterova,2021-10-16,2,2,0,356,607,535,72,49.6
P_Fiala,2021-10-16,1,0,1,0,1284,762,522,385.2
PiratskaStrana,2021-10-16,1,0,1,0,1744,721,1023,125
SpoluKoalice,2021-10-16,4,0,4,0,5533,452,5081,98.5
STANcz,2021-10-16,2,0,2,0,1388,374,1014,47.3
TomasZdechovsky,2021-10-16,32,19,13,799,9028,6728,2300,398.8
tomio_cz,2021-10-16,3,3,0,66,1092,1092,0,61.2
VeslavM,2021-10-16,7,7,0,691,767,744,23,29.7
Vit_Rakusan,2021-10-16,1,1,0,2365,361,330,31,259.5
vonpecka,2021-10-16,2,0,2,0,965,671,294,17.8
alenaschillerov,2021-10-15,8,8,0,548,1821,1638,183,65.1
AndrejBabis,2021-10-15,18,5,13,1931,3645,913,2732,155.3
general_pavel,2021-10-15,3,3,0,2402,190,189,1,120.6
honzabartosek,2021-10-15,3,3,0,766,439,436,3,54.1
jana_cernochova,2021-10-15,2,2,0,8,837,816,21,79.8
kalousekm,2021-10-15,11,11,0,13867,3363,3310,53,1547.8
KarelHavlicek_,2021-10-15,7,2,5,120,1339,984,355,43.6
kducsl,2021-10-15,22,2,20,74,5199,404,4795,18.1
Kuba_Martin,2021-10-15,6,6,0,466,1179,1179,0,147.2
market_a,2021-10-15,4,4,0,7660,1138,952,186,894.5
MJureka,2021-10-15,6,6,0,1313,1744,1540,204,356.7
ODScz,2021-10-15,6,2,4,477,4840,1588,3252,216.4
olgarichterova,2021-10-15,1,0,1,0,605,533,72,49.2
P_Fiala,2021-10-15,1,1,0,5052,1283,762,521,385.2
PiratskaStrana,2021-10-15,1,0,1,0,1743,721,1022,125
Pospisil_Jiri,2021-10-15,1,1,0,351,509,432,77,112.7
SpoluKoalice,2021-10-15,15,0,15,0,5529,452,5077,98.5
STANcz,2021-10-15,3,0,3,0,1386,374,1012,47.3
TomasCzernin,2021-10-15,1,1,0,253,203,197,6,104.9
TomasZdechovsky,2021-10-15,26,16,10,6472,8996,6709,2287,398
tomio_cz,2021-10-15,3,3,0,523,1089,1089,0,61.1
TOP09cz,2021-10-15,24,0,24,0,4052,176,3876,32
VeslavM,2021-10-15,2,2,0,1039,760,737,23,29
Vit_Rakusan,2021-10-15,2,1,1,1233,360,329,31,257.1
vonpecka,2021-10-15,4,4,0,54,963,671,292,17.8
ZdenekHrib,2021-10-15,1,0,1,0,940,831,109,181.4
zeleni_cz,2021-10-15,1,1,0,16,1063,747,316,27.3
alenaschillerov,2021-10-14,4,4,0,326,1813,1630,183,64.6
AndrejBabis,2021-10-14,14,2,12,330,3627,908,2719,153.3
honzabartosek,2021-10-14,3,3,0,199,436,433,3,53.4
Jan_Skopecek,2021-10-14,2,1,1,23,902,790,112,154.2
jana_cernochova,2021-10-14,13,13,0,2247,835,814,21,79.8
JanLipavsky,2021-10-14,3,0,3,0,1934,348,1586,55.1
kalousekm,2021-10-14,14,14,0,18337,3352,3299,53,1533.9
KarelHavlicek_,2021-10-14,7,6,1,283,1332,982,350,43.5
kducsl,2021-10-14,21,0,21,0,5177,402,4775,18.1
Kuba_Martin,2021-10-14,1,1,0,3582,1173,1173,0,146.7
makupka,2021-10-14,1,1,0,2,226,198,28,128.8
market_a,2021-10-14,2,2,0,6166,1134,948,186,886.8
milionchvilek,2021-10-14,3,1,2,115,403,285,118,58.5
MJureka,2021-10-14,2,2,0,1597,1738,1534,204,355.4
ODScz,2021-10-14,7,3,4,678,4834,1586,3248,215.9
olgarichterova,2021-10-14,2,1,1,3416,604,533,71,49.2
P_Fiala,2021-10-14,1,1,0,1316,1282,761,521,380.2
PiratskaStrana,2021-10-14,1,1,0,291,1742,721,1021,125
Pospisil_Jiri,2021-10-14,3,2,1,633,508,431,77,112.3
SpoluKoalice,2021-10-14,15,0,15,0,5514,452,5062,98.5
STANcz,2021-10-14,4,1,3,206,1383,374,1009,47.3
TomasCzernin,2021-10-14,2,2,0,633,202,196,6,104.7
TomasZdechovsky,2021-10-14,31,23,8,2309,8970,6693,2277,391.5
tomio_cz,2021-10-14,4,4,0,614,1086,1086,0,60.6
TOP09cz,2021-10-14,9,0,9,0,4028,176,3852,32
VeslavM,2021-10-14,1,0,1,0,758,735,23,28
Vit_Rakusan,2021-10-14,1,1,0,11197,358,328,30,255.9
vonpecka,2021-10-14,3,2,1,16,959,667,292,17.8
Zbynek_Stanjura,2021-10-14,1,1,0,1,41,32,9,34.9
alenaschillerov,2021-10-13,5,5,0,507,1809,1626,183,64.3
AndrejBabis,2021-10-13,19,10,9,2962,3613,906,2707,153
general_pavel,2021-10-13,1,1,0,582,187,186,1,118.2
Jan_Skopecek,2021-10-13,7,5,2,145,900,789,111,154.2
jana_cernochova,2021-10-13,1,1,0,31,822,801,21,77.6
kalousekm,2021-10-13,13,13,0,5477,3338,3285,53,1515.6
KarelHavlicek_,2021-10-13,9,6,3,135,1325,976,349,43.2
kducsl,2021-10-13,17,2,15,55,5156,402,4754,18.1
market_a,2021-10-13,1,1,0,1778,1132,946,186,880.7
milionchvilek,2021-10-13,1,1,0,40,400,284,116,58.4
ODScz,2021-10-13,8,4,4,1020,4827,1583,3244,215.3
P_Fiala,2021-10-13,5,4,1,2477,1281,760,521,378.9
PiratIvanBartos,2021-10-13,1,1,0,1705,1037,964,73,459.8
PiratskaStrana,2021-10-13,3,0,3,0,1741,720,1021,124.7
Pospisil_Jiri,2021-10-13,1,1,0,279,505,429,76,111.7
SpoluKoalice,2021-10-13,15,2,13,1439,5499,452,5047,98.5
STANcz,2021-10-13,5,2,3,191,1379,373,1006,47.1
TomasZdechovsky,2021-10-13,59,39,20,2640,8939,6670,2269,389.2
tomio_cz,2021-10-13,3,3,0,662,1082,1082,0,60
TOP09cz,2021-10-13,5,0,5,0,4019,176,3843,32
VeslavM,2021-10-13,1,1,0,597,757,735,22,28
Vit_Rakusan,2021-10-13,1,1,0,1591,357,327,30,244.7
vonpecka,2021-10-13,3,1,2,27,956,665,291,17.7
ZdenekHrib,2021-10-13,3,2,1,500,939,831,108,181.4
alenaschillerov,2021-10-12,5,5,0,397,1804,1621,183,63.7
honzabartosek,2021-10-12,3,3,0,1782,433,430,3,53.2
Jan_Skopecek,2021-10-12,1,0,1,0,893,784,109,154
jana_cernochova,2021-10-12,3,3,0,281,821,800,21,77.5
JanLipavsky,2021-10-12,1,0,1,0,1931,348,1583,55.1
kalousekm,2021-10-12,16,16,0,7955,3325,3272,53,1510.1
KarelHavlicek_,2021-10-12,1,0,1,0,1316,970,346,43.1
kducsl,2021-10-12,18,2,16,246,5139,400,4739,18
Kuba_Martin,2021-10-12,2,2,0,1784,1172,1172,0,143.1
market_a,2021-10-12,5,5,0,4924,1131,945,186,878.9
metnarl,2021-10-12,1,1,0,51,196,154,42,14
milionchvilek,2021-10-12,3,3,0,887,399,283,116,58.4
MJureka,2021-10-12,1,1,0,165,1736,1532,204,353.8
ODScz,2021-10-12,9,4,5,841,4819,1579,3240,214.2
P_Fiala,2021-10-12,3,2,1,1880,1276,756,520,376.4
PiratIvanBartos,2021-10-12,1,1,0,1103,1036,963,73,458
PiratskaStrana,2021-10-12,1,0,1,0,1738,720,1018,124.7
Pospisil_Jiri,2021-10-12,1,1,0,400,504,428,76,111.4
SpoluKoalice,2021-10-12,30,0,30,0,5484,450,5034,97
STANcz,2021-10-12,2,0,2,0,1374,371,1003,46.9
TomasCzernin,2021-10-12,1,0,1,0,200,194,6,104
TomasZdechovsky,2021-10-12,33,23,10,1728,8880,6631,2249,386.6
tomio_cz,2021-10-12,4,4,0,200,1079,1079,0,59.3
TOP09cz,2021-10-12,22,3,19,852,4014,176,3838,32
VeslavM,2021-10-12,1,1,0,448,756,734,22,27.4
Vit_Rakusan,2021-10-12,1,1,0,2139,356,326,30,243.1
vonpecka,2021-10-12,10,9,1,164,953,664,289,17.7
ZdenekHrib,2021-10-12,1,0,1,0,936,829,107,180.9
zeleni_cz,2021-10-12,1,1,0,77,1062,746,316,27.3
alenaschillerov,2021-10-11,3,3,0,134,1799,1616,183,63.3
AndrejBabis,2021-10-11,1,1,0,379,3594,896,2698,150.1
czKSCM,2021-10-11,1,0,1,0,107,21,86,0.2
Jan_Skopecek,2021-10-11,3,2,1,247,892,784,108,154
JanLipavsky,2021-10-11,13,11,2,1261,1930,348,1582,55.1
kalousekm,2021-10-11,25,25,0,13217,3309,3256,53,1502.1
KarelHavlicek_,2021-10-11,4,3,1,149,1315,970,345,43.1
kducsl,2021-10-11,11,0,11,0,5121,398,4723,17.8
Kuba_Martin,2021-10-11,11,11,0,188,1170,1170,0,141.4
market_a,2021-10-11,3,3,0,21022,1126,940,186,874
metnarl,2021-10-11,1,1,0,14,195,153,42,13.9
milionchvilek,2021-10-11,1,0,1,0,396,280,116,57.5
ODScz,2021-10-11,7,2,5,470,4810,1575,3235,213.4
P_Fiala,2021-10-11,4,2,2,3055,1273,754,519,374.5
PiratIvanBartos,2021-10-11,3,3,0,5660,1035,962,73,456.9
PiratskaStrana,2021-10-11,5,1,4,670,1737,720,1017,124.7
Pospisil_Jiri,2021-10-11,1,1,0,124,503,427,76,111
SpoluKoalice,2021-10-11,21,2,19,628,5454,450,5004,97
STANcz,2021-10-11,2,0,2,0,1372,371,1001,46.9
TomasZdechovsky,2021-10-11,31,22,9,1211,8847,6608,2239,384.9
tomio_cz,2021-10-11,5,5,0,298,1075,1075,0,59.1
TOP09cz,2021-10-11,19,0,19,0,3992,173,3819,31.1
VeslavM,2021-10-11,1,1,0,162,755,733,22,27
Vit_Rakusan,2021-10-11,3,3,0,6569,355,325,30,241
vonpecka,2021-10-11,7,5,2,117,943,655,288,17.5
ZdenekHrib,2021-10-11,6,6,0,1538,935,829,106,180.9
zeleni_cz,2021-10-11,2,2,0,50,1061,745,316,27.2
alenaschillerov,2021-10-10,1,0,1,0,1796,1613,183,63.2
AndrejBabis,2021-10-10,2,2,0,813,3593,895,2698,149.7
honzabartosek,2021-10-10,2,2,0,4,430,427,3,51.4
Jan_Skopecek,2021-10-10,2,2,0,546,889,782,107,153.8
jana_cernochova,2021-10-10,9,9,0,1924,818,797,21,77.3
JanLipavsky,2021-10-10,3,1,2,405,1917,337,1580,53.8
kalousekm,2021-10-10,10,10,0,19317,3284,3231,53,1488.9
kducsl,2021-10-10,22,2,20,141,5110,398,4712,17.8
Kuba_Martin,2021-10-10,4,4,0,2184,1159,1159,0,141.2
market_a,2021-10-10,8,8,0,6943,1123,937,186,853
milionchvilek,2021-10-10,6,5,1,415,395,280,115,57.5
MJureka,2021-10-10,2,2,0,303,1735,1531,204,353.6
ODScz,2021-10-10,6,4,2,956,4803,1573,3230,212.9
olgarichterova,2021-10-10,2,0,2,0,602,532,70,45.8
P_Fiala,2021-10-10,2,1,1,8919,1269,752,517,371.4
Pospisil_Jiri,2021-10-10,2,2,0,1523,502,426,76,110.9
SpoluKoalice,2021-10-10,26,3,23,1978,5433,448,4985,96.4
STANcz,2021-10-10,13,4,9,535,1370,371,999,46.9
TomasCzernin,2021-10-10,2,2,0,2062,199,194,5,104
TomasZdechovsky,2021-10-10,48,30,18,2955,8816,6586,2230,383.6
tomio_cz,2021-10-10,2,2,0,20,1070,1070,0,58.8
TOP09cz,2021-10-10,19,2,17,1262,3973,173,3800,31.1
VeslavM,2021-10-10,2,2,0,566,754,732,22,26.8
Vit_Rakusan,2021-10-10,1,1,0,4773,352,322,30,234.4
vonpecka,2021-10-10,6,6,0,102,936,650,286,17.4
zeleni_cz,2021-10-10,5,4,1,283,1059,743,316,27.2
AndrejBabis,2021-10-09,4,2,2,501,3591,893,2698,148.9
general_pavel,2021-10-09,1,1,0,728,186,185,1,117.6
honzabartosek,2021-10-09,9,9,0,601,428,425,3,51.4
Jan_Skopecek,2021-10-09,1,1,0,295,887,780,107,153.3
jana_cernochova,2021-10-09,6,6,0,51,809,788,21,75.3
JanLipavsky,2021-10-09,2,0,2,0,1914,336,1578,53.4
kalousekm,2021-10-09,20,19,1,20604,3274,3221,53,1469.6
KarelHavlicek_,2021-10-09,2,1,1,113,1311,967,344,42.9
kducsl,2021-10-09,53,4,49,405,5088,396,4692,17.6
Kuba_Martin,2021-10-09,1,1,0,713,1155,1155,0,139
makupka,2021-10-09,1,1,0,546,225,197,28,128.8
market_a,2021-10-09,10,8,2,28141,1115,929,186,846
milionchvilek,2021-10-09,4,3,1,3933,389,275,114,57.1
MJureka,2021-10-09,7,7,0,6818,1733,1529,204,353.3
ODScz,2021-10-09,84,8,76,4620,4797,1569,3228,212
P_Fiala,2021-10-09,5,4,1,19080,1267,751,516,362.5
PiratIvanBartos,2021-10-09,6,6,0,38544,1032,959,73,451.3
PiratskaStrana,2021-10-09,9,1,8,1,1732,719,1013,124.1
Pospisil_Jiri,2021-10-09,2,1,1,188,500,424,76,109.4
RobertSlachta,2021-10-09,1,0,1,0,241,133,108,4.9
SpoluKoalice,2021-10-09,116,15,101,3745,5407,445,4962,94.4
STANcz,2021-10-09,33,4,29,719,1357,367,990,46.4
TomasZdechovsky,2021-10-09,74,42,32,4387,8768,6556,2212,380.7
tomio_cz,2021-10-09,3,3,0,422,1068,1068,0,58.8
TOP09cz,2021-10-09,46,3,43,689,3954,171,3783,29.9
VeslavM,2021-10-09,4,3,1,700,752,730,22,26.2
Vit_Rakusan,2021-10-09,7,7,0,38087,351,321,30,229.6
volimtrikoloru,2021-10-09,1,0,1,0,301,200,101,6.8
Zbynek_Stanjura,2021-10-09,1,1,0,506,40,31,9,34.9
zeleni_cz,2021-10-09,14,13,1,1666,1054,739,315,26.9
alenaschillerov,2021-10-08,4,4,0,426,1795,1613,182,63.2
AndrejBabis,2021-10-08,14,9,5,2754,3587,891,2696,148.4
general_pavel,2021-10-08,2,2,0,2252,185,184,1,116.9
honzabartosek,2021-10-08,5,5,0,17,419,416,3,50.8
Jan_Skopecek,2021-10-08,10,7,3,750,886,779,107,153
jana_cernochova,2021-10-08,4,4,0,544,803,782,21,75.3
JanLipavsky,2021-10-08,2,0,2,0,1912,336,1576,53.4
jhamacek,2021-10-08,2,2,0,254,559,420,139,61.9
kalousekm,2021-10-08,39,39,0,15780,3254,3202,52,1449
KarelHavlicek_,2021-10-08,10,7,3,462,1309,966,343,42.8
kducsl,2021-10-08,42,1,41,26,5035,392,4643,17.2
makupka,2021-10-08,2,2,0,549,224,196,28,128.3
market_a,2021-10-08,10,10,0,7262,1105,921,184,817.9
milionchvilek,2021-10-08,1,0,1,0,385,272,113,53.1
MJureka,2021-10-08,14,14,0,2151,1726,1522,204,346.5
ODScz,2021-10-08,113,10,103,1138,4713,1561,3152,207.4
olgarichterova,2021-10-08,5,5,0,1084,600,532,68,45.8
P_Fiala,2021-10-08,19,13,6,8802,1262,747,515,343.4
PiratIvanBartos,2021-10-08,12,10,2,9572,1026,953,73,412.7
PiratskaStrana,2021-10-08,25,3,22,928,1723,718,1005,124.1
Pospisil_Jiri,2021-10-08,2,2,0,553,498,423,75,109.2
RobertSlachta,2021-10-08,1,0,1,0,240,133,107,4.9
SpoluKoalice,2021-10-08,136,33,103,3179,5291,430,4861,90.7
STANcz,2021-10-08,70,6,64,1031,1324,363,961,45.7
TomasCzernin,2021-10-08,1,1,0,45,197,192,5,102
TomasZdechovsky,2021-10-08,34,17,17,960,8694,6514,2180,376.3
tomio_cz,2021-10-08,6,6,0,639,1065,1065,0,58.4
TOP09cz,2021-10-08,28,2,26,194,3908,168,3740,29.2
VeslavM,2021-10-08,3,3,0,339,748,727,21,25.5
Vit_Rakusan,2021-10-08,3,3,0,9624,344,314,30,191.5
volimtrikoloru,2021-10-08,7,1,6,195,300,200,100,6.8
vonpecka,2021-10-08,13,5,8,37,930,644,286,17.3
Zbynek_Stanjura,2021-10-08,1,1,0,1358,39,30,9,34.4
ZdenekHrib,2021-10-08,3,3,0,570,929,823,106,179.4
zeleni_cz,2021-10-08,16,12,4,1900,1040,726,314,25.2
alenaschillerov,2021-10-07,5,5,0,241,1791,1609,182,62.8
AndrejBabis,2021-10-07,21,5,16,773,3573,882,2691,145.6
general_pavel,2021-10-07,1,1,0,205,183,182,1,114.6
Jan_Skopecek,2021-10-07,12,10,2,1197,876,772,104,152.2
jana_cernochova,2021-10-07,21,21,0,1461,799,778,21,74.7
JanLipavsky,2021-10-07,15,0,15,0,1910,336,1574,53.4
kalousekm,2021-10-07,30,29,1,13345,3215,3163,52,1433.2
KarelHavlicek_,2021-10-07,11,9,2,418,1299,959,340,42.3
kducsl,2021-10-07,44,3,41,374,4993,391,4602,17.2
makupka,2021-10-07,1,1,0,1337,222,194,28,127.7
market_a,2021-10-07,8,6,2,12172,1095,911,184,810.6
milionchvilek,2021-10-07,7,6,1,348,384,272,112,53.1
MJureka,2021-10-07,14,13,1,6484,1712,1508,204,344.4
ODScz,2021-10-07,93,16,77,6017,4600,1551,3049,206.2
olgarichterova,2021-10-07,4,2,2,4,595,527,68,44.7
P_Fiala,2021-10-07,12,7,5,7345,1243,734,509,334.6
PiratIvanBartos,2021-10-07,19,18,1,13153,1014,943,71,403.2
PiratskaStrana,2021-10-07,44,9,35,4129,1698,715,983,123.1
Pospisil_Jiri,2021-10-07,1,1,0,763,496,421,75,108.6
RobertSlachta,2021-10-07,3,0,3,0,239,133,106,4.9
SpoluKoalice,2021-10-07,83,5,78,951,5155,397,4758,87.5
STANcz,2021-10-07,14,4,10,1530,1254,357,897,44.6
TomasCzernin,2021-10-07,2,2,0,438,196,191,5,101.9
TomasZdechovsky,2021-10-07,50,21,29,1682,8660,6497,2163,375.3
tomio_cz,2021-10-07,2,2,0,351,1059,1059,0,57.8
TOP09cz,2021-10-07,13,0,13,0,3880,166,3714,29
VeslavM,2021-10-07,9,8,1,456,745,724,21,25.2
Vit_Rakusan,2021-10-07,3,2,1,4671,341,311,30,181.9
volimtrikoloru,2021-10-07,4,4,0,206,293,199,94,6.6
vonpecka,2021-10-07,10,9,1,78,917,639,278,17.3
zeleni_cz,2021-10-07,17,11,6,633,1024,714,310,23.3
alenaschillerov,2021-10-06,7,6,1,170,1786,1604,182,62.5
AndrejBabis,2021-10-06,22,5,17,454,3552,877,2675,144.8
general_pavel,2021-10-06,2,2,0,371,182,181,1,114.4
honzabartosek,2021-10-06,2,2,0,981,414,411,3,50.8
Jan_Skopecek,2021-10-06,10,8,2,1817,864,762,102,151
jana_cernochova,2021-10-06,1,1,0,73,778,757,21,73.3
JanLipavsky,2021-10-06,5,0,5,0,1895,336,1559,53.4
jhamacek,2021-10-06,1,0,1,0,557,418,139,61.6
kalousekm,2021-10-06,34,34,0,13106,3185,3134,51,1419.9
KarelHavlicek_,2021-10-06,10,9,1,367,1288,950,338,41.9
kducsl,2021-10-06,41,1,40,49,4949,388,4561,16.8
makupka,2021-10-06,2,1,1,138,221,193,28,126.4
market_a,2021-10-06,10,8,2,7683,1087,905,182,798.4
metnarl,2021-10-06,2,1,1,47,194,152,42,13.9
milionchvilek,2021-10-06,16,15,1,823,377,266,111,52.8
MJureka,2021-10-06,10,10,0,7225,1698,1495,203,337.9
ODScz,2021-10-06,58,19,39,2648,4507,1535,2972,200.2
olgarichterova,2021-10-06,5,1,4,7,591,525,66,44.7
P_Fiala,2021-10-06,16,4,12,6161,1231,727,504,327.3
PiratIvanBartos,2021-10-06,8,7,1,7044,995,925,70,390
PiratskaStrana,2021-10-06,12,3,9,2156,1654,706,948,119
Pospisil_Jiri,2021-10-06,6,6,0,1288,495,420,75,107.8
RobertSlachta,2021-10-06,1,0,1,0,236,133,103,4.9
SpoluKoalice,2021-10-06,91,8,83,2392,5072,392,4680,86.5
STANcz,2021-10-06,36,7,29,6165,1240,353,887,43.1
TomasZdechovsky,2021-10-06,50,26,24,3392,8610,6476,2134,373.7
tomio_cz,2021-10-06,6,6,0,584,1057,1057,0,57.4
TOP09cz,2021-10-06,31,0,31,0,3867,166,3701,29
VeslavM,2021-10-06,3,2,1,1,736,716,20,24.7
Vit_Rakusan,2021-10-06,6,6,0,20437,338,309,29,177.2
volimtrikoloru,2021-10-06,8,0,8,0,289,195,94,6.4
vonpecka,2021-10-06,16,12,4,136,907,630,277,17.2
Zbynek_Stanjura,2021-10-06,1,0,1,0,38,29,9,33.1
ZdenekHrib,2021-10-06,1,1,0,128,926,820,106,178.8
zeleni_cz,2021-10-06,8,5,3,91,1007,703,304,22.7
alenaschillerov,2021-10-05,15,14,1,515,1779,1598,181,62.4
AndrejBabis,2021-10-05,17,5,12,1469,3530,872,2658,144.4
general_pavel,2021-10-05,2,2,0,2103,180,179,1,114
Jan_Skopecek,2021-10-05,7,5,2,729,854,754,100,149.2
jana_cernochova,2021-10-05,5,5,0,627,777,756,21,73.2
jhamacek,2021-10-05,3,2,1,30,556,418,138,61.6
kalousekm,2021-10-05,21,21,0,10514,3151,3100,51,1406.8
KarelHavlicek_,2021-10-05,13,8,5,312,1278,941,337,41.6
kducsl,2021-10-05,40,3,37,158,4908,387,4521,16.8
makupka,2021-10-05,1,1,0,215,219,192,27,126.3
market_a,2021-10-05,9,7,2,4656,1077,897,180,790.8
MartinBaxa2,2021-10-05,2,1,1,45,139,128,11,40.8
metnarl,2021-10-05,3,1,2,85,192,151,41,13.9
milionchvilek,2021-10-05,10,8,2,2356,361,251,110,51.9
MJureka,2021-10-05,13,13,0,3292,1688,1485,203,330.7
ODScz,2021-10-05,15,6,9,2621,4449,1516,2933,197.6
P_Fiala,2021-10-05,7,3,4,6036,1215,723,492,321.1
PiratIvanBartos,2021-10-05,5,5,0,11356,987,918,69,383
PiratskaStrana,2021-10-05,5,1,4,317,1642,703,939,116.9
Pospisil_Jiri,2021-10-05,3,3,0,439,489,414,75,106.6
SpoluKoalice,2021-10-05,49,3,46,689,4981,384,4597,84.2
STANcz,2021-10-05,9,1,8,92,1204,346,858,37
TomasZdechovsky,2021-10-05,45,29,16,1798,8560,6450,2110,370.3
tomio_cz,2021-10-05,7,7,0,405,1051,1051,0,56.8
TOP09cz,2021-10-05,31,4,27,911,3836,166,3670,29
Vit_Rakusan,2021-10-05,3,3,0,4623,332,303,29,156.8
vonpecka,2021-10-05,2,0,2,0,891,618,273,17.1
zeleni_cz,2021-10-05,5,5,0,629,999,698,301,22.6
alenaschillerov,2021-10-04,4,4,0,156,1764,1584,180,61.9
AndrejBabis,2021-10-04,18,2,16,597,3513,867,2646,142.9
honzabartosek,2021-10-04,5,5,0,1226,412,409,3,49.8
Jan_Skopecek,2021-10-04,8,7,1,2169,847,749,98,148.5
jana_cernochova,2021-10-04,11,11,0,904,772,751,21,72.6
JanLipavsky,2021-10-04,9,0,9,0,1890,336,1554,53.4
jhamacek,2021-10-04,3,2,1,99,553,416,137,61.6
kalousekm,2021-10-04,17,17,0,4635,3130,3079,51,1396.2
KarelHavlicek_,2021-10-04,8,7,1,233,1265,933,332,41.2
kducsl,2021-10-04,38,2,36,93,4868,384,4484,16.6
makupka,2021-10-04,2,2,0,4238,218,191,27,126
market_a,2021-10-04,7,4,3,9998,1068,890,178,786.1
milionchvilek,2021-10-04,4,3,1,230,351,243,108,49.6
MJureka,2021-10-04,5,4,1,5340,1675,1472,203,327.4
ODScz,2021-10-04,26,8,18,1317,4434,1510,2924,194.9
olgarichterova,2021-10-04,6,2,4,290,586,524,62,44.7
P_Fiala,2021-10-04,15,5,10,5521,1208,720,488,315.1
PiratIvanBartos,2021-10-04,4,4,0,7875,982,913,69,371.6
PiratskaStrana,2021-10-04,8,4,4,1589,1637,702,935,116.5
Pospisil_Jiri,2021-10-04,1,1,0,234,486,411,75,106.1
SpoluKoalice,2021-10-04,44,4,40,2153,4932,381,4551,83.5
STANcz,2021-10-04,4,1,3,205,1195,345,850,36.9
TomasZdechovsky,2021-10-04,42,26,16,4149,8515,6421,2094,368.5
tomio_cz,2021-10-04,3,3,0,340,1044,1044,0,56.4
TOP09cz,2021-10-04,26,3,23,1059,3805,162,3643,28.1
VeslavM,2021-10-04,1,1,0,130,733,714,19,24.7
volimtrikoloru,2021-10-04,3,1,2,123,281,195,86,6.4
vonpecka,2021-10-04,19,12,7,598,889,618,271,17.1
ZdenekHrib,2021-10-04,2,2,0,248,925,819,106,178.7
zeleni_cz,2021-10-04,5,5,0,542,994,693,301,22
alenaschillerov,2021-10-03,7,4,3,180,1760,1580,180,61.7
AndrejBabis,2021-10-03,11,6,5,1668,3495,865,2630,142.3
honzabartosek,2021-10-03,1,1,0,89,407,404,3,48.6
Jan_Skopecek,2021-10-03,8,7,1,556,839,742,97,146.3
jana_cernochova,2021-10-03,3,3,0,25,761,740,21,71.7
JanLipavsky,2021-10-03,5,0,5,0,1881,336,1545,53.4
jhamacek,2021-10-03,2,2,0,1121,550,414,136,61.5
kalousekm,2021-10-03,31,29,2,19552,3113,3062,51,1391.6
KarelHavlicek_,2021-10-03,4,2,2,121,1257,926,331,41
kducsl,2021-10-03,37,2,35,68,4830,382,4448,16.5
makupka,2021-10-03,2,1,1,79,216,189,27,121.8
market_a,2021-10-03,5,5,0,8996,1061,886,175,776.1
milionchvilek,2021-10-03,1,1,0,193,347,240,107,49.4
MJureka,2021-10-03,15,13,2,8545,1670,1468,202,322
ODScz,2021-10-03,129,17,112,3838,4408,1502,2906,193.6
olgarichterova,2021-10-03,4,3,1,476,580,522,58,44.4
P_Fiala,2021-10-03,13,7,6,13185,1193,715,478,309.6
PiratIvanBartos,2021-10-03,10,9,1,10505,978,909,69,363.7
PiratskaStrana,2021-10-03,19,15,4,3515,1629,698,931,114.9
Pospisil_Jiri,2021-10-03,2,2,0,1180,485,410,75,105.9
RobertSlachta,2021-10-03,2,0,2,0,235,133,102,4.9
SpoluKoalice,2021-10-03,50,3,47,435,4888,377,4511,81.3
STANcz,2021-10-03,8,6,2,925,1191,344,847,36.7
TomasCzernin,2021-10-03,1,1,0,499,194,189,5,101.5
TomasZdechovsky,2021-10-03,25,14,11,2671,8473,6395,2078,364.3
tomio_cz,2021-10-03,3,3,0,233,1041,1041,0,56.1
TOP09cz,2021-10-03,31,0,31,0,3779,159,3620,27
VeslavM,2021-10-03,3,2,1,1,732,713,19,24.6
Vit_Rakusan,2021-10-03,4,4,0,8299,329,300,29,152.2
volimtrikoloru,2021-10-03,3,1,2,91,278,194,84,6.2
vonpecka,2021-10-03,6,2,4,62,870,606,264,16.5
Zbynek_Stanjura,2021-10-03,2,1,1,1340,37,29,8,33.1
zeleni_cz,2021-10-03,4,3,1,38,989,688,301,21.4
alenaschillerov,2021-10-02,4,4,0,183,1753,1576,177,61.5
AndrejBabis,2021-10-02,13,2,11,794,3484,859,2625,140.6
czKSCM,2021-10-02,1,0,1,0,106,21,85,0.2
general_pavel,2021-10-02,2,2,0,984,178,177,1,111.9
Jan_Skopecek,2021-10-02,9,9,0,1805,831,735,96,145.7
JanLipavsky,2021-10-02,1,0,1,0,1876,336,1540,53.4
jhamacek,2021-10-02,1,1,0,263,548,412,136,60.4
kalousekm,2021-10-02,17,17,0,6996,3082,3033,49,1372.1
KarelHavlicek_,2021-10-02,14,11,3,635,1253,924,329,40.9
kducsl,2021-10-02,15,0,15,0,4793,380,4413,16.4
makupka,2021-10-02,1,1,0,757,214,188,26,121.7
market_a,2021-10-02,14,14,0,6273,1056,881,175,767.1
milionchvilek,2021-10-02,1,0,1,0,346,239,107,49.2
MJureka,2021-10-02,1,1,0,82,1655,1455,200,313.5
ODScz,2021-10-02,16,6,10,1377,4279,1485,2794,189.8
olgarichterova,2021-10-02,1,0,1,0,576,519,57,44
P_Fiala,2021-10-02,3,2,1,2908,1180,708,472,296.4
PiratIvanBartos,2021-10-02,12,11,1,2493,968,900,68,353.2
PiratskaStrana,2021-10-02,3,2,1,1134,1610,683,927,111.4
RobertSlachta,2021-10-02,1,0,1,0,233,133,100,4.9
SpoluKoalice,2021-10-02,14,1,13,252,4838,374,4464,80.9
STANcz,2021-10-02,5,2,3,296,1183,338,845,35.7
TomasZdechovsky,2021-10-02,32,25,7,1063,8448,6381,2067,361.6
tomio_cz,2021-10-02,3,3,0,321,1038,1038,0,55.9
TOP09cz,2021-10-02,8,0,8,0,3748,159,3589,27
VeslavM,2021-10-02,5,5,0,509,729,711,18,24.6
vonpecka,2021-10-02,1,1,0,6,864,604,260,16.4
zeleni_cz,2021-10-02,4,4,0,236,985,685,300,21.4
alenaschillerov,2021-10-01,15,13,2,312,1749,1572,177,61.3
AndrejBabis,2021-10-01,16,1,15,168,3471,857,2614,139.8
czKSCM,2021-10-01,1,0,1,0,105,21,84,0.2
general_pavel,2021-10-01,2,2,0,404,176,175,1,110.9
honzabartosek,2021-10-01,2,2,0,326,406,403,3,48.5
Jan_Skopecek,2021-10-01,10,6,4,501,822,726,96,143.9
jana_cernochova,2021-10-01,2,2,0,161,758,737,21,71.7
JanLipavsky,2021-10-01,2,0,2,0,1875,336,1539,53.4
jhamacek,2021-10-01,6,6,0,1195,547,411,136,60.1
kalousekm,2021-10-01,20,20,0,9102,3065,3016,49,1365.1
KarelHavlicek_,2021-10-01,8,6,2,170,1239,913,326,40.3
kducsl,2021-10-01,29,1,28,121,4778,380,4398,16.4
makupka,2021-10-01,1,1,0,73,213,187,26,121
market_a,2021-10-01,10,9,1,11525,1042,867,175,760.8
metnarl,2021-10-01,1,1,0,42,189,150,39,13.8
MJureka,2021-10-01,20,19,1,1644,1654,1454,200,313.4
ODScz,2021-10-01,14,5,9,1314,4263,1479,2784,188.4
olgarichterova,2021-10-01,2,1,1,235,575,519,56,44
P_Fiala,2021-10-01,5,2,3,2876,1177,706,471,293.5
PavelSehnal64,2021-10-01,1,1,0,9,79,79,0,0.4
PiratIvanBartos,2021-10-01,6,6,0,3354,956,889,67,350.7
PiratskaStrana,2021-10-01,10,7,3,1677,1607,681,926,110.3
Pospisil_Jiri,2021-10-01,3,2,1,563,483,408,75,104.7
SpoluKoalice,2021-10-01,40,4,36,1506,4824,373,4451,80.6
STANcz,2021-10-01,10,5,5,777,1178,336,842,35.4
TomasCzernin,2021-10-01,1,1,0,92,193,188,5,101
TomasZdechovsky,2021-10-01,40,31,9,1096,8416,6356,2060,360.6
tomio_cz,2021-10-01,6,6,0,487,1035,1035,0,55.5
TOP09cz,2021-10-01,19,1,18,96,3740,159,3581,27
VeslavM,2021-10-01,5,5,0,4,724,706,18,24.1
Vit_Rakusan,2021-10-01,3,3,0,2719,325,296,29,143.9
volimtrikoloru,2021-10-01,4,2,2,100,275,193,82,6.2
vonpecka,2021-10-01,9,4,5,19,863,603,260,16.4
ZdenekHrib,2021-10-01,2,0,2,0,923,817,106,178.5
zeleni_cz,2021-10-01,17,15,2,318,981,681,300,21.2
alenaschillerov,2021-09-30,12,12,0,610,1734,1559,175,61
AndrejBabis,2021-09-30,19,3,16,325,3455,856,2599,139.7
Jan_Skopecek,2021-09-30,8,7,1,483,812,720,92,143.4
jana_cernochova,2021-09-30,4,4,0,148,756,735,21,71.5
JanLipavsky,2021-09-30,2,0,2,0,1873,336,1537,53.4
jhamacek,2021-09-30,3,2,1,83,541,405,136,58.9
kalousekm,2021-09-30,33,33,0,5230,3045,2996,49,1356
KarelHavlicek_,2021-09-30,14,13,1,491,1231,907,324,40.1
kducsl,2021-09-30,24,1,23,56,4749,379,4370,16.3
Kuba_Martin,2021-09-30,1,1,0,0,1154,1154,0,138.3
makupka,2021-09-30,2,2,0,490,212,186,26,120.9
market_a,2021-09-30,4,3,1,5725,1032,858,174,749.3
MartinBaxa2,2021-09-30,1,0,1,0,137,127,10,40.7
metnarl,2021-09-30,1,1,0,126,188,149,39,13.7
MJureka,2021-09-30,9,9,0,2562,1634,1435,199,311.8
ODScz,2021-09-30,20,6,14,648,4249,1474,2775,187.1
olgarichterova,2021-09-30,1,0,1,0,573,518,55,43.7
P_Fiala,2021-09-30,7,1,6,188,1172,704,468,290.6
PiratIvanBartos,2021-09-30,8,8,0,5144,950,883,67,347.4
PiratskaStrana,2021-09-30,11,6,5,1429,1597,674,923,108.6
Pospisil_Jiri,2021-09-30,1,1,0,504,480,406,74,104.1
RobertSlachta,2021-09-30,7,1,6,34,232,133,99,4.9
SpoluKoalice,2021-09-30,43,2,41,464,4784,369,4415,79.1
STANcz,2021-09-30,5,1,4,86,1168,331,837,34.7
TomasCzernin,2021-09-30,1,1,0,252,192,187,5,100.9
TomasZdechovsky,2021-09-30,45,32,13,1307,8376,6325,2051,359.5
tomio_cz,2021-09-30,7,7,0,102,1029,1029,0,55
TOP09cz,2021-09-30,27,5,22,1426,3721,158,3563,26.9
VeslavM,2021-09-30,5,5,0,128,719,701,18,24.1
Vit_Rakusan,2021-09-30,3,3,0,1645,322,293,29,141.2
volimtrikoloru,2021-09-30,2,1,1,9,271,191,80,6.1
vonpecka,2021-09-30,9,7,2,100,854,599,255,16.4
zeleni_cz,2021-09-30,11,6,5,293,964,666,298,20.8
alenaschillerov,2021-09-29,6,6,0,295,1722,1547,175,60.4
AndrejBabis,2021-09-29,25,2,23,298,3436,853,2583,139.4
honzabartosek,2021-09-29,2,2,0,132,404,401,3,48.2
Jan_Skopecek,2021-09-29,8,8,0,1306,804,713,91,143
jana_cernochova,2021-09-29,3,3,0,371,752,731,21,71.3
JanLipavsky,2021-09-29,14,0,14,0,1871,336,1535,53.4
jhamacek,2021-09-29,3,2,1,93,538,403,135,58.8
kalousekm,2021-09-29,38,37,1,6752,3012,2963,49,1350.7
KarelHavlicek_,2021-09-29,12,6,6,203,1217,894,323,39.6
kducsl,2021-09-29,27,2,25,123,4725,378,4347,16.3
Kuba_Martin,2021-09-29,2,2,0,146,1153,1153,0,138.3
makupka,2021-09-29,1,1,0,526,210,184,26,120.4
market_a,2021-09-29,5,5,0,4112,1028,855,173,743.6
milionchvilek,2021-09-29,2,1,1,61,345,239,106,49.2
MJureka,2021-09-29,10,10,0,1490,1625,1426,199,309.2
ODScz,2021-09-29,24,13,11,1395,4229,1468,2761,186.4
olgarichterova,2021-09-29,2,0,2,0,572,518,54,43.7
P_Fiala,2021-09-29,16,5,11,1110,1165,703,462,290.4
PiratIvanBartos,2021-09-29,7,7,0,8071,942,875,67,342.2
PiratskaStrana,2021-09-29,11,7,4,2008,1586,668,918,107.2
Pospisil_Jiri,2021-09-29,2,2,0,469,479,405,74,103.6
RobertSlachta,2021-09-29,5,0,5,0,225,132,93,4.8
SpoluKoalice,2021-09-29,64,4,60,631,4741,367,4374,78.7
STANcz,2021-09-29,9,4,5,834,1163,330,833,34.6
TomasZdechovsky,2021-09-29,35,24,11,1792,8331,6293,2038,358.2
tomio_cz,2021-09-29,4,4,0,325,1022,1022,0,54.9
TOP09cz,2021-09-29,35,2,33,305,3694,153,3541,25.5
VeslavM,2021-09-29,1,1,0,412,714,696,18,24
Vit_Rakusan,2021-09-29,1,1,0,548,319,290,29,139.5
volimtrikoloru,2021-09-29,1,0,1,0,269,190,79,6
vonpecka,2021-09-29,3,2,1,20,845,592,253,16.3
zeleni_cz,2021-09-29,18,17,1,482,953,660,293,20.5
alenaschillerov,2021-09-28,5,3,2,135,1716,1541,175,60.1
AndrejBabis,2021-09-28,12,4,8,952,3411,851,2560,139.1
honzabartosek,2021-09-28,1,1,0,99,402,399,3,48
Jan_Skopecek,2021-09-28,5,3,2,137,796,705,91,141.6
jana_cernochova,2021-09-28,2,2,0,71,749,728,21,71
JanLipavsky,2021-09-28,3,0,3,0,1857,336,1521,53.4
jhamacek,2021-09-28,2,2,0,126,535,401,134,58.7
kalousekm,2021-09-28,29,29,0,6488,2974,2926,48,1344
KarelHavlicek_,2021-09-28,5,4,1,246,1205,888,317,39.4
kducsl,2021-09-28,12,0,12,0,4698,376,4322,16.1
Kuba_Martin,2021-09-28,1,1,0,0,1151,1151,0,138.1
makupka,2021-09-28,2,2,0,453,209,183,26,119.9
market_a,2021-09-28,5,5,0,2632,1023,850,173,739.5
milionchvilek,2021-09-28,1,0,1,0,343,238,105,49.1
MJureka,2021-09-28,9,9,0,1565,1615,1416,199,307.7
ODScz,2021-09-28,15,7,8,1432,4205,1455,2750,185
P_Fiala,2021-09-28,7,3,4,2189,1149,698,451,289.3
PiratIvanBartos,2021-09-28,4,3,1,968,935,868,67,334.2
PiratskaStrana,2021-09-28,12,8,4,2694,1575,661,914,105.2
Pospisil_Jiri,2021-09-28,1,0,1,0,477,403,74,103.2
SpoluKoalice,2021-09-28,17,3,14,883,4677,363,4314,78
STANcz,2021-09-28,6,1,5,1495,1154,326,828,33.7
TomasZdechovsky,2021-09-28,44,27,17,1508,8296,6269,2027,356.4
tomio_cz,2021-09-28,4,4,0,277,1018,1018,0,54.6
TOP09cz,2021-09-28,13,0,13,0,3659,151,3508,25.2
VeslavM,2021-09-28,3,3,0,103,713,695,18,23.5
vonpecka,2021-09-28,2,1,1,16,842,590,252,16.3
ZdenekHrib,2021-09-28,2,2,0,770,921,817,104,178.5
zeleni_cz,2021-09-28,11,10,1,634,935,643,292,20.1
alenaschillerov,2021-09-27,12,11,1,396,1711,1538,173,60
AndrejBabis,2021-09-27,19,3,16,174,3399,847,2552,138.1
czKSCM,2021-09-27,1,0,1,0,104,21,83,0.2
honzabartosek,2021-09-27,2,2,0,154,401,398,3,47.9
Jan_Skopecek,2021-09-27,4,4,0,468,791,702,89,141.5
JanLipavsky,2021-09-27,3,1,2,32,1854,336,1518,53.4
jhamacek,2021-09-27,2,2,0,200,533,399,134,58.6
kalousekm,2021-09-27,11,11,0,3578,2945,2897,48,1337.5
KarelHavlicek_,2021-09-27,10,6,4,248,1200,884,316,39.1
kducsl,2021-09-27,25,0,25,0,4686,376,4310,16.1
Kuba_Martin,2021-09-27,1,1,0,1,1150,1150,0,138.1
makupka,2021-09-27,1,1,0,380,207,181,26,119.4
market_a,2021-09-27,8,6,2,4209,1018,845,173,736.8
metnarl,2021-09-27,4,3,1,293,187,148,39,13.6
milionchvilek,2021-09-27,1,1,0,734,342,238,104,49.1
MJureka,2021-09-27,9,8,1,1322,1606,1407,199,306.1
ODScz,2021-09-27,30,18,12,3595,4190,1448,2742,183.6
olgarichterova,2021-09-27,1,0,1,0,570,518,52,43.7
P_Fiala,2021-09-27,18,8,10,3359,1142,695,447,287.1
PiratIvanBartos,2021-09-27,3,3,0,5434,931,865,66,333.2
PiratskaStrana,2021-09-27,6,3,3,980,1563,653,910,102.5
Pospisil_Jiri,2021-09-27,2,1,1,157,476,403,73,103.2
RobertSlachta,2021-09-27,4,0,4,0,220,132,88,4.8
SpoluKoalice,2021-09-27,38,5,33,1110,4660,360,4300,77.1
STANcz,2021-09-27,8,2,6,339,1148,325,823,32.2
TomasZdechovsky,2021-09-27,46,35,11,1551,8252,6242,2010,354.9
tomio_cz,2021-09-27,4,4,0,325,1014,1014,0,54.3
TOP09cz,2021-09-27,30,7,23,1114,3646,151,3495,25.2
VeslavM,2021-09-27,4,3,1,210,710,692,18,23.4
Vit_Rakusan,2021-09-27,1,1,0,1310,318,289,29,139
volimtrikoloru,2021-09-27,3,1,2,3,268,190,78,6
vonpecka,2021-09-27,3,3,0,291,840,589,251,16.3
zeleni_cz,2021-09-27,7,7,0,359,924,633,291,19.4
alenaschillerov,2021-09-26,5,4,1,216,1699,1527,172,59.6
AndrejBabis,2021-09-26,19,1,18,252,3380,844,2536,137.9
honzabartosek,2021-09-26,1,1,0,104,399,396,3,47.8
Jan_Skopecek,2021-09-26,10,7,3,817,787,698,89,141
JanLipavsky,2021-09-26,4,0,4,0,1851,335,1516,53.4
jhamacek,2021-09-26,1,1,0,147,531,397,134,58.4
kalousekm,2021-09-26,13,13,0,968,2934,2886,48,1333.9
KarelHavlicek_,2021-09-26,4,3,1,144,1190,878,312,38.9
kducsl,2021-09-26,26,5,21,209,4661,376,4285,16.1
Kuba_Martin,2021-09-26,43,43,0,2305,1149,1149,0,138.1
makupka,2021-09-26,1,1,0,318,206,180,26,119
market_a,2021-09-26,5,5,0,5387,1010,839,171,732.6
milionchvilek,2021-09-26,3,3,0,926,341,237,104,48.4
MJureka,2021-09-26,5,5,0,570,1597,1399,198,304.8
ODScz,2021-09-26,51,19,32,4491,4160,1430,2730,180
olgarichterova,2021-09-26,3,0,3,0,569,518,51,43.7
P_Fiala,2021-09-26,18,3,15,5956,1124,687,437,283.8
PavelSehnal64,2021-09-26,1,1,0,5,78,78,0,0.4
PiratIvanBartos,2021-09-26,6,4,2,2202,928,862,66,327.8
PiratskaStrana,2021-09-26,3,1,2,144,1557,650,907,101.5
Pospisil_Jiri,2021-09-26,1,1,0,421,474,402,72,103
RobertSlachta,2021-09-26,3,0,3,0,216,132,84,4.8
SpoluKoalice,2021-09-26,27,4,23,1901,4622,355,4267,76
STANcz,2021-09-26,33,12,21,7850,1140,323,817,31.9
TomasZdechovsky,2021-09-26,22,17,5,2824,8206,6207,1999,353.3
tomio_cz,2021-09-26,1,1,0,91,1010,1010,0,54
TOP09cz,2021-09-26,29,1,28,614,3616,144,3472,24.1
Vit_Rakusan,2021-09-26,2,2,0,8570,317,288,29,137.6
volimtrikoloru,2021-09-26,2,0,2,0,265,189,76,6
vonpecka,2021-09-26,1,0,1,0,837,586,251,16
ZdenekHrib,2021-09-26,5,5,0,1712,919,815,104,177.7
zeleni_cz,2021-09-26,11,11,0,379,917,626,291,19.1
alenaschillerov,2021-09-25,5,5,0,403,1694,1523,171,59.4
AndrejBabis,2021-09-25,13,0,13,0,3361,843,2518,137.7
Jan_Skopecek,2021-09-25,8,7,1,2155,777,691,86,140.2
jana_cernochova,2021-09-25,9,9,0,253,747,726,21,70.9
JanLipavsky,2021-09-25,3,0,3,0,1847,335,1512,53.4
jhamacek,2021-09-25,1,1,0,47,530,396,134,58.3
kalousekm,2021-09-25,15,15,0,3747,2921,2873,48,1332.9
KarelHavlicek_,2021-09-25,15,14,1,533,1186,875,311,38.8
kducsl,2021-09-25,16,0,16,0,4635,371,4264,15.9
makupka,2021-09-25,1,1,0,170,205,179,26,118.7
market_a,2021-09-25,6,6,0,1703,1005,834,171,727.2
metnarl,2021-09-25,1,1,0,68,183,145,38,13.3
MJureka,2021-09-25,1,0,1,0,1592,1394,198,304.3
ODScz,2021-09-25,16,6,10,1589,4109,1411,2698,175.5
olgarichterova,2021-09-25,2,1,1,0,566,518,48,43.7
P_Fiala,2021-09-25,3,3,0,1054,1106,684,422,277.8
PiratIvanBartos,2021-09-25,9,8,1,3821,922,858,64,325.6
PiratskaStrana,2021-09-25,4,2,2,770,1554,649,905,101.4
Pospisil_Jiri,2021-09-25,1,1,0,46,473,401,72,102.6
SpoluKoalice,2021-09-25,14,1,13,187,4595,351,4244,74.1
STANcz,2021-09-25,1,1,0,100,1107,311,796,24.1
TomasZdechovsky,2021-09-25,24,20,4,581,8184,6190,1994,350.5
tomio_cz,2021-09-25,3,3,0,231,1009,1009,0,53.9
TOP09cz,2021-09-25,3,0,3,0,3587,143,3444,23.5
VeslavM,2021-09-25,9,8,1,187,706,689,17,23.2
zeleni_cz,2021-09-25,2,1,1,0,906,615,291,18.7
alenaschillerov,2021-09-24,6,5,1,176,1689,1518,171,59
AndrejBabis,2021-09-24,15,4,11,385,3348,843,2505,137.7
Jan_Skopecek,2021-09-24,5,4,1,190,769,684,85,138.1
jana_cernochova,2021-09-24,3,3,0,1610,738,717,21,70.7
JanLipavsky,2021-09-24,2,0,2,0,1844,335,1509,53.4
jhamacek,2021-09-24,6,2,4,109,529,395,134,58.2
kalousekm,2021-09-24,12,12,0,2909,2906,2858,48,1329.2
KarelHavlicek_,2021-09-24,18,15,3,797,1171,861,310,38.2
kducsl,2021-09-24,20,0,20,0,4619,371,4248,15.9
makupka,2021-09-24,2,2,0,293,204,178,26,118.6
market_a,2021-09-24,2,2,0,4342,999,828,171,725.5
metnarl,2021-09-24,3,3,0,97,182,144,38,13.3
milionchvilek,2021-09-24,2,1,1,689,338,234,104,47.4
MJureka,2021-09-24,2,2,0,247,1591,1394,197,304.3
ODScz,2021-09-24,22,14,8,761,4093,1405,2688,173.9
olgarichterova,2021-09-24,2,2,0,388,564,517,47,43.7
P_Fiala,2021-09-24,7,4,3,2749,1103,681,422,276.8
PiratIvanBartos,2021-09-24,13,10,3,8062,913,850,63,321.8
PiratskaStrana,2021-09-24,15,8,7,1675,1550,647,903,100.6
Pospisil_Jiri,2021-09-24,2,2,0,332,472,400,72,102.5
SpoluKoalice,2021-09-24,49,1,48,346,4581,350,4231,73.9
STANcz,2021-09-24,5,2,3,606,1106,310,796,24
TomasCzernin,2021-09-24,1,1,0,157,191,186,5,100.6
TomasZdechovsky,2021-09-24,28,16,12,1022,8160,6170,1990,349.9
tomio_cz,2021-09-24,5,5,0,104,1006,1006,0,53.7
TOP09cz,2021-09-24,33,1,32,294,3584,143,3441,23.5
Vit_Rakusan,2021-09-24,1,1,0,2387,315,286,29,129.1
volimtrikoloru,2021-09-24,2,0,2,0,263,189,74,6
vonpecka,2021-09-24,3,2,1,22,836,586,250,16
zeleni_cz,2021-09-24,13,13,0,489,904,614,290,18.7
alenaschillerov,2021-09-23,5,5,0,328,1683,1513,170,58.8
AndrejBabis,2021-09-23,31,4,27,332,3333,839,2494,137.3
honzabartosek,2021-09-23,3,3,0,167,398,395,3,47.7
Jan_Skopecek,2021-09-23,8,7,1,763,764,680,84,137.9
JanLipavsky,2021-09-23,3,0,3,0,1842,335,1507,53.4
jhamacek,2021-09-23,4,1,3,53,523,393,130,58.1
kalousekm,2021-09-23,14,14,0,3730,2894,2846,48,1326.3
KarelHavlicek_,2021-09-23,16,15,1,334,1153,846,307,37.4
kducsl,2021-09-23,28,0,28,0,4599,371,4228,15.9
makupka,2021-09-23,1,1,0,583,202,176,26,118.3
market_a,2021-09-23,8,7,1,2005,997,826,171,721.2
MartinBaxa2,2021-09-23,1,0,1,0,136,127,9,40.7
milionchvilek,2021-09-23,2,2,0,418,336,233,103,46.8
MJureka,2021-09-23,15,14,1,3037,1589,1392,197,304
ODScz,2021-09-23,28,16,12,1100,4071,1391,2680,173.2
P_Fiala,2021-09-23,10,3,7,1130,1096,677,419,274
PiratIvanBartos,2021-09-23,3,3,0,766,900,840,60,313.7
PiratskaStrana,2021-09-23,8,5,3,1089,1535,639,896,98.9
Pospisil_Jiri,2021-09-23,4,4,0,280,470,398,72,102.2
RobertSlachta,2021-09-23,1,1,0,0,213,132,81,4.8
SpoluKoalice,2021-09-23,34,4,30,487,4532,349,4183,73.6
STANcz,2021-09-23,3,1,2,30,1101,308,793,23.3
TomasZdechovsky,2021-09-23,39,29,10,1974,8132,6154,1978,348.9
tomio_cz,2021-09-23,6,6,0,190,1001,1001,0,53.6
TOP09cz,2021-09-23,17,2,15,156,3551,142,3409,23.2
volimtrikoloru,2021-09-23,3,2,1,78,261,189,72,6
vonpecka,2021-09-23,3,1,2,9,833,584,249,15.9
ZdenekHrib,2021-09-23,3,3,0,798,914,810,104,176
zeleni_cz,2021-09-23,9,7,2,252,891,601,290,18.2
alenaschillerov,2021-09-22,11,10,1,263,1678,1508,170,58.5
AndrejBabis,2021-09-22,25,11,14,1674,3302,835,2467,137
Jan_Skopecek,2021-09-22,7,2,5,102,756,673,83,137.1
JanLipavsky,2021-09-22,1,0,1,0,1839,335,1504,53.4
jhamacek,2021-09-22,1,1,0,109,519,392,127,58.1
kalousekm,2021-09-22,17,17,0,3003,2880,2832,48,1322.6
KarelHavlicek_,2021-09-22,10,6,4,215,1137,831,306,37.1
kducsl,2021-09-22,25,5,20,231,4571,371,4200,15.9
market_a,2021-09-22,6,6,0,3484,989,819,170,719.2
metnarl,2021-09-22,1,1,0,34,179,141,38,13.2
milionchvilek,2021-09-22,2,2,0,276,334,231,103,46.3
MJureka,2021-09-22,2,2,0,1149,1574,1378,196,301
ODScz,2021-09-22,13,4,9,260,4043,1375,2668,172.1
P_Fiala,2021-09-22,7,3,4,1437,1086,674,412,272.9
PavelSehnal64,2021-09-22,1,1,0,1,77,77,0,0.4
PiratIvanBartos,2021-09-22,3,3,0,921,897,837,60,312.9
PiratskaStrana,2021-09-22,3,0,3,0,1527,634,893,97.8
Pospisil_Jiri,2021-09-22,1,1,0,210,466,394,72,101.9
RobertSlachta,2021-09-22,1,1,0,72,212,131,81,4.8
SpoluKoalice,2021-09-22,48,3,45,506,4498,345,4153,73.1
STANcz,2021-09-22,6,0,6,0,1098,307,791,23.3
TomasZdechovsky,2021-09-22,40,23,17,551,8093,6125,1968,346.9
tomio_cz,2021-09-22,3,3,0,277,995,995,0,53.4
TOP09cz,2021-09-22,33,0,33,0,3534,140,3394,23
VeslavM,2021-09-22,1,1,0,70,697,681,16,23
Vit_Rakusan,2021-09-22,2,2,0,367,314,285,29,126.7
volimtrikoloru,2021-09-22,5,3,2,136,258,187,71,6
vonpecka,2021-09-22,1,1,0,5,830,583,247,15.9
ZdenekHrib,2021-09-22,1,1,0,181,911,807,104,175.2
zeleni_cz,2021-09-22,30,25,5,785,882,594,288,18
alenaschillerov,2021-09-21,11,10,1,345,1667,1498,169,58.2
AndrejBabis,2021-09-21,19,2,17,117,3277,824,2453,135.3
czKSCM,2021-09-21,1,0,1,0,103,21,82,0.2
honzabartosek,2021-09-21,1,1,0,87,395,392,3,47.5
Jan_Skopecek,2021-09-21,6,4,2,283,749,671,78,137
jana_cernochova,2021-09-21,3,3,0,67,735,714,21,69
kalousekm,2021-09-21,14,14,0,5164,2863,2815,48,1319.6
KarelHavlicek_,2021-09-21,14,12,2,550,1127,825,302,36.9
kducsl,2021-09-21,33,2,31,119,4546,366,4180,15.7
makupka,2021-09-21,1,1,0,180,201,175,26,117.7
market_a,2021-09-21,8,7,1,3957,983,813,170,715.7
milionchvilek,2021-09-21,2,2,0,400,332,229,103,46.1
MJureka,2021-09-21,13,12,1,1840,1572,1376,196,299.8
ODScz,2021-09-21,24,7,17,414,4030,1371,2659,171.8
olgarichterova,2021-09-21,1,0,1,0,562,515,47,43.3
P_Fiala,2021-09-21,5,4,1,3496,1079,671,408,271.4
PiratIvanBartos,2021-09-21,4,4,0,2189,894,834,60,312
PiratskaStrana,2021-09-21,5,4,1,1406,1524,634,890,97.8
Pospisil_Jiri,2021-09-21,3,3,0,458,465,393,72,101.7
SpoluKoalice,2021-09-21,36,2,34,824,4450,342,4108,72.6
STANcz,2021-09-21,7,2,5,602,1092,307,785,23.3
TomasCzernin,2021-09-21,1,1,0,316,190,185,5,100.5
TomasZdechovsky,2021-09-21,43,29,14,1611,8053,6102,1951,346.4
tomio_cz,2021-09-21,4,4,0,194,992,992,0,53.1
TOP09cz,2021-09-21,38,1,37,224,3501,140,3361,23
VeslavM,2021-09-21,5,5,0,76,696,680,16,23
Vit_Rakusan,2021-09-21,2,2,0,519,312,283,29,126.3
volimtrikoloru,2021-09-21,3,0,3,0,253,184,69,5.8
ZdenekHrib,2021-09-21,1,0,1,0,910,806,104,175
zeleni_cz,2021-09-21,9,8,1,462,852,569,283,17.2
alenaschillerov,2021-09-20,10,9,1,172,1656,1488,168,57.9
AndrejBabis,2021-09-20,31,6,25,412,3258,822,2436,135.2
general_pavel,2021-09-20,2,2,0,1590,174,173,1,110.5
honzabartosek,2021-09-20,2,2,0,101,394,391,3,47.4
Jan_Skopecek,2021-09-20,12,6,6,1334,743,667,76,136.7
jana_cernochova,2021-09-20,2,2,0,965,732,711,21,69
jhamacek,2021-09-20,2,2,0,125,518,391,127,58
kalousekm,2021-09-20,10,10,0,7531,2849,2801,48,1314.4
KarelHavlicek_,2021-09-20,10,9,1,323,1113,813,300,36.3
kducsl,2021-09-20,33,3,30,178,4513,364,4149,15.6
makupka,2021-09-20,2,1,1,2,200,174,26,117.5
market_a,2021-09-20,7,6,1,5375,975,806,169,711.8
MartinBaxa2,2021-09-20,1,0,1,0,135,127,8,40.7
metnarl,2021-09-20,1,1,0,476,178,140,38,13.1
milionchvilek,2021-09-20,10,10,0,486,330,227,103,45.7
MJureka,2021-09-20,19,18,1,3177,1559,1364,195,298
ODScz,2021-09-20,128,70,58,5181,4006,1364,2642,171.4
P_Fiala,2021-09-20,33,24,9,10899,1074,667,407,267.9
PavelSehnal64,2021-09-20,1,1,0,2,76,76,0,0.4
PiratIvanBartos,2021-09-20,16,14,2,1073,890,830,60,309.8
PiratskaStrana,2021-09-20,7,3,4,469,1519,630,889,96.4
Pospisil_Jiri,2021-09-20,2,1,1,147,462,390,72,101.3
SpoluKoalice,2021-09-20,82,9,73,2955,4414,340,4074,71.8
STANcz,2021-09-20,6,1,5,180,1085,305,780,22.7
TomasZdechovsky,2021-09-20,50,29,21,2308,8010,6073,1937,344.8
tomio_cz,2021-09-20,3,3,0,363,988,988,0,52.9
TOP09cz,2021-09-20,23,3,20,890,3463,139,3324,22.8
VeslavM,2021-09-20,1,1,0,33,691,675,16,22.9
Vit_Rakusan,2021-09-20,2,2,0,808,310,281,29,125.8
volimtrikoloru,2021-09-20,1,0,1,0,250,184,66,5.8
vonpecka,2021-09-20,5,4,1,60,829,582,247,15.9
ZdenekHrib,2021-09-20,7,6,1,433,909,806,103,175
zeleni_cz,2021-09-20,4,3,1,180,843,561,282,16.7
alenaschillerov,2021-09-19,8,7,1,264,1646,1479,167,57.7
AndrejBabis,2021-09-19,7,2,5,232,3227,816,2411,134.8
Jan_Skopecek,2021-09-19,5,5,0,554,731,661,70,135.4
jana_cernochova,2021-09-19,2,2,0,95,730,709,21,68
JanLipavsky,2021-09-19,3,0,3,0,1838,335,1503,53.4
kalousekm,2021-09-19,5,5,0,3903,2839,2791,48,1306.9
KarelHavlicek_,2021-09-19,4,3,1,140,1103,804,299,36
kducsl,2021-09-19,14,1,13,14,4480,361,4119,15.4
makupka,2021-09-19,1,1,0,400,198,173,25,117.5
market_a,2021-09-19,4,4,0,6343,968,800,168,706.4
metnarl,2021-09-19,1,1,0,115,177,139,38,12.7
MJureka,2021-09-19,2,2,0,154,1540,1346,194,294.8
ODScz,2021-09-19,12,4,8,2733,3878,1294,2584,166.2
olgarichterova,2021-09-19,2,0,2,0,561,515,46,43.3
P_Fiala,2021-09-19,7,2,5,537,1041,643,398,257
PiratIvanBartos,2021-09-19,8,6,2,1067,874,816,58,308.7
PiratskaStrana,2021-09-19,1,1,0,756,1512,627,885,96
RobertSlachta,2021-09-19,1,1,0,14,211,130,81,4.8
SpoluKoalice,2021-09-19,18,2,16,682,4332,331,4001,68.8
STANcz,2021-09-19,4,1,3,446,1079,304,775,22.5
TomasZdechovsky,2021-09-19,51,38,13,2143,7960,6044,1916,342.5
tomio_cz,2021-09-19,4,4,0,105,985,985,0,52.6
TOP09cz,2021-09-19,8,0,8,0,3440,136,3304,21.9
VeslavM,2021-09-19,3,3,0,55,690,674,16,22.9
Vit_Rakusan,2021-09-19,3,2,1,399,308,279,29,125
volimtrikoloru,2021-09-19,1,0,1,0,249,184,65,5.8
vonpecka,2021-09-19,3,1,2,13,824,578,246,15.9
Zbynek_Stanjura,2021-09-19,1,1,0,1458,35,28,7,31.7
ZdenekHrib,2021-09-19,4,4,0,1938,902,800,102,174.6
zeleni_cz,2021-09-19,1,0,1,0,839,558,281,16.5
alenaschillerov,2021-09-18,6,6,0,323,1638,1472,166,57.4
AndrejBabis,2021-09-18,18,3,15,354,3220,814,2406,134.5
Jan_Skopecek,2021-09-18,8,6,2,177,726,656,70,134.8
jana_cernochova,2021-09-18,4,4,0,147,728,707,21,67.9
kalousekm,2021-09-18,6,6,0,1497,2834,2786,48,1303
KarelHavlicek_,2021-09-18,7,6,1,275,1099,801,298,35.9
kducsl,2021-09-18,7,0,7,0,4466,360,4106,15.4
market_a,2021-09-18,4,3,1,1992,964,796,168,700
metnarl,2021-09-18,2,2,0,90,176,138,38,12.5
MJureka,2021-09-18,6,6,0,2302,1538,1344,194,294.6
ODScz,2021-09-18,8,4,4,757,3866,1290,2576,163.5
olgarichterova,2021-09-18,1,0,1,0,559,515,44,43.3
P_Fiala,2021-09-18,7,2,5,354,1034,641,393,256.5
PiratIvanBartos,2021-09-18,8,8,0,821,866,810,56,307.7
PiratskaStrana,2021-09-18,1,1,0,121,1511,626,885,95.2
Pospisil_Jiri,2021-09-18,1,0,1,0,460,389,71,101.1
RobertSlachta,2021-09-18,1,0,1,0,210,129,81,4.8
SpoluKoalice,2021-09-18,18,2,16,383,4314,329,3985,68.1
STANcz,2021-09-18,3,1,2,123,1075,303,772,22.1
TomasZdechovsky,2021-09-18,23,12,11,651,7909,6006,1903,340.3
tomio_cz,2021-09-18,7,7,0,418,981,981,0,52.5
TOP09cz,2021-09-18,9,0,9,0,3432,136,3296,21.9
VeslavM,2021-09-18,6,5,1,1202,687,671,16,22.8
zeleni_cz,2021-09-18,5,3,2,19,838,558,280,16.5
alenaschillerov,2021-09-17,6,4,2,168,1632,1466,166,57.1
AndrejBabis,2021-09-17,10,4,6,548,3202,811,2391,134.2
honzabartosek,2021-09-17,1,1,0,213,392,389,3,47.3
Jan_Skopecek,2021-09-17,4,4,0,715,718,650,68,134.7
jana_cernochova,2021-09-17,5,5,0,1187,724,703,21,67.8
JanLipavsky,2021-09-17,4,1,3,73,1835,335,1500,53.4
jhamacek,2021-09-17,2,2,0,122,516,389,127,57.8
KarelHavlicek_,2021-09-17,9,7,2,171,1092,795,297,35.6
kducsl,2021-09-17,31,4,27,39,4459,360,4099,15.4
market_a,2021-09-17,4,4,0,3071,960,793,167,698
MartinBaxa2,2021-09-17,1,0,1,0,134,127,7,40.7
metnarl,2021-09-17,1,1,0,23,174,136,38,12.4
milionchvilek,2021-09-17,3,1,2,234,320,217,103,45.2
MJureka,2021-09-17,9,6,3,2497,1532,1338,194,292.3
ODScz,2021-09-17,20,8,12,1907,3858,1286,2572,162.7
olgarichterova,2021-09-17,1,0,1,0,558,515,43,43.3
P_Fiala,2021-09-17,4,2,2,1832,1027,639,388,256.2
PiratIvanBartos,2021-09-17,14,14,0,1276,858,802,56,306.9
PiratskaStrana,2021-09-17,6,0,6,0,1510,625,885,95.1
Pospisil_Jiri,2021-09-17,3,2,1,373,459,389,70,101.1
RobertSlachta,2021-09-17,4,4,0,113,209,129,80,4.8
SpoluKoalice,2021-09-17,45,7,38,1448,4296,327,3969,67.8
STANcz,2021-09-17,4,1,3,15,1072,302,770,22
TomasCzernin,2021-09-17,1,1,0,450,189,184,5,100.2
TomasZdechovsky,2021-09-17,32,19,13,749,7886,5994,1892,339.7
tomio_cz,2021-09-17,4,4,0,54,974,974,0,52
TOP09cz,2021-09-17,21,0,21,0,3423,136,3287,21.9
VeslavM,2021-09-17,1,1,0,36,681,666,15,21.6
Vit_Rakusan,2021-09-17,3,3,0,2517,305,277,28,124.6
volimtrikoloru,2021-09-17,2,1,1,141,248,184,64,5.8
vonpecka,2021-09-17,5,2,3,53,821,577,244,15.9
ZdenekHrib,2021-09-17,3,3,0,150,898,796,102,172.6
zeleni_cz,2021-09-17,3,3,0,112,833,555,278,16.5
alenaschillerov,2021-09-16,11,11,0,388,1626,1462,164,56.9
AndrejBabis,2021-09-16,13,7,6,1129,3192,807,2385,133.6
general_pavel,2021-09-16,1,1,0,487,172,171,1,109
Jan_Skopecek,2021-09-16,4,3,1,735,714,646,68,133.9
jana_cernochova,2021-09-16,3,3,0,148,719,698,21,66.6
JanLipavsky,2021-09-16,7,3,4,328,1831,334,1497,53.3
kalousekm,2021-09-16,2,2,0,3029,2828,2780,48,1301.5
KarelHavlicek_,2021-09-16,10,8,2,278,1083,788,295,35.4
kducsl,2021-09-16,18,1,17,112,4428,356,4072,15.4
market_a,2021-09-16,6,6,0,2865,956,789,167,695
milionchvilek,2021-09-16,1,1,0,2,317,216,101,44.9
MJureka,2021-09-16,4,1,3,1445,1523,1332,191,289.9
ODScz,2021-09-16,23,14,9,1684,3838,1278,2560,160.8
olgarichterova,2021-09-16,2,0,2,0,557,515,42,43.3
P_Fiala,2021-09-16,13,6,7,848,1023,637,386,254.3
PiratIvanBartos,2021-09-16,6,6,0,566,844,788,56,305.6
PiratskaStrana,2021-09-16,10,7,3,4080,1504,625,879,95.1
Pospisil_Jiri,2021-09-16,4,4,0,596,456,387,69,100.7
RobertSlachta,2021-09-16,4,3,1,117,205,125,80,4.6
SpoluKoalice,2021-09-16,41,10,31,1589,4251,320,3931,66.3
STANcz,2021-09-16,7,2,5,195,1068,301,767,22
TomasZdechovsky,2021-09-16,47,31,16,1437,7854,5975,1879,338.9
TOP09cz,2021-09-16,17,0,17,0,3402,136,3266,21.9
VeslavM,2021-09-16,2,2,0,90,680,665,15,21.6
Vit_Rakusan,2021-09-16,1,1,0,179,302,274,28,122.1
volimtrikoloru,2021-09-16,2,1,1,13,246,183,63,5.7
vonpecka,2021-09-16,1,1,0,11,816,575,241,15.8
Zbynek_Stanjura,2021-09-16,1,1,0,1580,34,27,7,30.3
ZdenekHrib,2021-09-16,3,3,0,261,895,793,102,172.5
zeleni_cz,2021-09-16,3,3,0,72,830,552,278,16.4
alenaschillerov,2021-09-15,7,6,1,298,1615,1451,164,56.5
AndrejBabis,2021-09-15,16,6,10,1251,3179,800,2379,132.5
honzabartosek,2021-09-15,6,6,0,456,391,388,3,47.1
Jan_Skopecek,2021-09-15,5,5,0,1537,710,643,67,133.2
jana_cernochova,2021-09-15,1,0,1,0,716,695,21,66.4
JanLipavsky,2021-09-15,6,1,5,208,1824,331,1493,53
jhamacek,2021-09-15,3,1,2,161,514,387,127,57.7
kalousekm,2021-09-15,18,18,0,6662,2826,2778,48,1298.4
KarelHavlicek_,2021-09-15,8,4,4,144,1073,780,293,35.1
kducsl,2021-09-15,31,5,26,304,4410,355,4055,15.2
makupka,2021-09-15,3,3,0,2240,197,172,25,117.1
market_a,2021-09-15,6,5,1,4516,950,783,167,692.1
milionchvilek,2021-09-15,1,1,0,196,316,215,101,44.9
MJureka,2021-09-15,13,13,0,2268,1519,1331,188,288.4
ODScz,2021-09-15,19,10,9,1330,3815,1264,2551,159.1
olgarichterova,2021-09-15,2,1,1,188,555,515,40,43.3
P_Fiala,2021-09-15,9,2,7,1138,1010,631,379,253.5
PiratIvanBartos,2021-09-15,9,8,1,7409,838,782,56,305
PiratskaStrana,2021-09-15,20,11,9,1814,1494,618,876,91
Pospisil_Jiri,2021-09-15,2,2,0,516,452,383,69,100.2
RobertSlachta,2021-09-15,1,0,1,0,201,122,79,4.5
SpoluKoalice,2021-09-15,26,2,24,1202,4210,310,3900,64.7
STANcz,2021-09-15,16,5,11,627,1061,299,762,21.8
TomasCzernin,2021-09-15,1,1,0,320,188,183,5,99.7
TomasZdechovsky,2021-09-15,98,76,22,2688,7807,5944,1863,337.5
tomio_cz,2021-09-15,7,7,0,413,970,970,0,52
TOP09cz,2021-09-15,18,0,18,0,3385,136,3249,21.9
VeslavM,2021-09-15,4,4,0,150,678,663,15,21.5
Vit_Rakusan,2021-09-15,1,1,0,1802,301,273,28,121.9
volimtrikoloru,2021-09-15,2,0,2,0,244,182,62,5.7
vonpecka,2021-09-15,18,14,4,20,815,574,241,15.8
Zbynek_Stanjura,2021-09-15,1,1,0,3095,33,26,7,28.7
zeleni_cz,2021-09-15,5,4,1,198,827,549,278,16.3
alenaschillerov,2021-09-14,10,9,1,211,1608,1445,163,56.3
AndrejBabis,2021-09-14,14,5,9,1106,3163,794,2369,131.2
Jan_Skopecek,2021-09-14,6,6,0,724,705,638,67,131.7
jana_cernochova,2021-09-14,3,3,0,319,715,695,20,66.4
JanLipavsky,2021-09-14,2,0,2,0,1818,330,1488,52.8
jhamacek,2021-09-14,1,1,0,22,511,386,125,57.5
kalousekm,2021-09-14,3,3,0,376,2808,2760,48,1291.8
KarelHavlicek_,2021-09-14,11,9,2,374,1065,776,289,35
kducsl,2021-09-14,23,2,21,103,4379,350,4029,14.9
makupka,2021-09-14,2,2,0,2465,194,169,25,114.9
market_a,2021-09-14,3,3,0,3652,944,778,166,687.6
metnarl,2021-09-14,1,1,0,35,173,135,38,12.4
milionchvilek,2021-09-14,1,1,0,141,315,214,101,44.7
MJureka,2021-09-14,11,10,1,553,1506,1318,188,286.1
ODScz,2021-09-14,22,10,12,612,3796,1254,2542,157.8
olgarichterova,2021-09-14,3,3,0,225,553,514,39,43.2
P_Fiala,2021-09-14,3,3,0,1542,1001,629,372,252.3
PavelSehnal64,2021-09-14,2,2,0,4,75,75,0,0.4
PiratIvanBartos,2021-09-14,5,5,0,327,829,774,55,297.6
PiratskaStrana,2021-09-14,4,0,4,0,1474,607,867,89.2
RobertSlachta,2021-09-14,1,1,0,215,200,122,78,4.5
SpoluKoalice,2021-09-14,27,1,26,40,4184,308,3876,63.5
STANcz,2021-09-14,6,1,5,115,1045,294,751,21.1
TomasZdechovsky,2021-09-14,44,34,10,2962,7709,5868,1841,334.8
tomio_cz,2021-09-14,5,5,0,218,963,963,0,51.6
TOP09cz,2021-09-14,13,1,12,17,3367,136,3231,21.9
VeslavM,2021-09-14,2,2,0,113,674,659,15,21.3
Vit_Rakusan,2021-09-14,1,1,0,438,300,272,28,120.1
volimtrikoloru,2021-09-14,4,0,4,0,242,182,60,5.7
vonpecka,2021-09-14,5,3,2,51,797,560,237,15.8
ZdenekHrib,2021-09-14,8,8,0,694,892,790,102,172.2
zeleni_cz,2021-09-14,4,4,0,266,822,545,277,16.1
alenaschillerov,2021-09-13,12,11,1,274,1598,1436,162,56
AndrejBabis,2021-09-13,9,2,7,381,3149,789,2360,130.1
czKSCM,2021-09-13,1,0,1,0,102,21,81,0.2
Jan_Skopecek,2021-09-13,5,4,1,1019,699,632,67,131
JanLipavsky,2021-09-13,4,0,4,0,1816,330,1486,52.8
jhamacek,2021-09-13,1,1,0,64,510,385,125,57.5
kalousekm,2021-09-13,12,12,0,5176,2805,2757,48,1291.4
KarelHavlicek_,2021-09-13,6,5,1,201,1054,767,287,34.6
kducsl,2021-09-13,12,0,12,0,4356,348,4008,14.8
makupka,2021-09-13,1,1,0,1409,192,167,25,112.4
market_a,2021-09-13,3,3,0,3379,941,775,166,683.9
metnarl,2021-09-13,1,1,0,207,172,134,38,12.4
MJureka,2021-09-13,4,3,1,604,1495,1308,187,285.6
ODScz,2021-09-13,22,16,6,780,3774,1244,2530,157.2
P_Fiala,2021-09-13,6,2,4,1880,998,626,372,250.8
PiratIvanBartos,2021-09-13,7,5,2,1441,824,769,55,297.3
PiratskaStrana,2021-09-13,9,2,7,427,1470,607,863,89.2
Pospisil_Jiri,2021-09-13,3,2,1,499,450,381,69,99.6
SpoluKoalice,2021-09-13,26,1,25,256,4157,307,3850,63.5
STANcz,2021-09-13,6,4,2,1315,1039,293,746,21
TomasZdechovsky,2021-09-13,37,26,11,1107,7665,5834,1831,331.8
tomio_cz,2021-09-13,4,4,0,340,958,958,0,51.4
TOP09cz,2021-09-13,10,0,10,0,3354,135,3219,21.9
VeslavM,2021-09-13,6,6,0,157,672,657,15,21.2
Vit_Rakusan,2021-09-13,3,3,0,818,299,271,28,119.7
vonpecka,2021-09-13,1,1,0,4,792,557,235,15.7
Zbynek_Stanjura,2021-09-13,1,0,1,0,32,25,7,25.6
zeleni_cz,2021-09-13,5,2,3,96,818,541,277,15.9
alenaschillerov,2021-09-12,4,3,1,145,1586,1425,161,55.8
AndrejBabis,2021-09-12,1,1,0,216,3140,787,2353,129.8
czKSCM,2021-09-12,2,0,2,0,101,21,80,0.2
Jan_Skopecek,2021-09-12,2,2,0,566,694,628,66,129.9
jana_cernochova,2021-09-12,4,4,0,307,712,692,20,66.1
jhamacek,2021-09-12,2,2,0,207,509,384,125,57.5
kalousekm,2021-09-12,13,13,0,3638,2793,2745,48,1286.2
KarelHavlicek_,2021-09-12,1,0,1,0,1048,762,286,34.4
kducsl,2021-09-12,10,0,10,0,4344,348,3996,14.8
makupka,2021-09-12,1,1,0,498,191,166,25,111
market_a,2021-09-12,1,1,0,277,938,772,166,680.6
metnarl,2021-09-12,2,2,0,43,171,133,38,12.2
MJureka,2021-09-12,6,5,1,1189,1491,1305,186,285
ODScz,2021-09-12,21,8,13,620,3752,1228,2524,156.4
P_Fiala,2021-09-12,3,3,0,3835,992,624,368,248.9
PiratIvanBartos,2021-09-12,6,6,0,1319,817,764,53,295.8
PiratskaStrana,2021-09-12,1,0,1,0,1461,605,856,88.8
RobertSlachta,2021-09-12,1,1,0,13,199,121,78,4.3
SpoluKoalice,2021-09-12,26,1,25,522,4131,306,3825,63.2
STANcz,2021-09-12,2,0,2,0,1033,289,744,19.7
TomasZdechovsky,2021-09-12,21,12,9,1507,7628,5808,1820,330.7
tomio_cz,2021-09-12,3,3,0,258,954,954,0,51
TOP09cz,2021-09-12,14,0,14,0,3344,135,3209,21.9
VeslavM,2021-09-12,3,3,0,21,666,651,15,21.1
Vit_Rakusan,2021-09-12,1,1,0,195,296,268,28,118.8
volimtrikoloru,2021-09-12,12,12,0,85,238,182,56,5.7
Zbynek_Stanjura,2021-09-12,2,2,0,1856,31,25,6,25.6
ZdenekHrib,2021-09-12,1,1,0,47,884,782,102,171.5
alenaschillerov,2021-09-11,12,12,0,327,1582,1422,160,55.6
AndrejBabis,2021-09-11,11,3,8,481,3139,786,2353,129.5
honzabartosek,2021-09-11,2,2,0,4,385,382,3,46.6
Jan_Skopecek,2021-09-11,2,2,0,86,692,626,66,129.4
jana_cernochova,2021-09-11,1,1,0,118,708,688,20,65.8
JanLipavsky,2021-09-11,3,0,3,0,1812,330,1482,52.8
jhamacek,2021-09-11,1,1,0,86,507,382,125,57.3
kalousekm,2021-09-11,7,7,0,1264,2780,2732,48,1282.6
KarelHavlicek_,2021-09-11,11,10,1,355,1047,762,285,34.4
kducsl,2021-09-11,18,1,17,24,4334,348,3986,14.8
makupka,2021-09-11,1,1,0,67,190,165,25,110.5
market_a,2021-09-11,3,2,1,673,937,771,166,680.3
MartinBaxa2,2021-09-11,1,1,0,125,133,127,6,40.7
metnarl,2021-09-11,1,1,0,31,169,131,38,12.1
MJureka,2021-09-11,7,6,1,906,1485,1300,185,283.8
ODScz,2021-09-11,15,6,9,367,3731,1220,2511,155.8
P_Fiala,2021-09-11,10,6,4,1359,989,621,368,245.1
PavelSehnal64,2021-09-11,1,1,0,4,73,73,0,0.4
PiratIvanBartos,2021-09-11,1,1,0,314,811,758,53,294.5
PiratskaStrana,2021-09-11,1,0,1,0,1460,605,855,88.8
Pospisil_Jiri,2021-09-11,2,1,1,72,447,379,68,99.1
SpoluKoalice,2021-09-11,45,3,42,702,4105,305,3800,62.7
STANcz,2021-09-11,4,0,4,0,1031,289,742,19.7
TomasZdechovsky,2021-09-11,42,29,13,693,7607,5796,1811,329.2
tomio_cz,2021-09-11,2,2,0,566,951,951,0,50.8
VeslavM,2021-09-11,1,1,0,0,663,648,15,21
Vit_Rakusan,2021-09-11,13,13,0,831,295,267,28,118.6
volimtrikoloru,2021-09-11,4,0,4,0,226,170,56,5.6
Zbynek_Stanjura,2021-09-11,2,2,0,326,29,23,6,23.7
ZdenekHrib,2021-09-11,1,1,0,123,883,781,102,171.5
zeleni_cz,2021-09-11,7,6,1,246,813,539,274,15.8
alenaschillerov,2021-09-10,15,15,0,485,1570,1410,160,55.3
AndrejBabis,2021-09-10,19,4,15,339,3128,783,2345,129.1
honzabartosek,2021-09-10,1,1,0,164,383,380,3,46.6
Jan_Skopecek,2021-09-10,4,4,0,778,690,624,66,129.3
jana_cernochova,2021-09-10,3,3,0,82,707,687,20,65.7
JanLipavsky,2021-09-10,3,0,3,0,1809,330,1479,52.8
jhamacek,2021-09-10,2,2,0,288,506,381,125,57.2
kalousekm,2021-09-10,8,8,0,3837,2773,2725,48,1281.3
KarelHavlicek_,2021-09-10,6,5,1,272,1036,752,284,34.1
kducsl,2021-09-10,15,1,14,17,4316,347,3969,14.8
makupka,2021-09-10,1,1,0,2521,189,164,25,110.4
market_a,2021-09-10,2,1,1,438,934,769,165,679.6
metnarl,2021-09-10,3,3,0,146,168,130,38,12.1
MJureka,2021-09-10,3,2,1,930,1478,1294,184,282.9
ODScz,2021-09-10,15,8,7,1564,3716,1214,2502,155.4
P_Fiala,2021-09-10,3,2,1,329,979,615,364,243.7
PavelSehnal64,2021-09-10,1,1,0,0,72,72,0,0.4
PiratIvanBartos,2021-09-10,4,2,2,840,810,757,53,294.2
PiratskaStrana,2021-09-10,11,7,4,1502,1459,605,854,88.8
Pospisil_Jiri,2021-09-10,2,1,1,239,445,378,67,99.1
SpoluKoalice,2021-09-10,17,3,14,821,4060,302,3758,62
STANcz,2021-09-10,7,1,6,84,1027,289,738,19.7
TomasCzernin,2021-09-10,2,2,0,301,187,182,5,99.4
TomasZdechovsky,2021-09-10,22,13,9,1998,7565,5767,1798,328.5
tomio_cz,2021-09-10,2,2,0,182,949,949,0,50.2
TOP09cz,2021-09-10,25,0,25,0,3330,135,3195,21.9
VeslavM,2021-09-10,21,19,2,342,662,647,15,21
Vit_Rakusan,2021-09-10,5,5,0,981,282,254,28,117.8
volimtrikoloru,2021-09-10,1,0,1,0,222,170,52,5.6
zeleni_cz,2021-09-10,11,11,0,632,806,533,273,15.5
alenaschillerov,2021-09-09,11,11,0,228,1555,1395,160,54.8
AndrejBabis,2021-09-09,11,7,4,521,3109,779,2330,128.7
honzabartosek,2021-09-09,1,1,0,217,382,379,3,46.5
Jan_Skopecek,2021-09-09,6,6,0,761,686,620,66,128.5
JanLipavsky,2021-09-09,6,0,6,0,1806,330,1476,52.8
jhamacek,2021-09-09,1,0,1,0,504,379,125,56.9
kalousekm,2021-09-09,26,26,0,2474,2765,2717,48,1277.5
KarelHavlicek_,2021-09-09,8,8,0,235,1030,747,283,33.8
kducsl,2021-09-09,15,0,15,0,4301,346,3955,14.8
makupka,2021-09-09,1,1,0,119,188,163,25,107.9
market_a,2021-09-09,5,4,1,1162,932,768,164,679.2
MartinBaxa2,2021-09-09,1,1,0,1125,132,126,6,40.6
MJureka,2021-09-09,18,17,1,2743,1475,1292,183,282
ODScz,2021-09-09,22,11,11,657,3701,1206,2495,153.9
olgarichterova,2021-09-09,3,3,0,222,550,511,39,42.9
P_Fiala,2021-09-09,8,2,6,673,976,613,363,243.4
PavelSehnal64,2021-09-09,1,1,0,3,71,71,0,0.4
PiratIvanBartos,2021-09-09,3,3,0,1779,806,755,51,293.4
PiratskaStrana,2021-09-09,7,3,4,730,1448,598,850,87.3
Pospisil_Jiri,2021-09-09,1,1,0,227,443,377,66,98.8
SpoluKoalice,2021-09-09,40,1,39,170,4043,299,3744,61.2
STANcz,2021-09-09,6,1,5,107,1020,288,732,19.6
TomasZdechovsky,2021-09-09,40,26,14,1381,7543,5754,1789,326.5
tomio_cz,2021-09-09,3,3,0,173,947,947,0,50
TOP09cz,2021-09-09,19,0,19,0,3305,135,3170,21.9
VeslavM,2021-09-09,4,4,0,102,641,628,13,20.7
Vit_Rakusan,2021-09-09,2,2,0,1056,277,249,28,116.8
volimtrikoloru,2021-09-09,2,2,0,101,221,170,51,5.6
vonpecka,2021-09-09,3,2,1,8,791,556,235,15.7
ZdenekHrib,2021-09-09,2,0,2,0,882,780,102,171.3
zeleni_cz,2021-09-09,9,8,1,68,795,522,273,14.9
alenaschillerov,2021-09-08,8,8,0,164,1544,1384,160,54.6
AndrejBabis,2021-09-08,15,6,9,723,3098,772,2326,128.2
honzabartosek,2021-09-08,3,3,0,5,381,378,3,46.3
Jan_Skopecek,2021-09-08,4,4,0,2288,680,614,66,127.7
jana_cernochova,2021-09-08,1,1,0,382,704,684,20,65.6
JanLipavsky,2021-09-08,2,0,2,0,1800,330,1470,52.8
jhamacek,2021-09-08,1,1,0,135,503,379,124,56.9
kalousekm,2021-09-08,11,11,0,1493,2739,2691,48,1275
KarelHavlicek_,2021-09-08,4,3,1,102,1022,739,283,33.6
kducsl,2021-09-08,23,2,21,109,4286,346,3940,14.8
makupka,2021-09-08,1,1,0,235,187,162,25,107.8
market_a,2021-09-08,5,3,2,2413,927,764,163,678
metnarl,2021-09-08,1,0,1,0,165,127,38,12
MJureka,2021-09-08,16,15,1,1366,1457,1275,182,279.2
ODScz,2021-09-08,22,9,13,1195,3679,1195,2484,153.2
olgarichterova,2021-09-08,3,2,1,84,547,508,39,42.7
P_Fiala,2021-09-08,11,2,9,454,968,611,357,242.7
PiratskaStrana,2021-09-08,2,0,2,0,1441,595,846,86.5
Pospisil_Jiri,2021-09-08,2,1,1,105,442,376,66,98.6
RobertSlachta,2021-09-08,9,3,6,341,198,120,78,4.3
SpoluKoalice,2021-09-08,30,5,25,657,4003,298,3705,61
STANcz,2021-09-08,10,2,8,140,1014,287,727,19.5
TomasZdechovsky,2021-09-08,40,27,13,1166,7503,5728,1775,325.1
tomio_cz,2021-09-08,4,4,0,254,944,944,0,49.8
TOP09cz,2021-09-08,16,0,16,0,3286,135,3151,21.9
VeslavM,2021-09-08,7,7,0,273,637,624,13,20.6
Vit_Rakusan,2021-09-08,2,2,0,402,275,247,28,115.8
volimtrikoloru,2021-09-08,2,0,2,0,219,168,51,5.5
vonpecka,2021-09-08,2,2,0,71,788,554,234,15.7
ZdenekHrib,2021-09-08,2,2,0,586,880,780,100,171.3
zeleni_cz,2021-09-08,28,27,1,605,786,514,272,14.8
alenaschillerov,2021-09-07,9,8,1,219,1536,1376,160,54.4
AndrejBabis,2021-09-07,25,3,22,690,3083,766,2317,127.5
honzabartosek,2021-09-07,2,2,0,322,378,375,3,46.3
Jan_Skopecek,2021-09-07,3,2,1,74,676,610,66,125.5
jana_cernochova,2021-09-07,1,1,0,118,703,683,20,65.2
JanLipavsky,2021-09-07,7,0,7,0,1798,330,1468,52.8
kalousekm,2021-09-07,15,15,0,2846,2728,2680,48,1273.5
KarelHavlicek_,2021-09-07,8,3,5,185,1018,736,282,33.5
kducsl,2021-09-07,20,0,20,0,4263,344,3919,14.7
makupka,2021-09-07,1,1,0,792,186,161,25,107.5
market_a,2021-09-07,3,3,0,2230,922,761,161,675.6
MartinBaxa2,2021-09-07,1,0,1,0,131,125,6,39.5
metnarl,2021-09-07,1,1,0,43,164,127,37,12
MJureka,2021-09-07,4,4,0,3930,1441,1260,181,277.8
ODScz,2021-09-07,16,10,6,1617,3657,1186,2471,152
olgarichterova,2021-09-07,1,1,0,163,544,506,38,42.6
P_Fiala,2021-09-07,5,3,2,1073,957,609,348,242.3
PavelSehnal64,2021-09-07,1,1,0,8,70,70,0,0.4
PiratIvanBartos,2021-09-07,2,2,0,445,803,752,51,291.6
PiratskaStrana,2021-09-07,2,0,2,0,1439,595,844,86.5
Pospisil_Jiri,2021-09-07,2,0,2,0,440,375,65,98.5
SpoluKoalice,2021-09-07,25,3,22,468,3973,293,3680,60.4
STANcz,2021-09-07,7,2,5,444,1004,285,719,19.4
TomasCzernin,2021-09-07,1,1,0,155,185,180,5,99.1
TomasZdechovsky,2021-09-07,50,42,8,875,7463,5701,1762,324
tomio_cz,2021-09-07,2,2,0,232,940,940,0,49.6
TOP09cz,2021-09-07,26,1,25,214,3270,135,3135,21.9
VeslavM,2021-09-07,1,1,0,0,630,617,13,20.3
volimtrikoloru,2021-09-07,7,4,3,113,217,168,49,5.5
vonpecka,2021-09-07,3,2,1,53,786,552,234,15.6
ZdenekHrib,2021-09-07,8,6,2,3320,878,778,100,170.8
zeleni_cz,2021-09-07,12,12,0,102,758,487,271,14.2
alenaschillerov,2021-09-06,18,18,0,443,1527,1368,159,54.2
AndrejBabis,2021-09-06,20,8,12,978,3058,763,2295,126.8
honzabartosek,2021-09-06,2,2,0,647,376,373,3,45.9
Jan_Skopecek,2021-09-06,2,2,0,631,673,608,65,125.4
jana_cernochova,2021-09-06,12,12,0,559,702,682,20,65.1
JanLipavsky,2021-09-06,3,0,3,0,1791,330,1461,52.8
jhamacek,2021-09-06,2,2,0,111,502,378,124,56.7
kalousekm,2021-09-06,5,5,0,2296,2713,2665,48,1270.7
KarelHavlicek_,2021-09-06,9,6,3,248,1010,733,277,33.3
kducsl,2021-09-06,14,0,14,0,4243,344,3899,14.7
market_a,2021-09-06,6,4,2,3485,919,758,161,673.4
milionchvilek,2021-09-06,1,1,0,99,314,213,101,44.6
MJureka,2021-09-06,1,1,0,23,1437,1256,181,273.9
ODScz,2021-09-06,20,11,9,1118,3641,1176,2465,150.4
olgarichterova,2021-09-06,1,0,1,0,543,505,38,42.5
P_Fiala,2021-09-06,7,2,5,1006,952,606,346,241.2
PiratIvanBartos,2021-09-06,3,2,1,1367,801,750,51,291.1
PiratskaStrana,2021-09-06,4,3,1,771,1437,595,842,86.5
Pospisil_Jiri,2021-09-06,1,1,0,109,438,375,63,98.5
SpoluKoalice,2021-09-06,28,2,26,334,3948,290,3658,59.9
STANcz,2021-09-06,3,1,2,111,997,283,714,18.9
TomasZdechovsky,2021-09-06,57,45,12,2188,7413,5659,1754,323.1
tomio_cz,2021-09-06,3,3,0,126,938,938,0,49.4
TOP09cz,2021-09-06,29,0,29,0,3244,134,3110,21.7
VeslavM,2021-09-06,3,3,0,56,629,616,13,20.3
Vit_Rakusan,2021-09-06,2,2,0,470,273,245,28,115.4
volimtrikoloru,2021-09-06,1,0,1,0,210,164,46,5.4
vonpecka,2021-09-06,2,1,1,20,783,550,233,15.6
ZdenekHrib,2021-09-06,2,1,1,354,870,772,98,167.4
zeleni_cz,2021-09-06,6,5,1,472,746,475,271,14.1
alenaschillerov,2021-09-05,5,4,1,134,1509,1350,159,53.8
AndrejBabis,2021-09-05,10,2,8,502,3038,755,2283,125.8
Jan_Skopecek,2021-09-05,1,1,0,1582,671,606,65,124.8
jana_cernochova,2021-09-05,8,8,0,1014,690,670,20,64.5
kalousekm,2021-09-05,7,7,0,6116,2708,2660,48,1268.4
KarelHavlicek_,2021-09-05,6,4,2,286,1001,727,274,33
kducsl,2021-09-05,15,4,11,325,4229,344,3885,14.7
makupka,2021-09-05,1,1,0,1162,185,160,25,106.8
market_a,2021-09-05,1,1,0,2085,913,754,159,669.9
metnarl,2021-09-05,1,1,0,42,163,126,37,11.9
MJureka,2021-09-05,4,4,0,2024,1436,1255,181,273.9
ODScz,2021-09-05,17,10,7,1923,3621,1165,2456,149.3
P_Fiala,2021-09-05,9,3,6,3812,945,604,341,240.2
PiratIvanBartos,2021-09-05,1,1,0,650,798,748,50,289.8
PiratskaStrana,2021-09-05,4,2,2,163,1433,592,841,85.8
Pospisil_Jiri,2021-09-05,1,1,0,348,437,374,63,98.4
RobertSlachta,2021-09-05,1,1,0,9,189,117,72,4
SpoluKoalice,2021-09-05,21,1,20,612,3920,288,3632,59.6
STANcz,2021-09-05,3,1,2,39,994,282,712,18.8
TomasZdechovsky,2021-09-05,25,15,10,2141,7356,5614,1742,320.9
tomio_cz,2021-09-05,4,4,0,193,935,935,0,49.2
TOP09cz,2021-09-05,5,1,4,347,3215,134,3081,21.7
VeslavM,2021-09-05,4,4,0,131,626,613,13,20.3
vojtafilip,2021-09-05,1,1,0,29,74,74,0,6.4
Zbynek_Stanjura,2021-09-05,1,0,1,0,27,21,6,23.4
zeleni_cz,2021-09-05,3,3,0,1,740,470,270,13.6
alenaschillerov,2021-09-04,4,4,0,174,1504,1346,158,53.6
czKSCM,2021-09-04,1,0,1,0,99,21,78,0.2
Jan_Skopecek,2021-09-04,5,4,1,435,670,605,65,123.2
jana_cernochova,2021-09-04,8,8,0,951,682,662,20,63.5
JanLipavsky,2021-09-04,1,0,1,0,1788,330,1458,52.8
jhamacek,2021-09-04,1,1,0,234,500,376,124,56.6
kalousekm,2021-09-04,3,3,0,6632,2701,2653,48,1262.3
KarelHavlicek_,2021-09-04,3,3,0,118,995,723,272,32.7
kducsl,2021-09-04,8,0,8,0,4214,340,3874,14.4
market_a,2021-09-04,3,1,2,310,912,753,159,667.8
MartinBaxa2,2021-09-04,2,2,0,253,130,125,5,39.5
MJureka,2021-09-04,1,1,0,1636,1432,1251,181,271.9
ODScz,2021-09-04,18,7,11,1025,3604,1155,2449,147.4
P_Fiala,2021-09-04,5,2,3,1322,936,601,335,236.4
PiratIvanBartos,2021-09-04,7,7,0,2020,797,747,50,289.1
PiratskaStrana,2021-09-04,8,4,4,1210,1429,590,839,85.6
Pospisil_Jiri,2021-09-04,1,0,1,0,436,373,63,98
SpoluKoalice,2021-09-04,5,0,5,0,3899,287,3612,58.9
STANcz,2021-09-04,3,2,1,418,991,281,710,18.8
TomasCzernin,2021-09-04,1,1,0,1741,184,179,5,99
TomasZdechovsky,2021-09-04,11,9,2,694,7331,5599,1732,318.8
tomio_cz,2021-09-04,4,4,0,306,931,931,0,49
VeslavM,2021-09-04,2,2,0,2,622,609,13,20.1
ZdenekHrib,2021-09-04,1,1,0,287,868,771,97,167.1
zeleni_cz,2021-09-04,2,2,0,87,737,467,270,13.6
alenaschillerov,2021-09-03,6,4,2,83,1500,1342,158,53.4
AndrejBabis,2021-09-03,17,6,11,890,3028,753,2275,125.3
Jan_Skopecek,2021-09-03,4,4,0,595,665,601,64,122.7
jana_cernochova,2021-09-03,3,3,0,595,674,654,20,62.6
JanLipavsky,2021-09-03,1,0,1,0,1787,330,1457,52.8
kalousekm,2021-09-03,6,6,0,3914,2698,2650,48,1255.6
KarelHavlicek_,2021-09-03,11,7,4,279,992,720,272,32.6
kducsl,2021-09-03,19,2,17,90,4206,340,3866,14.4
makupka,2021-09-03,1,1,0,1263,184,159,25,105.6
market_a,2021-09-03,1,1,0,440,909,752,157,667.5
metnarl,2021-09-03,3,3,0,171,162,125,37,11.9
MJureka,2021-09-03,4,4,0,731,1431,1250,181,270.2
ODScz,2021-09-03,29,14,15,1021,3586,1148,2438,146.3
P_Fiala,2021-09-03,5,2,3,914,931,599,332,235.1
PiratIvanBartos,2021-09-03,4,3,1,870,790,740,50,287.1
PiratskaStrana,2021-09-03,8,2,6,663,1421,586,835,84.4
Pospisil_Jiri,2021-09-03,2,2,0,263,435,373,62,98
SpoluKoalice,2021-09-03,29,2,27,988,3894,287,3607,58.9
STANcz,2021-09-03,5,1,4,92,988,279,709,18.4
TomasZdechovsky,2021-09-03,33,23,10,270,7320,5590,1730,318.1
tomio_cz,2021-09-03,3,3,0,275,927,927,0,48.7
TOP09cz,2021-09-03,11,0,11,0,3210,133,3077,21.3
VeslavM,2021-09-03,6,5,1,7,620,607,13,20.1
Vit_Rakusan,2021-09-03,1,1,0,223,271,243,28,114.9
volimtrikoloru,2021-09-03,3,0,3,0,209,164,45,5.4
vonpecka,2021-09-03,3,3,0,49,781,549,232,15.6
zeleni_cz,2021-09-03,15,13,2,363,735,465,270,13.6
alenaschillerov,2021-09-02,5,5,0,191,1494,1338,156,53.4
AndrejBabis,2021-09-02,3,1,2,192,3011,747,2264,124.4
czKSCM,2021-09-02,2,0,2,0,98,21,77,0.2
Jan_Skopecek,2021-09-02,7,6,1,481,661,597,64,122.1
jana_cernochova,2021-09-02,1,1,0,256,671,651,20,62
JanLipavsky,2021-09-02,5,0,5,0,1786,330,1456,52.8
jhamacek,2021-09-02,4,3,1,390,499,375,124,56.4
kalousekm,2021-09-02,12,12,0,6174,2692,2644,48,1251.7
KarelHavlicek_,2021-09-02,3,3,0,121,981,713,268,32.3
kducsl,2021-09-02,12,0,12,0,4187,338,3849,14.3
market_a,2021-09-02,5,4,1,3559,908,751,157,667
MartinBaxa2,2021-09-02,1,0,1,0,128,123,5,39.2
metnarl,2021-09-02,1,1,0,12,159,122,37,11.7
milionchvilek,2021-09-02,1,0,1,0,313,212,101,44.5
MJureka,2021-09-02,16,14,2,3217,1427,1246,181,269.5
ODScz,2021-09-02,13,9,4,888,3557,1134,2423,145.3
olgarichterova,2021-09-02,2,2,0,186,542,505,37,42.5
P_Fiala,2021-09-02,5,3,2,1651,926,597,329,234.1
PiratIvanBartos,2021-09-02,5,2,3,502,786,737,49,286.2
PiratskaStrana,2021-09-02,7,5,2,957,1413,584,829,83.7
Pospisil_Jiri,2021-09-02,2,2,0,1073,433,371,62,97.8
SpoluKoalice,2021-09-02,16,2,14,3118,3865,285,3580,58
STANcz,2021-09-02,10,0,10,0,983,278,705,18.3
TomasCzernin,2021-09-02,1,1,0,279,183,178,5,97.2
TomasZdechovsky,2021-09-02,38,29,9,2913,7287,5567,1720,317.8
tomio_cz,2021-09-02,1,1,0,61,924,924,0,48.5
TOP09cz,2021-09-02,15,0,15,0,3199,133,3066,21.3
VeslavM,2021-09-02,4,4,0,148,614,602,12,20.1
Vit_Rakusan,2021-09-02,3,3,0,731,270,242,28,114.7
volimtrikoloru,2021-09-02,5,4,1,103,206,164,42,5.4
Zbynek_Stanjura,2021-09-02,1,0,1,0,26,21,5,23.4
ZdenekHrib,2021-09-02,1,0,1,0,867,770,97,166.8
zeleni_cz,2021-09-02,4,3,1,61,720,452,268,13.2
alenaschillerov,2021-09-01,11,11,0,313,1489,1333,156,53.2
AndrejBabis,2021-09-01,16,8,8,714,3008,746,2262,124.2
general_pavel,2021-09-01,1,1,0,328,171,170,1,108.5
Jan_Skopecek,2021-09-01,4,4,0,172,654,591,63,121.7
jana_cernochova,2021-09-01,3,3,0,255,670,650,20,61.7
JanLipavsky,2021-09-01,3,1,2,96,1781,330,1451,52.8
jhamacek,2021-09-01,3,2,1,91,495,372,123,56
kalousekm,2021-09-01,20,20,0,6146,2680,2632,48,1245.5
KarelHavlicek_,2021-09-01,2,2,0,69,978,710,268,32.2
kducsl,2021-09-01,28,7,21,1434,4175,338,3837,14.3
makupka,2021-09-01,1,1,0,48,183,158,25,104.3
market_a,2021-09-01,5,4,1,3191,903,747,156,663.5
MartinBaxa2,2021-09-01,1,1,0,568,127,123,4,39.2
milionchvilek,2021-09-01,1,1,0,616,312,212,100,44.5
MJureka,2021-09-01,2,2,0,1116,1411,1232,179,266.3
ODScz,2021-09-01,17,6,11,290,3544,1125,2419,144.4
olgarichterova,2021-09-01,1,1,0,1645,540,503,37,42.3
P_Fiala,2021-09-01,10,7,3,2470,921,594,327,232.5
PiratIvanBartos,2021-09-01,10,8,2,1278,781,735,46,285.7
PiratskaStrana,2021-09-01,15,9,6,2620,1406,579,827,82.8
Pospisil_Jiri,2021-09-01,3,2,1,365,431,369,62,96.7
RobertSlachta,2021-09-01,1,0,1,0,188,116,72,3.9
SpoluKoalice,2021-09-01,31,3,28,296,3849,283,3566,54.8
STANcz,2021-09-01,12,1,11,546,973,278,695,18.3
TomasCzernin,2021-09-01,1,1,0,892,182,177,5,96.9
TomasZdechovsky,2021-09-01,65,42,23,2420,7249,5538,1711,314.9
tomio_cz,2021-09-01,2,2,0,143,923,923,0,48.4
TOP09cz,2021-09-01,24,1,23,207,3184,133,3051,21.3
VeslavM,2021-09-01,1,1,0,132,610,598,12,20
Vit_Rakusan,2021-09-01,6,6,0,1517,267,239,28,114
volimtrikoloru,2021-09-01,1,0,1,0,201,160,41,5.3
vonpecka,2021-09-01,3,1,2,10,778,546,232,15.5
ZdenekHrib,2021-09-01,4,4,0,479,866,770,96,166.8
zeleni_cz,2021-09-01,1,1,0,0,716,449,267,13.1
alenaschillerov,2021-08-31,8,8,0,211,1478,1322,156,52.9
AndrejBabis,2021-08-31,13,6,7,402,2992,738,2254,123.5
honzabartosek,2021-08-31,1,1,0,434,374,371,3,45.3
Jan_Skopecek,2021-08-31,6,6,0,551,650,587,63,121.5
jana_cernochova,2021-08-31,1,1,0,175,667,647,20,61.5
JanLipavsky,2021-08-31,2,0,2,0,1778,329,1449,52.7
jhamacek,2021-08-31,2,1,1,28,492,370,122,55.9
kalousekm,2021-08-31,20,19,1,5328,2660,2612,48,1239.4
KarelHavlicek_,2021-08-31,8,6,2,416,976,708,268,32.1
kducsl,2021-08-31,28,0,28,0,4147,331,3816,12.8
makupka,2021-08-31,1,1,0,376,182,157,25,104.3
market_a,2021-08-31,2,2,0,4927,898,743,155,660.3
MartinBaxa2,2021-08-31,1,0,1,0,126,122,4,38.7
metnarl,2021-08-31,1,1,0,35,158,121,37,11.7
milionchvilek,2021-08-31,2,2,0,202,311,211,100,43.9
MJureka,2021-08-31,10,10,0,1515,1409,1230,179,265.2
ODScz,2021-08-31,21,7,14,1006,3527,1119,2408,144.1
olgarichterova,2021-08-31,5,4,1,263,539,502,37,40.6
P_Fiala,2021-08-31,8,6,2,2905,911,587,324,230
PiratIvanBartos,2021-08-31,7,7,0,1777,771,727,44,284.4
PiratskaStrana,2021-08-31,9,5,4,186,1391,570,821,80.1
Pospisil_Jiri,2021-08-31,1,1,0,278,428,367,61,96.3
RobertSlachta,2021-08-31,7,4,3,240,187,116,71,3.9
SpoluKoalice,2021-08-31,30,2,28,360,3818,280,3538,54.5
STANcz,2021-08-31,56,39,17,1906,961,277,684,17.7
TomasCzernin,2021-08-31,2,2,0,751,181,176,5,96
TomasZdechovsky,2021-08-31,86,65,21,2120,7184,5496,1688,312.5
tomio_cz,2021-08-31,2,2,0,33,921,921,0,48.3
TOP09cz,2021-08-31,11,1,10,110,3160,132,3028,21.1
VeslavM,2021-08-31,12,12,0,2291,609,597,12,19.8
Vit_Rakusan,2021-08-31,2,2,0,1955,261,233,28,112.4
volimtrikoloru,2021-08-31,4,3,1,78,200,160,40,5.3
vonpecka,2021-08-31,3,3,0,31,775,545,230,15.5
zeleni_cz,2021-08-31,8,7,1,570,715,448,267,13.1
alenaschillerov,2021-08-30,6,6,0,220,1470,1314,156,52.6
AndrejBabis,2021-08-30,16,0,16,0,2979,732,2247,123.1
Jan_Skopecek,2021-08-30,2,2,0,229,644,581,63,120.9
jana_cernochova,2021-08-30,1,1,0,51,666,646,20,61.3
JanLipavsky,2021-08-30,2,0,2,0,1776,329,1447,52.7
kalousekm,2021-08-30,2,2,0,1677,2640,2593,47,1234.1
KarelHavlicek_,2021-08-30,11,8,3,261,968,702,266,31.7
kducsl,2021-08-30,19,2,17,64,4119,331,3788,12.8
makupka,2021-08-30,1,1,0,550,181,156,25,103.9
market_a,2021-08-30,3,3,0,2211,896,741,155,655.4
metnarl,2021-08-30,1,1,0,75,157,120,37,11.7
milionchvilek,2021-08-30,1,1,0,687,309,209,100,43.7
MJureka,2021-08-30,3,3,0,899,1399,1220,179,263.7
ODScz,2021-08-30,17,12,5,275,3506,1112,2394,143.1
olgarichterova,2021-08-30,2,2,0,117,534,498,36,40.4
P_Fiala,2021-08-30,2,1,1,941,903,581,322,227.1
PiratIvanBartos,2021-08-30,7,6,1,2030,764,720,44,282.7
PiratskaStrana,2021-08-30,7,1,6,1287,1382,565,817,80
Pospisil_Jiri,2021-08-30,1,1,0,249,427,366,61,96.1
SpoluKoalice,2021-08-30,24,1,23,518,3788,278,3510,54.2
STANcz,2021-08-30,6,1,5,71,905,238,667,15.8
TomasCzernin,2021-08-30,1,1,0,472,179,174,5,95.3
TomasZdechovsky,2021-08-30,42,28,14,1580,7098,5431,1667,310.4
tomio_cz,2021-08-30,2,2,0,45,919,919,0,48.2
TOP09cz,2021-08-30,22,1,21,320,3149,131,3018,21
VeslavM,2021-08-30,3,3,0,557,597,585,12,17.6
Vit_Rakusan,2021-08-30,1,1,0,723,259,231,28,110.5
vojtafilip,2021-08-30,1,1,0,194,73,73,0,6.4
vonpecka,2021-08-30,3,1,2,36,772,542,230,15.5
ZdenekHrib,2021-08-30,2,0,2,0,862,766,96,166.3
zeleni_cz,2021-08-30,3,1,2,59,707,441,266,12.6
alenaschillerov,2021-08-29,4,2,2,140,1464,1308,156,52.4
AndrejBabis,2021-08-29,14,4,10,868,2963,732,2231,123.1
Jan_Skopecek,2021-08-29,3,2,1,140,642,579,63,120.7
JanLipavsky,2021-08-29,5,0,5,0,1774,329,1445,52.7
jhamacek,2021-08-29,1,1,0,6,490,369,121,55.9
kalousekm,2021-08-29,17,17,0,2317,2638,2591,47,1232.4
KarelHavlicek_,2021-08-29,5,2,3,303,957,694,263,31.5
kducsl,2021-08-29,11,5,6,310,4100,329,3771,12.8
Kuba_Martin,2021-08-29,9,9,0,748,1106,1106,0,135.8
market_a,2021-08-29,2,2,0,1778,893,738,155,653.2
MJureka,2021-08-29,6,6,0,1010,1396,1217,179,262.8
ODScz,2021-08-29,14,7,7,2365,3489,1100,2389,142.9
P_Fiala,2021-08-29,6,4,2,3572,901,580,321,226.2
RobertSlachta,2021-08-29,3,2,1,24,180,112,68,3.7
SpoluKoalice,2021-08-29,13,1,12,251,3764,277,3487,53.7
STANcz,2021-08-29,6,1,5,74,899,237,662,15.7
TomasZdechovsky,2021-08-29,2,0,2,0,7056,5403,1653,308.8
tomio_cz,2021-08-29,4,4,0,203,917,917,0,48.2
TOP09cz,2021-08-29,2,0,2,0,3127,130,2997,20.7
VeslavM,2021-08-29,16,15,1,2593,594,582,12,17
Vit_Rakusan,2021-08-29,1,1,0,979,258,230,28,109.8
volimtrikoloru,2021-08-29,1,0,1,0,196,157,39,5.2
vonpecka,2021-08-29,1,0,1,0,769,541,228,15.4
zeleni_cz,2021-08-29,6,5,1,243,704,440,264,12.5
alenaschillerov,2021-08-28,5,4,1,164,1460,1306,154,52.3
AndrejBabis,2021-08-28,13,2,11,470,2949,728,2221,122.2
Jan_Skopecek,2021-08-28,6,6,0,741,639,577,62,120.6
JanLipavsky,2021-08-28,2,0,2,0,1769,329,1440,52.7
kalousekm,2021-08-28,6,6,0,3471,2621,2574,47,1230.1
KarelHavlicek_,2021-08-28,6,5,1,225,952,692,260,31.2
kducsl,2021-08-28,5,0,5,0,4089,324,3765,12.5
market_a,2021-08-28,2,2,0,1535,891,736,155,651.4
MartinBaxa2,2021-08-28,1,0,1,0,125,122,3,38.7
MJureka,2021-08-28,1,1,0,12,1390,1211,179,261.7
ODScz,2021-08-28,8,2,6,326,3475,1093,2382,140.5
P_Fiala,2021-08-28,2,2,0,682,895,576,319,222.6
Pospisil_Jiri,2021-08-28,2,1,1,279,426,365,61,95.8
RobertSlachta,2021-08-28,1,0,1,0,177,110,67,3.7
SpoluKoalice,2021-08-28,23,1,22,505,3751,276,3475,53.4
STANcz,2021-08-28,9,1,8,35,893,236,657,15.7
tomio_cz,2021-08-28,3,3,0,212,913,913,0,48
TOP09cz,2021-08-28,16,0,16,0,3125,130,2995,20.7
VeslavM,2021-08-28,2,2,0,88,578,567,11,14.4
Vit_Rakusan,2021-08-28,1,1,0,458,257,229,28,108.8
zeleni_cz,2021-08-28,8,7,1,178,698,435,263,12.3
alenaschillerov,2021-08-27,8,7,1,214,1455,1302,153,52.1
AndrejBabis,2021-08-27,22,8,14,781,2936,726,2210,121.8
Jan_Skopecek,2021-08-27,8,8,0,425,633,571,62,119.8
jana_cernochova,2021-08-27,4,4,0,678,665,645,20,61.3
JanLipavsky,2021-08-27,4,1,3,51,1767,329,1438,52.7
jhamacek,2021-08-27,1,1,0,36,489,368,121,55.9
kalousekm,2021-08-27,16,16,0,10665,2615,2568,47,1226.6
KarelHavlicek_,2021-08-27,5,5,0,244,946,687,259,30.9
kducsl,2021-08-27,10,0,10,0,4084,324,3760,12.5
makupka,2021-08-27,1,1,0,1619,180,155,25,103.4
market_a,2021-08-27,5,5,0,2343,889,734,155,649.8
metnarl,2021-08-27,2,2,0,172,156,119,37,11.6
milionchvilek,2021-08-27,6,5,1,2421,308,208,100,43
ODScz,2021-08-27,21,10,11,516,3467,1091,2376,140.2
olgarichterova,2021-08-27,2,2,0,147,532,496,36,40.2
P_Fiala,2021-08-27,6,5,1,2434,893,574,319,221.9
PiratIvanBartos,2021-08-27,2,2,0,1166,757,714,43,280.6
PiratskaStrana,2021-08-27,4,1,3,79,1375,564,811,78.7
RobertSlachta,2021-08-27,1,1,0,4,176,110,66,3.7
SpoluKoalice,2021-08-27,16,2,14,162,3728,275,3453,52.9
STANcz,2021-08-27,5,0,5,0,884,235,649,15.6
TomasZdechovsky,2021-08-27,42,33,9,2424,7054,5403,1651,308.8
tomio_cz,2021-08-27,4,4,0,175,910,910,0,47.8
TOP09cz,2021-08-27,11,0,11,0,3109,130,2979,20.7
VeslavM,2021-08-27,8,8,0,143,576,565,11,14.3
Vit_Rakusan,2021-08-27,3,3,0,700,256,228,28,108.3
ZdenekHrib,2021-08-27,3,3,0,344,860,766,94,166.3
zeleni_cz,2021-08-27,13,12,1,389,690,428,262,12.1
alenaschillerov,2021-08-26,8,8,0,277,1447,1295,152,51.9
AndrejBabis,2021-08-26,12,0,12,0,2914,718,2196,121
Jan_Skopecek,2021-08-26,2,2,0,179,625,563,62,119.4
jana_cernochova,2021-08-26,8,8,0,2280,661,641,20,60.6
JanLipavsky,2021-08-26,6,1,5,1,1763,328,1435,52.7
kalousekm,2021-08-26,16,15,1,3724,2599,2552,47,1215.9
KarelHavlicek_,2021-08-26,8,4,4,201,941,682,259,30.7
kducsl,2021-08-26,21,3,18,162,4074,324,3750,12.5
market_a,2021-08-26,4,4,0,1633,884,729,155,647.5
milionchvilek,2021-08-26,1,1,0,22,302,203,99,40.6
MJureka,2021-08-26,4,3,1,401,1389,1210,179,261.7
ODScz,2021-08-26,24,11,13,673,3446,1081,2365,139.6
olgarichterova,2021-08-26,2,1,1,264,530,494,36,40.1
P_Fiala,2021-08-26,18,3,15,691,887,569,318,219.5
PiratIvanBartos,2021-08-26,8,8,0,889,755,712,43,279.5
PiratskaStrana,2021-08-26,4,0,4,0,1371,563,808,78.6
Pospisil_Jiri,2021-08-26,2,1,1,400,424,364,60,95.5
RobertSlachta,2021-08-26,1,0,1,0,175,109,66,3.7
SpoluKoalice,2021-08-26,23,2,21,556,3712,273,3439,52.7
STANcz,2021-08-26,7,0,7,0,879,235,644,15.6
TomasCzernin,2021-08-26,2,2,0,334,178,173,5,94.8
TomasZdechovsky,2021-08-26,39,25,14,1348,7012,5370,1642,306.4
tomio_cz,2021-08-26,3,3,0,230,906,906,0,47.6
TOP09cz,2021-08-26,22,1,21,229,3098,130,2968,20.7
VeslavM,2021-08-26,4,4,0,338,568,557,11,14.2
Vit_Rakusan,2021-08-26,5,5,0,921,253,225,28,107.6
volimtrikoloru,2021-08-26,2,2,0,49,195,157,38,5.2
zeleni_cz,2021-08-26,14,14,0,289,677,416,261,11.7
alenaschillerov,2021-08-25,8,8,0,213,1439,1287,152,51.6
AndrejBabis,2021-08-25,23,7,16,682,2902,718,2184,121
general_pavel,2021-08-25,1,1,0,238,170,169,1,108.1
honzabartosek,2021-08-25,1,1,0,44,373,370,3,44.8
Jan_Skopecek,2021-08-25,4,3,1,2125,623,561,62,119.2
JanLipavsky,2021-08-25,5,0,5,0,1757,327,1430,52.7
kalousekm,2021-08-25,8,7,1,3751,2583,2537,46,1212.2
KarelHavlicek_,2021-08-25,7,5,2,356,933,678,255,30.5
kducsl,2021-08-25,32,2,30,120,4053,321,3732,12.3
Kuba_Martin,2021-08-25,21,21,0,4185,1097,1097,0,135.1
makupka,2021-08-25,2,0,2,0,179,154,25,101.7
market_a,2021-08-25,2,2,0,1436,880,725,155,645.9
MartinBaxa2,2021-08-25,1,0,1,0,124,122,2,38.7
metnarl,2021-08-25,5,5,0,211,154,117,37,11.4
milionchvilek,2021-08-25,1,1,0,208,301,202,99,40.6
MJureka,2021-08-25,5,5,0,1488,1385,1207,178,261.3
ODScz,2021-08-25,28,12,16,1957,3422,1070,2352,139
P_Fiala,2021-08-25,9,3,6,3233,869,566,303,218.8
PiratIvanBartos,2021-08-25,2,2,0,2969,747,704,43,278.6
PiratskaStrana,2021-08-25,4,0,4,0,1367,563,804,78.6
Pospisil_Jiri,2021-08-25,1,1,0,36,422,363,59,95.1
RobertSlachta,2021-08-25,2,0,2,0,174,109,65,3.7
SpoluKoalice,2021-08-25,22,3,19,625,3689,271,3418,52.2
STANcz,2021-08-25,2,0,2,0,872,235,637,15.6
TomasZdechovsky,2021-08-25,56,39,17,1916,6973,5345,1628,305
tomio_cz,2021-08-25,4,4,0,413,903,903,0,47.4
TOP09cz,2021-08-25,20,1,19,90,3076,129,2947,20.5
VeslavM,2021-08-25,7,7,0,154,564,553,11,13.8
volimtrikoloru,2021-08-25,3,2,1,51,193,155,38,5.1
vonpecka,2021-08-25,1,0,1,0,768,541,227,15.4
zeleni_cz,2021-08-25,4,4,0,126,663,402,261,11.4
alenaschillerov,2021-08-24,10,8,2,230,1431,1279,152,51.4
AndrejBabis,2021-08-24,17,5,12,413,2879,711,2168,120.3
general_pavel,2021-08-24,1,1,0,127,169,168,1,107.9
honzabartosek,2021-08-24,2,2,0,73,372,369,3,44.8
Jan_Skopecek,2021-08-24,4,4,0,257,619,558,61,117.1
jana_cernochova,2021-08-24,4,4,0,48,653,633,20,58.3
JanLipavsky,2021-08-24,2,0,2,0,1752,327,1425,52.7
kalousekm,2021-08-24,15,15,0,6457,2575,2530,45,1208.5
KarelHavlicek_,2021-08-24,4,2,2,119,926,673,253,30.1
kducsl,2021-08-24,10,2,8,97,4021,319,3702,12.2
Kuba_Martin,2021-08-24,20,20,0,234,1076,1076,0,130.9
makupka,2021-08-24,1,1,0,1563,177,154,23,101.7
market_a,2021-08-24,3,2,1,1166,878,723,155,644.4
MJureka,2021-08-24,2,2,0,433,1380,1202,178,259.8
ODScz,2021-08-24,12,3,9,324,3394,1058,2336,137
P_Fiala,2021-08-24,6,2,4,1042,860,563,297,215.6
PiratIvanBartos,2021-08-24,4,4,0,386,745,702,43,275.6
PiratskaStrana,2021-08-24,3,1,2,152,1363,563,800,78.6
Pospisil_Jiri,2021-08-24,1,1,0,159,421,362,59,95.1
RobertSlachta,2021-08-24,1,0,1,0,172,109,63,3.7
SpoluKoalice,2021-08-24,13,2,11,411,3667,268,3399,51.6
STANcz,2021-08-24,4,1,3,73,870,235,635,15.6
TomasCzernin,2021-08-24,1,1,0,244,176,171,5,94.5
TomasZdechovsky,2021-08-24,31,24,7,2194,6917,5306,1611,303.1
tomio_cz,2021-08-24,6,6,0,229,899,899,0,46.9
TOP09cz,2021-08-24,21,1,20,532,3056,128,2928,20.4
VeslavM,2021-08-24,1,0,1,0,557,546,11,13.7
Vit_Rakusan,2021-08-24,1,0,1,0,248,220,28,106.7
volimtrikoloru,2021-08-24,7,3,4,109,190,153,37,5.1
vonpecka,2021-08-24,2,1,1,17,767,541,226,15.4
ZdenekHrib,2021-08-24,1,1,0,307,857,763,94,166
zeleni_cz,2021-08-24,11,10,1,780,659,398,261,11.3
alenaschillerov,2021-08-23,10,10,0,332,1421,1271,150,51.2
AndrejBabis,2021-08-23,11,1,10,86,2862,706,2156,119.9
general_pavel,2021-08-23,1,1,0,455,168,167,1,107.8
honzabartosek,2021-08-23,2,2,0,81,370,367,3,44.7
Jan_Skopecek,2021-08-23,2,2,0,316,615,554,61,116.8
jana_cernochova,2021-08-23,6,5,1,61,649,629,20,58.2
JanLipavsky,2021-08-23,4,0,4,0,1750,327,1423,52.7
kalousekm,2021-08-23,12,11,1,4330,2560,2515,45,1202
KarelHavlicek_,2021-08-23,5,4,1,356,922,671,251,30
kducsl,2021-08-23,19,3,16,128,4011,317,3694,12.1
Kuba_Martin,2021-08-23,6,6,0,371,1056,1056,0,130.7
makupka,2021-08-23,1,1,0,1174,176,153,23,100.2
market_a,2021-08-23,3,3,0,2664,875,721,154,643.3
MJureka,2021-08-23,3,3,0,245,1378,1200,178,259.4
ODScz,2021-08-23,18,7,11,1515,3382,1055,2327,136.7
olgarichterova,2021-08-23,2,1,1,414,528,493,35,39.8
P_Fiala,2021-08-23,6,4,2,1839,854,561,293,214.5
PiratIvanBartos,2021-08-23,5,5,0,1098,741,698,43,275.2
PiratskaStrana,2021-08-23,12,11,1,1137,1360,562,798,78.4
Pospisil_Jiri,2021-08-23,1,1,0,791,420,361,59,94.9
RobertSlachta,2021-08-23,1,0,1,0,171,109,62,3.7
SpoluKoalice,2021-08-23,12,0,12,0,3654,266,3388,51.2
TomasCzernin,2021-08-23,2,2,0,1950,175,170,5,94.2
TomasZdechovsky,2021-08-23,42,32,10,1459,6886,5282,1604,300.9
tomio_cz,2021-08-23,5,5,0,164,893,893,0,46.7
TOP09cz,2021-08-23,25,1,24,98,3035,127,2908,19.8
volimtrikoloru,2021-08-23,3,1,2,96,183,150,33,5
zeleni_cz,2021-08-23,8,8,0,584,648,388,260,10.5
alenaschillerov,2021-08-22,5,4,1,453,1411,1261,150,50.9
AndrejBabis,2021-08-22,8,3,5,737,2851,705,2146,119.8
honzabartosek,2021-08-22,1,1,0,230,368,365,3,44.7
Jan_Skopecek,2021-08-22,2,2,0,483,613,552,61,116.5
jana_cernochova,2021-08-22,13,13,0,3131,643,624,19,58.2
JanLipavsky,2021-08-22,6,0,6,0,1746,327,1419,52.7
jhamacek,2021-08-22,2,2,0,390,488,367,121,55.8
kalousekm,2021-08-22,8,8,0,1205,2548,2504,44,1197.7
KarelHavlicek_,2021-08-22,3,0,3,0,917,667,250,29.7
kducsl,2021-08-22,18,0,18,0,3992,314,3678,12
market_a,2021-08-22,1,1,0,3129,872,718,154,640.6
MartinBaxa2,2021-08-22,1,1,0,136,123,122,1,38.7
milionchvilek,2021-08-22,1,0,1,0,300,201,99,40.4
MJureka,2021-08-22,10,10,0,5028,1375,1197,178,259.2
ODScz,2021-08-22,12,5,7,592,3364,1048,2316,135.2
P_Fiala,2021-08-22,1,1,0,263,848,557,291,212.7
PiratIvanBartos,2021-08-22,1,1,0,2551,736,693,43,274.1
PiratskaStrana,2021-08-22,2,1,1,154,1348,551,797,77.3
Pospisil_Jiri,2021-08-22,1,1,0,115,419,360,59,94.1
RobertSlachta,2021-08-22,1,0,1,0,170,109,61,3.7
SpoluKoalice,2021-08-22,15,0,15,0,3642,266,3376,51.2
STANcz,2021-08-22,4,1,3,35,866,234,632,15.6
TomasCzernin,2021-08-22,2,1,1,976,173,168,5,92.3
TomasZdechovsky,2021-08-22,42,36,6,1138,6844,5250,1594,299.4
tomio_cz,2021-08-22,6,6,0,437,888,888,0,46.5
TOP09cz,2021-08-22,1,0,1,0,3010,126,2884,19.7
Vit_Rakusan,2021-08-22,4,4,0,4460,247,220,27,106.7
zeleni_cz,2021-08-22,3,3,0,54,640,380,260,9.9
alenaschillerov,2021-08-21,2,2,0,136,1406,1257,149,50.4
AndrejBabis,2021-08-21,3,1,2,345,2843,702,2141,119.1
general_pavel,2021-08-21,1,1,0,4506,167,166,1,107.3
honzabartosek,2021-08-21,1,1,0,47,367,364,3,44.4
Jan_Skopecek,2021-08-21,4,4,0,366,611,550,61,116
jana_cernochova,2021-08-21,15,15,0,914,630,611,19,55.1
JanLipavsky,2021-08-21,7,3,4,20,1740,327,1413,52.7
jhamacek,2021-08-21,1,1,0,214,486,365,121,55.5
KarelHavlicek_,2021-08-21,8,8,0,407,914,667,247,29.7
kducsl,2021-08-21,14,1,13,124,3974,314,3660,12
Kuba_Martin,2021-08-21,7,7,0,46,1050,1050,0,130.3
makupka,2021-08-21,1,1,0,143,175,152,23,99
market_a,2021-08-21,3,3,0,1035,871,717,154,637.5
metnarl,2021-08-21,1,1,0,95,149,112,37,11.2
milionchvilek,2021-08-21,2,2,0,208,299,201,98,40.4
MJureka,2021-08-21,1,1,0,154,1365,1187,178,254.1
ODScz,2021-08-21,16,2,14,231,3352,1043,2309,134.6
olgarichterova,2021-08-21,1,1,0,178,526,492,34,39.4
P_Fiala,2021-08-21,1,1,0,826,847,556,291,212.4
PiratIvanBartos,2021-08-21,3,3,0,598,735,692,43,271.6
Pospisil_Jiri,2021-08-21,1,1,0,136,418,359,59,94
SpoluKoalice,2021-08-21,13,2,11,258,3627,266,3361,51.2
STANcz,2021-08-21,5,0,5,0,862,233,629,15.5
TomasZdechovsky,2021-08-21,34,28,6,768,6802,5214,1588,298.3
tomio_cz,2021-08-21,5,5,0,365,882,882,0,46.1
TOP09cz,2021-08-21,9,0,9,0,3009,126,2883,19.7
Vit_Rakusan,2021-08-21,8,8,0,1299,243,216,27,102.2
vojtafilip,2021-08-21,1,1,0,62,72,72,0,6.2
volimtrikoloru,2021-08-21,2,2,0,63,180,149,31,4.9
ZdenekHrib,2021-08-21,6,5,1,741,856,762,94,165.7
zeleni_cz,2021-08-21,5,5,0,128,637,377,260,9.9
alenaschillerov,2021-08-20,7,7,0,225,1404,1255,149,50.3
AndrejBabis,2021-08-20,12,1,11,161,2840,701,2139,118.7
JanLipavsky,2021-08-20,6,4,2,365,1733,324,1409,52.6
jhamacek,2021-08-20,1,1,0,68,485,364,121,55.2
kalousekm,2021-08-20,31,31,0,6474,2540,2496,44,1196.5
KarelHavlicek_,2021-08-20,9,7,2,470,906,659,247,29.3
kducsl,2021-08-20,10,0,10,0,3960,313,3647,11.8
Kuba_Martin,2021-08-20,1,1,0,75,1043,1043,0,130.2
market_a,2021-08-20,2,1,1,864,868,714,154,636.4
MJureka,2021-08-20,3,2,1,162,1364,1186,178,254
ODScz,2021-08-20,10,3,7,598,3336,1041,2295,134.4
P_Fiala,2021-08-20,3,3,0,1270,846,555,291,211.6
PiratIvanBartos,2021-08-20,3,2,1,733,732,689,43,271
PiratskaStrana,2021-08-20,2,1,1,405,1346,550,796,77.2
SpoluKoalice,2021-08-20,3,1,2,371,3614,264,3350,50.9
STANcz,2021-08-20,5,3,2,325,857,233,624,15.5
TomasZdechovsky,2021-08-20,37,30,7,809,6768,5186,1582,297.5
tomio_cz,2021-08-20,4,4,0,312,877,877,0,45.7
TOP09cz,2021-08-20,11,2,9,121,3000,126,2874,19.7
Vit_Rakusan,2021-08-20,1,1,0,275,235,208,27,100.9
volimtrikoloru,2021-08-20,2,1,1,76,178,147,31,4.8
vonpecka,2021-08-20,1,1,0,9,765,540,225,15.4
ZdenekHrib,2021-08-20,1,0,1,0,850,757,93,164.9
zeleni_cz,2021-08-20,8,8,0,285,632,372,260,9.7
alenaschillerov,2021-08-19,7,5,2,123,1397,1248,149,50
AndrejBabis,2021-08-19,24,4,20,665,2828,700,2128,118.6
czKSCM,2021-08-19,3,1,2,4,96,21,75,0.2
general_pavel,2021-08-19,2,2,0,495,166,165,1,102.8
honzabartosek,2021-08-19,3,3,0,87,366,363,3,44.4
Jan_Skopecek,2021-08-19,2,2,0,407,607,546,61,115.7
jana_cernochova,2021-08-19,2,2,0,353,615,596,19,54.1
JanLipavsky,2021-08-19,2,0,2,0,1727,320,1407,52.3
kalousekm,2021-08-19,13,13,0,3283,2509,2465,44,1190
KarelHavlicek_,2021-08-19,4,3,1,164,897,652,245,28.8
kducsl,2021-08-19,24,7,17,152,3950,313,3637,11.8
market_a,2021-08-19,4,3,1,1958,866,713,153,635.6
metnarl,2021-08-19,2,1,1,104,148,111,37,11.1
MJureka,2021-08-19,12,9,3,1306,1361,1184,177,253.8
ODScz,2021-08-19,10,3,7,621,3326,1038,2288,133.8
olgarichterova,2021-08-19,1,1,0,307,525,491,34,39.2
P_Fiala,2021-08-19,2,2,0,302,843,552,291,210.3
PavelSehnal64,2021-08-19,1,1,0,5,69,69,0,0.4
PiratIvanBartos,2021-08-19,4,4,0,723,729,687,42,270.3
PiratskaStrana,2021-08-19,3,1,2,62,1344,549,795,76.7
Pospisil_Jiri,2021-08-19,1,1,0,20,417,358,59,93.9
RobertSlachta,2021-08-19,3,0,3,0,169,109,60,3.7
SpoluKoalice,2021-08-19,13,1,12,361,3611,263,3348,50.5
STANcz,2021-08-19,6,1,5,46,852,230,622,15.2
TomasCzernin,2021-08-19,1,1,0,26,171,167,4,91.3
TomasZdechovsky,2021-08-19,73,62,11,2420,6731,5156,1575,296.7
tomio_cz,2021-08-19,3,3,0,428,873,873,0,45.4
TOP09cz,2021-08-19,11,0,11,0,2989,124,2865,19.6
VeslavM,2021-08-19,2,2,0,0,556,546,10,13.7
Vit_Rakusan,2021-08-19,1,1,0,247,234,207,27,100.7
vojtafilip,2021-08-19,1,1,0,102,71,71,0,6.1
volimtrikoloru,2021-08-19,3,2,1,40,176,146,30,4.7
zeleni_cz,2021-08-19,13,13,0,482,624,364,260,9.4
alenaschillerov,2021-08-18,10,9,1,383,1390,1243,147,49.9
AndrejBabis,2021-08-18,9,1,8,297,2804,696,2108,117.9
Jan_Skopecek,2021-08-18,2,2,0,167,605,544,61,115.3
jana_cernochova,2021-08-18,2,2,0,102,613,594,19,53.8
JanLipavsky,2021-08-18,2,0,2,0,1725,320,1405,52.3
jhamacek,2021-08-18,5,3,2,187,484,363,121,55.2
kalousekm,2021-08-18,26,26,0,7663,2496,2452,44,1186.7
KarelHavlicek_,2021-08-18,1,0,1,0,893,649,244,28.6
kducsl,2021-08-18,10,1,9,23,3926,306,3620,11.7
makupka,2021-08-18,2,2,0,2227,174,151,23,98.9
market_a,2021-08-18,3,2,1,1534,862,710,152,633.6
MartinBaxa2,2021-08-18,1,1,0,753,122,121,1,38.5
metnarl,2021-08-18,5,2,3,442,146,110,36,11
milionchvilek,2021-08-18,1,1,0,99,297,199,98,40.1
MJureka,2021-08-18,5,4,1,0,1349,1175,174,252.5
ODScz,2021-08-18,25,12,13,663,3316,1035,2281,133.1
P_Fiala,2021-08-18,9,5,4,1434,841,550,291,210
PiratIvanBartos,2021-08-18,15,14,1,965,725,683,42,269.5
PiratskaStrana,2021-08-18,2,1,1,74,1341,548,793,76.7
Pospisil_Jiri,2021-08-18,1,1,0,726,416,357,59,93.9
RobertSlachta,2021-08-18,1,0,1,0,166,109,57,3.7
SpoluKoalice,2021-08-18,16,0,16,0,3598,262,3336,50.2
STANcz,2021-08-18,5,0,5,0,846,229,617,15.2
TomasCzernin,2021-08-18,1,1,0,297,170,166,4,91.3
TomasZdechovsky,2021-08-18,41,31,10,1533,6658,5094,1564,294.3
tomio_cz,2021-08-18,1,1,0,23,870,870,0,45
TOP09cz,2021-08-18,18,2,16,719,2978,124,2854,19.6
VeslavM,2021-08-18,14,14,0,51,554,544,10,13.7
Vit_Rakusan,2021-08-18,1,1,0,401,233,206,27,100.4
volimtrikoloru,2021-08-18,4,4,0,151,173,144,29,4.7
vonpecka,2021-08-18,2,0,2,0,764,539,225,15.4
ZdenekHrib,2021-08-18,1,0,1,0,849,757,92,164.9
zeleni_cz,2021-08-18,6,6,0,15,611,351,260,9
alenaschillerov,2021-08-17,5,5,0,134,1380,1234,146,49.5
AndrejBabis,2021-08-17,21,1,20,341,2795,695,2100,117.6
czKSCM,2021-08-17,1,0,1,0,93,20,73,0.2
general_pavel,2021-08-17,2,2,0,358,164,163,1,102.3
honzabartosek,2021-08-17,1,1,0,12,363,360,3,44.3
Jan_Skopecek,2021-08-17,1,1,0,110,603,542,61,115.1
jana_cernochova,2021-08-17,6,6,0,2668,611,592,19,53.7
JanLipavsky,2021-08-17,6,1,5,41,1723,320,1403,52.3
jhamacek,2021-08-17,2,2,0,138,479,360,119,55
kalousekm,2021-08-17,17,17,0,9262,2470,2426,44,1179
KarelHavlicek_,2021-08-17,12,10,2,323,892,649,243,28.6
kducsl,2021-08-17,16,0,16,0,3916,305,3611,11.7
market_a,2021-08-17,4,3,1,4322,859,708,151,632.1
metnarl,2021-08-17,12,11,1,2329,141,108,33,10.6
milionchvilek,2021-08-17,1,0,1,0,296,198,98,40
ODScz,2021-08-17,6,3,3,451,3291,1023,2268,132.5
olgarichterova,2021-08-17,1,1,0,131,524,490,34,38.9
P_Fiala,2021-08-17,1,0,1,0,832,545,287,208.6
PiratIvanBartos,2021-08-17,6,6,0,1315,710,669,41,268.6
PiratskaStrana,2021-08-17,5,1,4,9,1339,547,792,76.6
SpoluKoalice,2021-08-17,20,0,20,0,3582,262,3320,50.2
STANcz,2021-08-17,4,0,4,0,841,229,612,15.2
TomasCzernin,2021-08-17,1,1,0,374,169,165,4,91
TomasZdechovsky,2021-08-17,26,16,10,1548,6617,5063,1554,292.8
TOP09cz,2021-08-17,13,0,13,0,2960,122,2838,18.9
VeslavM,2021-08-17,5,5,0,4,540,530,10,13.6
Vit_Rakusan,2021-08-17,2,2,0,706,232,205,27,100
vojtafilip,2021-08-17,1,1,0,154,70,70,0,6
volimtrikoloru,2021-08-17,18,15,3,128,169,140,29,4.6
vonpecka,2021-08-17,1,1,0,1,762,539,223,15.4
ZdenekHrib,2021-08-17,1,1,0,641,848,757,91,164.9
zeleni_cz,2021-08-17,2,2,0,224,605,345,260,8.9
alenaschillerov,2021-08-16,7,7,0,177,1375,1229,146,49.4
AndrejBabis,2021-08-16,11,5,6,451,2774,694,2080,117.3
general_pavel,2021-08-16,2,2,0,815,162,161,1,102
honzabartosek,2021-08-16,5,5,0,940,362,359,3,44.3
Jan_Skopecek,2021-08-16,1,1,0,195,602,541,61,115
jana_cernochova,2021-08-16,5,5,0,318,605,586,19,51
JanLipavsky,2021-08-16,3,1,2,5,1717,319,1398,52.2
jhamacek,2021-08-16,2,2,0,67,477,358,119,54.9
kalousekm,2021-08-16,16,16,0,20391,2453,2409,44,1169.8
KarelHavlicek_,2021-08-16,1,0,1,0,880,639,241,28.3
kducsl,2021-08-16,24,0,24,0,3900,305,3595,11.7
Kuba_Martin,2021-08-16,9,9,0,2775,1042,1042,0,130.2
market_a,2021-08-16,3,3,0,5169,855,705,150,627.8
metnarl,2021-08-16,2,1,1,105,129,97,32,8.2
milionchvilek,2021-08-16,1,0,1,0,295,198,97,40
MJureka,2021-08-16,2,1,1,1,1344,1171,173,252.5
ODScz,2021-08-16,7,2,5,79,3285,1020,2265,132
P_Fiala,2021-08-16,1,1,0,372,831,545,286,208.6
PiratIvanBartos,2021-08-16,10,10,0,1187,704,663,41,267.2
PiratskaStrana,2021-08-16,9,4,5,284,1334,546,788,76.6
Pospisil_Jiri,2021-08-16,2,2,0,128,415,356,59,93.1
SpoluKoalice,2021-08-16,7,0,7,0,3562,262,3300,50.2
STANcz,2021-08-16,2,0,2,0,837,229,608,15.2
TomasZdechovsky,2021-08-16,58,49,9,1103,6591,5047,1544,291.2
tomio_cz,2021-08-16,2,2,0,81,869,869,0,45
TOP09cz,2021-08-16,9,0,9,0,2947,122,2825,18.9
VeslavM,2021-08-16,4,4,0,69,535,525,10,13.6
Vit_Rakusan,2021-08-16,2,1,1,317,230,203,27,99.3
vonpecka,2021-08-16,10,10,0,322,761,538,223,15.4
ZdenekHrib,2021-08-16,1,1,0,1034,847,756,91,164.3
zeleni_cz,2021-08-16,5,5,0,265,603,343,260,8.7
alenaschillerov,2021-08-15,3,2,1,116,1368,1222,146,49.2
AndrejBabis,2021-08-15,5,3,2,1046,2763,689,2074,116.8
Jan_Skopecek,2021-08-15,2,2,0,201,601,540,61,114.8
jana_cernochova,2021-08-15,18,18,0,2484,600,581,19,50.7
JanLipavsky,2021-08-15,6,1,5,0,1714,318,1396,52.2
jhamacek,2021-08-15,3,3,0,283,475,356,119,54.8
kalousekm,2021-08-15,11,11,0,9591,2437,2393,44,1149.4
KarelHavlicek_,2021-08-15,2,1,1,20,879,639,240,28.3
kducsl,2021-08-15,15,2,13,65,3876,305,3571,11.7
Kuba_Martin,2021-08-15,2,2,0,51,1033,1033,0,127.4
market_a,2021-08-15,1,0,1,0,852,702,150,622.6
metnarl,2021-08-15,3,3,0,404,127,96,31,8.1
MJureka,2021-08-15,9,9,0,2650,1342,1170,172,252.5
ODScz,2021-08-15,9,1,8,238,3278,1018,2260,131.9
P_Fiala,2021-08-15,1,1,0,1015,830,544,286,208.2
PiratIvanBartos,2021-08-15,4,3,1,997,694,653,41,266.1
PiratskaStrana,2021-08-15,3,0,3,0,1325,542,783,76.3
Pospisil_Jiri,2021-08-15,2,2,0,147,413,354,59,93
SpoluKoalice,2021-08-15,9,0,9,0,3555,262,3293,50.2
STANcz,2021-08-15,5,0,5,0,835,229,606,15.2
TomasZdechovsky,2021-08-15,30,17,13,1772,6533,4998,1535,290.1
tomio_cz,2021-08-15,2,2,0,143,867,867,0,44.9
TOP09cz,2021-08-15,1,0,1,0,2938,122,2816,18.9
VeslavM,2021-08-15,1,1,0,0,531,521,10,13.6
Vit_Rakusan,2021-08-15,4,4,0,2892,228,202,26,99
vonpecka,2021-08-15,12,6,6,164,751,528,223,15.1
zeleni_cz,2021-08-15,6,6,0,443,598,338,260,8.5
alenaschillerov,2021-08-14,7,7,0,410,1365,1220,145,49.1
AndrejBabis,2021-08-14,10,2,8,258,2758,686,2072,115.8
czKSCM,2021-08-14,1,0,1,0,92,20,72,0.2
Jan_Skopecek,2021-08-14,3,3,0,236,599,538,61,114.6
jana_cernochova,2021-08-14,1,1,0,7,582,563,19,48.2
JanLipavsky,2021-08-14,19,8,11,4741,1708,317,1391,52.2
jhamacek,2021-08-14,5,5,0,190,472,353,119,54.5
kalousekm,2021-08-14,6,5,1,3354,2426,2382,44,1139.8
KarelHavlicek_,2021-08-14,7,7,0,601,877,638,239,28.3
kducsl,2021-08-14,12,0,12,0,3861,303,3558,11.6
makupka,2021-08-14,1,1,0,302,172,149,23,96.6
market_a,2021-08-14,5,4,1,3248,851,702,149,622.6
metnarl,2021-08-14,2,1,1,953,124,93,31,7.7
MJureka,2021-08-14,5,5,0,403,1333,1161,172,249.9
ODScz,2021-08-14,5,2,3,354,3269,1017,2252,131.7
olgarichterova,2021-08-14,1,0,1,0,523,489,34,38.8
P_Fiala,2021-08-14,2,2,0,539,829,543,286,207.2
PavelSehnal64,2021-08-14,2,2,0,10,68,68,0,0.4
PiratIvanBartos,2021-08-14,8,8,0,4733,690,650,40,265.1
PiratskaStrana,2021-08-14,13,7,6,519,1322,542,780,76.3
Pospisil_Jiri,2021-08-14,1,1,0,168,411,352,59,92.9
SpoluKoalice,2021-08-14,15,0,15,0,3546,262,3284,50.2
STANcz,2021-08-14,5,1,4,50,830,229,601,15.2
TomasZdechovsky,2021-08-14,30,28,2,293,6503,4981,1522,288.3
tomio_cz,2021-08-14,2,2,0,181,865,865,0,44.8
TOP09cz,2021-08-14,8,1,7,714,2937,122,2815,18.9
VeslavM,2021-08-14,7,7,0,239,530,520,10,13.6
Vit_Rakusan,2021-08-14,3,3,0,796,224,198,26,96.1
volimtrikoloru,2021-08-14,2,0,2,0,151,125,26,4.4
vonpecka,2021-08-14,6,2,4,3,739,522,217,14.9
zeleni_cz,2021-08-14,12,9,3,33,592,332,260,8
alenaschillerov,2021-08-13,3,2,1,47,1358,1213,145,48.7
AndrejBabis,2021-08-13,9,1,8,336,2748,684,2064,115.5
general_pavel,2021-08-13,2,2,0,570,160,159,1,101.1
Jan_Skopecek,2021-08-13,1,1,0,488,596,535,61,114.4
jana_cernochova,2021-08-13,8,8,0,120,581,562,19,48.2
JanLipavsky,2021-08-13,3,0,3,0,1689,309,1380,47.5
jhamacek,2021-08-13,1,1,0,33,467,348,119,54.3
kalousekm,2021-08-13,15,15,0,6035,2420,2377,43,1136.4
KarelHavlicek_,2021-08-13,6,5,1,175,870,631,239,27.7
kducsl,2021-08-13,20,0,20,0,3849,303,3546,11.6
Kuba_Martin,2021-08-13,9,9,0,649,1031,1031,0,127.3
market_a,2021-08-13,4,3,1,1993,846,698,148,619.3
milionchvilek,2021-08-13,2,2,0,138,294,198,96,40
MJureka,2021-08-13,6,6,0,951,1328,1156,172,249.5
ODScz,2021-08-13,7,5,2,492,3264,1015,2249,131.3
P_Fiala,2021-08-13,4,2,2,1201,827,541,286,206.7
PiratIvanBartos,2021-08-13,8,6,2,796,682,642,40,260.3
PiratskaStrana,2021-08-13,5,3,2,1009,1309,535,774,75.8
Pospisil_Jiri,2021-08-13,1,1,0,107,410,351,59,92.7
SpoluKoalice,2021-08-13,17,0,17,0,3531,262,3269,50.2
STANcz,2021-08-13,4,1,3,190,825,228,597,15.1
TomasZdechovsky,2021-08-13,49,39,10,1543,6473,4953,1520,288.1
tomio_cz,2021-08-13,1,1,0,14,863,863,0,44.6
TOP09cz,2021-08-13,14,2,12,396,2929,121,2808,18.2
VeslavM,2021-08-13,4,3,1,99,523,513,10,13.3
volimtrikoloru,2021-08-13,3,2,1,14,149,125,24,4.4
vonpecka,2021-08-13,1,0,1,0,733,520,213,14.9
zeleni_cz,2021-08-13,6,6,0,611,580,323,257,8
alenaschillerov,2021-08-12,12,10,2,464,1355,1211,144,48.7
AndrejBabis,2021-08-12,7,4,3,807,2739,683,2056,115.2
Jan_Skopecek,2021-08-12,3,2,1,124,595,534,61,113.9
jana_cernochova,2021-08-12,1,1,0,9,573,554,19,48.1
JanLipavsky,2021-08-12,2,0,2,0,1686,309,1377,47.5
kalousekm,2021-08-12,20,19,1,5793,2405,2362,43,1130.4
KarelHavlicek_,2021-08-12,5,4,1,172,864,626,238,27.5
kducsl,2021-08-12,14,0,14,0,3829,303,3526,11.6
market_a,2021-08-12,3,3,0,770,842,695,147,617.4
milionchvilek,2021-08-12,1,1,0,56,292,196,96,39.9
MJureka,2021-08-12,1,1,0,236,1322,1150,172,248.5
ODScz,2021-08-12,11,4,7,1091,3257,1010,2247,130.9
P_Fiala,2021-08-12,5,3,2,674,823,539,284,205.5
PavelSehnal64,2021-08-12,1,1,0,14,66,66,0,0.4
PiratIvanBartos,2021-08-12,7,7,0,988,674,636,38,259.5
PiratskaStrana,2021-08-12,5,1,4,37,1304,532,772,74.8
Pospisil_Jiri,2021-08-12,1,1,0,8,409,350,59,92.6
SpoluKoalice,2021-08-12,12,0,12,0,3514,262,3252,50.2
STANcz,2021-08-12,2,1,1,725,821,227,594,14.9
TomasZdechovsky,2021-08-12,62,52,10,704,6424,4914,1510,286.5
tomio_cz,2021-08-12,1,1,0,22,862,862,0,44.6
TOP09cz,2021-08-12,8,0,8,0,2915,119,2796,17.8
Vit_Rakusan,2021-08-12,1,1,0,259,221,195,26,95.3
volimtrikoloru,2021-08-12,1,1,0,3,146,123,23,4.4
vonpecka,2021-08-12,1,1,0,59,732,520,212,14.9
ZdenekHrib,2021-08-12,13,13,0,832,846,755,91,163.3
zeleni_cz,2021-08-12,8,6,2,263,574,317,257,7.4
alenaschillerov,2021-08-11,12,12,0,476,1343,1201,142,48.2
AndrejBabis,2021-08-11,9,3,6,267,2732,679,2053,114.4
general_pavel,2021-08-11,1,1,0,369,158,157,1,100.6
Jan_Skopecek,2021-08-11,3,3,0,815,592,532,60,113.7
jana_cernochova,2021-08-11,9,9,0,82,572,553,19,48.1
JanLipavsky,2021-08-11,2,0,2,0,1684,309,1375,47.5
kalousekm,2021-08-11,19,19,0,3884,2385,2343,42,1124.6
KarelHavlicek_,2021-08-11,6,4,2,301,859,622,237,27.3
kducsl,2021-08-11,16,0,16,0,3815,303,3512,11.6
market_a,2021-08-11,4,4,0,3120,839,692,147,616.6
MJureka,2021-08-11,1,1,0,321,1321,1149,172,248.3
ODScz,2021-08-11,4,0,4,0,3246,1006,2240,129.8
P_Fiala,2021-08-11,3,2,1,265,818,536,282,204.8
PavelSehnal64,2021-08-11,1,1,0,5,65,65,0,0.3
PiratIvanBartos,2021-08-11,11,11,0,3486,667,629,38,258.5
PiratskaStrana,2021-08-11,4,1,3,43,1299,531,768,74.8
SpoluKoalice,2021-08-11,21,0,21,0,3502,262,3240,50.2
STANcz,2021-08-11,8,2,6,354,819,226,593,14.2
TomasZdechovsky,2021-08-11,42,33,9,1142,6362,4862,1500,285.8
tomio_cz,2021-08-11,3,3,0,147,861,861,0,44.5
TOP09cz,2021-08-11,18,1,17,310,2907,119,2788,17.8
VeslavM,2021-08-11,1,1,0,139,519,510,9,13.2
volimtrikoloru,2021-08-11,1,1,0,23,145,122,23,4.4
ZdenekHrib,2021-08-11,3,3,0,575,833,742,91,162.4
zeleni_cz,2021-08-11,8,8,0,159,566,311,255,7.1
alenaschillerov,2021-08-10,5,5,0,241,1331,1189,142,47.7
AndrejBabis,2021-08-10,8,0,8,0,2723,676,2047,114.1
honzabartosek,2021-08-10,1,1,0,11,357,354,3,43.3
Jan_Skopecek,2021-08-10,2,1,1,102,589,529,60,112.9
jana_cernochova,2021-08-10,1,1,0,21,563,544,19,48
JanLipavsky,2021-08-10,2,0,2,0,1682,309,1373,47.5
kalousekm,2021-08-10,10,9,1,2868,2366,2324,42,1120.7
KarelHavlicek_,2021-08-10,3,1,2,148,853,618,235,27
kducsl,2021-08-10,20,1,19,80,3799,303,3496,11.6
makupka,2021-08-10,1,1,0,90,171,148,23,96.3
market_a,2021-08-10,2,1,1,284,835,688,147,613.5
metnarl,2021-08-10,1,1,0,210,122,92,30,6.8
MJureka,2021-08-10,2,1,1,172,1320,1148,172,248
ODScz,2021-08-10,6,3,3,426,3242,1006,2236,129.8
PavelSehnal64,2021-08-10,3,3,0,5,64,64,0,0.3
PiratIvanBartos,2021-08-10,14,14,0,2638,656,618,38,255.1
PiratskaStrana,2021-08-10,2,0,2,0,1295,530,765,74.7
Pospisil_Jiri,2021-08-10,2,2,0,184,408,349,59,92.6
SpoluKoalice,2021-08-10,15,1,14,1387,3481,262,3219,50.2
STANcz,2021-08-10,2,0,2,0,811,224,587,13.8
TomasCzernin,2021-08-10,1,1,0,307,168,164,4,90.6
TomasZdechovsky,2021-08-10,78,68,10,1247,6320,4829,1491,284.7
tomio_cz,2021-08-10,1,1,0,23,858,858,0,44.4
TOP09cz,2021-08-10,8,1,7,56,2889,118,2771,17.5
vonpecka,2021-08-10,1,1,0,30,731,519,212,14.9
zeleni_cz,2021-08-10,2,1,1,39,558,303,255,6.9
alenaschillerov,2021-08-09,6,6,0,584,1326,1184,142,47.5
AndrejBabis,2021-08-09,13,6,7,652,2715,676,2039,114.1
honzabartosek,2021-08-09,1,1,0,137,356,353,3,43.3
Jan_Skopecek,2021-08-09,4,3,1,487,587,528,59,112.8
jana_cernochova,2021-08-09,2,2,0,577,562,543,19,48
JanLipavsky,2021-08-09,3,0,3,0,1680,309,1371,47.5
jhamacek,2021-08-09,1,1,0,117,466,347,119,54.3
kalousekm,2021-08-09,14,14,0,5284,2356,2315,41,1117.9
KarelHavlicek_,2021-08-09,1,1,0,71,850,617,233,26.9
kducsl,2021-08-09,18,4,14,118,3779,302,3477,11.5
market_a,2021-08-09,4,4,0,2327,833,687,146,613.2
metnarl,2021-08-09,1,0,1,0,121,91,30,6.6
milionchvilek,2021-08-09,6,5,1,254,291,195,96,39.9
MJureka,2021-08-09,5,3,2,896,1318,1147,171,247.8
ODScz,2021-08-09,14,7,7,605,3236,1003,2233,129.3
P_Fiala,2021-08-09,5,5,0,2744,815,534,281,204.5
PiratIvanBartos,2021-08-09,4,4,0,2104,642,604,38,252.4
PiratskaStrana,2021-08-09,6,1,5,2,1293,530,763,74.7
Pospisil_Jiri,2021-08-09,1,1,0,151,406,347,59,92.4
SpoluKoalice,2021-08-09,21,1,20,144,3466,261,3205,48.8
STANcz,2021-08-09,2,0,2,0,809,224,585,13.8
TomasCzernin,2021-08-09,1,1,0,97,167,163,4,90.3
TomasZdechovsky,2021-08-09,68,58,10,638,6242,4761,1481,283.4
tomio_cz,2021-08-09,3,3,0,227,857,857,0,44.4
TOP09cz,2021-08-09,18,2,16,218,2881,117,2764,17.4
Vit_Rakusan,2021-08-09,1,1,0,617,220,194,26,95
Zbynek_Stanjura,2021-08-09,1,1,0,342,25,21,4,23.4
zeleni_cz,2021-08-09,4,2,2,74,556,302,254,6.9
alenaschillerov,2021-08-08,7,6,1,270,1320,1178,142,46.9
AndrejBabis,2021-08-08,16,4,12,810,2702,670,2032,113.4
Jan_Skopecek,2021-08-08,1,1,0,226,583,525,58,112.3
jana_cernochova,2021-08-08,2,2,0,167,560,541,19,47.4
JanLipavsky,2021-08-08,2,0,2,0,1677,309,1368,47.5
kalousekm,2021-08-08,3,3,0,250,2342,2301,41,1112.6
KarelHavlicek_,2021-08-08,3,1,2,31,849,616,233,26.8
kducsl,2021-08-08,13,0,13,0,3761,298,3463,11.4
market_a,2021-08-08,4,3,1,1510,829,683,146,610.8
MJureka,2021-08-08,4,4,0,375,1313,1144,169,246.9
ODScz,2021-08-08,8,7,1,1365,3222,996,2226,128.7
olgarichterova,2021-08-08,4,4,0,775,522,489,33,38.8
P_Fiala,2021-08-08,5,0,5,0,810,529,281,201.8
PavelSehnal64,2021-08-08,1,1,0,5,61,61,0,0.3
PiratIvanBartos,2021-08-08,1,1,0,148,638,600,38,250.3
PiratskaStrana,2021-08-08,1,1,0,141,1287,529,758,74.7
SpoluKoalice,2021-08-08,6,0,6,0,3445,260,3185,48.6
STANcz,2021-08-08,2,0,2,0,807,224,583,13.8
TomasZdechovsky,2021-08-08,57,50,7,1207,6174,4703,1471,282.8
TOP09cz,2021-08-08,5,1,4,1167,2863,115,2748,17.2
VeslavM,2021-08-08,1,1,0,84,518,509,9,13.1
Vit_Rakusan,2021-08-08,1,1,0,202,219,193,26,94.4
zeleni_cz,2021-08-08,1,1,0,0,552,300,252,6.8
alenaschillerov,2021-08-07,5,5,0,132,1313,1172,141,46.6
AndrejBabis,2021-08-07,4,2,2,554,2686,666,2020,112.6
general_pavel,2021-08-07,1,1,0,1749,157,156,1,100.2
Jan_Skopecek,2021-08-07,3,2,1,355,582,524,58,112.1
jana_cernochova,2021-08-07,1,1,0,31,558,539,19,47.2
JanLipavsky,2021-08-07,4,0,4,0,1675,309,1366,47.5
jhamacek,2021-08-07,3,1,2,92,465,346,119,54.2
kalousekm,2021-08-07,10,10,0,5092,2339,2298,41,1112.3
KarelHavlicek_,2021-08-07,1,1,0,74,846,615,231,26.8
kducsl,2021-08-07,11,0,11,0,3748,298,3450,11.4
market_a,2021-08-07,4,3,1,2174,825,680,145,609.3
metnarl,2021-08-07,2,2,0,94,120,91,29,6.6
milionchvilek,2021-08-07,5,3,2,6364,285,190,95,39.6
MJureka,2021-08-07,4,3,1,1518,1309,1140,169,246.5
ODScz,2021-08-07,3,2,1,509,3214,989,2225,127.4
olgarichterova,2021-08-07,3,2,1,2,518,485,33,38
PiratIvanBartos,2021-08-07,2,2,0,5282,637,599,38,250.2
PiratskaStrana,2021-08-07,2,2,0,557,1286,528,758,74.6
SpoluKoalice,2021-08-07,5,0,5,0,3439,260,3179,48.6
STANcz,2021-08-07,4,1,3,24,805,224,581,13.8
TomasZdechovsky,2021-08-07,73,65,8,644,6117,4653,1464,281.6
tomio_cz,2021-08-07,3,3,0,153,854,854,0,44.1
TOP09cz,2021-08-07,8,0,8,0,2858,114,2744,16
VeslavM,2021-08-07,10,10,0,1251,517,508,9,13
Vit_Rakusan,2021-08-07,3,3,0,2098,218,192,26,94.2
ZdenekHrib,2021-08-07,1,0,1,0,830,739,91,161.8
zeleni_cz,2021-08-07,1,1,0,4,551,299,252,6.8
alenaschillerov,2021-08-06,3,2,1,73,1308,1167,141,46.5
AndrejBabis,2021-08-06,8,1,7,390,2682,664,2018,112.1
honzabartosek,2021-08-06,2,2,0,233,355,352,3,43.2
Jan_Skopecek,2021-08-06,2,2,0,147,579,522,57,111.8
jana_cernochova,2021-08-06,4,4,0,1093,557,538,19,47.2
JanLipavsky,2021-08-06,5,1,4,17,1671,309,1362,47.5
jhamacek,2021-08-06,4,3,1,49,462,345,117,54.1
kalousekm,2021-08-06,7,7,0,1921,2329,2288,41,1107.2
KarelHavlicek_,2021-08-06,9,9,0,618,845,614,231,26.7
kducsl,2021-08-06,20,3,17,87,3737,298,3439,11.4
makupka,2021-08-06,1,1,0,79,170,147,23,96.2
market_a,2021-08-06,4,4,0,537,821,677,144,607.2
MJureka,2021-08-06,5,3,2,548,1305,1137,168,245
ODScz,2021-08-06,6,4,2,687,3211,987,2224,126.9
olgarichterova,2021-08-06,17,17,0,1887,515,483,32,38
P_Fiala,2021-08-06,4,3,1,588,805,529,276,201.8
PavelSehnal64,2021-08-06,1,1,0,4,60,60,0,0.3
PiratIvanBartos,2021-08-06,2,2,0,836,635,597,38,244.9
PiratskaStrana,2021-08-06,1,0,1,0,1284,526,758,74
Pospisil_Jiri,2021-08-06,1,1,0,266,405,346,59,92.3
SpoluKoalice,2021-08-06,20,0,20,0,3434,260,3174,48.6
STANcz,2021-08-06,2,1,1,165,801,223,578,13.8
TomasZdechovsky,2021-08-06,49,37,12,658,6044,4588,1456,280.9
tomio_cz,2021-08-06,7,7,0,137,851,851,0,44
TOP09cz,2021-08-06,7,3,4,312,2850,114,2736,16
VeslavM,2021-08-06,1,1,0,3,507,498,9,11.7
ZdenekHrib,2021-08-06,5,4,1,681,829,739,90,161.8
zeleni_cz,2021-08-06,5,3,2,128,550,298,252,6.8
alenaschillerov,2021-08-05,8,5,3,93,1305,1165,140,46.4
AndrejBabis,2021-08-05,26,11,15,1293,2674,663,2011,111.7
Jan_Skopecek,2021-08-05,1,0,1,0,577,520,57,111.6
jana_cernochova,2021-08-05,5,5,0,143,553,534,19,46.1
JanLipavsky,2021-08-05,8,1,7,283,1666,308,1358,47.5
jhamacek,2021-08-05,1,1,0,65,458,342,116,54
KarelHavlicek_,2021-08-05,13,11,2,513,836,605,231,26.1
kducsl,2021-08-05,11,0,11,0,3717,295,3422,11.3
market_a,2021-08-05,3,3,0,1637,817,673,144,606.6
MartinBaxa2,2021-08-05,1,1,0,26,121,120,1,37.8
metnarl,2021-08-05,3,1,2,16,118,89,29,6.5
milionchvilek,2021-08-05,1,1,0,66,280,187,93,33.2
MJureka,2021-08-05,1,1,0,104,1300,1134,166,244.4
ODScz,2021-08-05,13,9,4,217,3205,983,2222,126.2
olgarichterova,2021-08-05,2,1,1,100,498,466,32,36.1
P_Fiala,2021-08-05,2,1,1,180,801,526,275,201.2
PiratIvanBartos,2021-08-05,4,3,1,2492,633,595,38,244.1
PiratskaStrana,2021-08-05,1,1,0,146,1283,526,757,74
Pospisil_Jiri,2021-08-05,2,2,0,412,404,345,59,92
RobertSlachta,2021-08-05,3,3,0,56,165,109,56,3.7
SpoluKoalice,2021-08-05,14,0,14,0,3414,260,3154,48.6
STANcz,2021-08-05,3,0,3,0,799,222,577,13.6
TomasZdechovsky,2021-08-05,71,63,8,1162,5995,4551,1444,280.3
tomio_cz,2021-08-05,5,5,0,340,844,844,0,43.9
TOP09cz,2021-08-05,20,1,19,99,2843,111,2732,15.7
VeslavM,2021-08-05,1,1,0,4,506,497,9,11.7
Vit_Rakusan,2021-08-05,3,2,1,1698,215,189,26,92.1
vonpecka,2021-08-05,1,1,0,5,730,518,212,14.8
ZdenekHrib,2021-08-05,3,2,1,1165,824,735,89,161.2
zeleni_cz,2021-08-05,2,1,1,1,545,295,250,6.7
alenaschillerov,2021-08-04,4,4,0,87,1297,1160,137,46.3
AndrejBabis,2021-08-04,7,3,4,238,2648,652,1996,110.4
Jan_Skopecek,2021-08-04,1,1,0,68,576,520,56,111.6
jana_cernochova,2021-08-04,2,2,0,328,548,529,19,46
JanLipavsky,2021-08-04,3,0,3,0,1658,307,1351,47.2
jhamacek,2021-08-04,3,2,1,200,457,341,116,54
kalousekm,2021-08-04,13,12,1,2998,2322,2281,41,1105.3
KarelHavlicek_,2021-08-04,2,2,0,517,823,594,229,25.6
kducsl,2021-08-04,14,1,13,100,3706,295,3411,11.3
makupka,2021-08-04,1,1,0,427,169,146,23,96.2
market_a,2021-08-04,2,2,0,891,814,670,144,605
MJureka,2021-08-04,10,9,1,241,1299,1133,166,244.3
ODScz,2021-08-04,9,5,4,863,3192,974,2218,126
P_Fiala,2021-08-04,4,4,0,3409,799,525,274,201
PiratIvanBartos,2021-08-04,1,1,0,309,629,592,37,241.6
Pospisil_Jiri,2021-08-04,1,0,1,0,402,343,59,91.6
SpoluKoalice,2021-08-04,12,0,12,0,3400,260,3140,48.6
STANcz,2021-08-04,2,0,2,0,796,222,574,13.6
TomasCzernin,2021-08-04,1,1,0,152,166,162,4,90.2
TomasZdechovsky,2021-08-04,48,41,7,525,5924,4488,1436,279.1
tomio_cz,2021-08-04,8,8,0,388,839,839,0,43.5
TOP09cz,2021-08-04,8,0,8,0,2823,110,2713,15.6
VeslavM,2021-08-04,1,1,0,1,505,496,9,11.7
vojtafilip,2021-08-04,1,1,0,23,69,69,0,5.8
vonpecka,2021-08-04,4,1,3,0,729,517,212,14.8
ZdenekHrib,2021-08-04,5,5,0,319,821,733,88,160
alenaschillerov,2021-08-03,3,3,0,286,1293,1156,137,46.2
AndrejBabis,2021-08-03,9,2,7,343,2641,649,1992,110.2
czKSCM,2021-08-03,2,0,2,0,91,20,71,0.2
honzabartosek,2021-08-03,5,5,0,317,353,350,3,43
Jan_Skopecek,2021-08-03,3,3,0,76,575,519,56,111.5
JanLipavsky,2021-08-03,2,0,2,0,1655,307,1348,47.2
kalousekm,2021-08-03,9,9,0,1777,2309,2269,40,1102.3
KarelHavlicek_,2021-08-03,4,4,0,222,821,592,229,25.1
kducsl,2021-08-03,22,1,21,32,3692,294,3398,11.2
market_a,2021-08-03,2,2,0,635,812,668,144,604.1
metnarl,2021-08-03,1,1,0,29,115,88,27,6.5
MJureka,2021-08-03,3,3,0,1625,1289,1124,165,244.1
ODScz,2021-08-03,3,2,1,789,3183,969,2214,125.1
olgarichterova,2021-08-03,1,1,0,55,496,465,31,36
PiratskaStrana,2021-08-03,1,1,0,136,1282,525,757,73.9
RobertSlachta,2021-08-03,1,0,1,0,162,106,56,3.6
SpoluKoalice,2021-08-03,18,0,18,0,3388,260,3128,48.6
STANcz,2021-08-03,3,1,2,115,794,222,572,13.6
TomasZdechovsky,2021-08-03,38,33,5,1499,5876,4447,1429,278.6
tomio_cz,2021-08-03,3,3,0,59,831,831,0,43.1
TOP09cz,2021-08-03,13,1,12,63,2815,110,2705,15.6
VeslavM,2021-08-03,15,15,0,452,504,495,9,11.7
Vit_Rakusan,2021-08-03,1,0,1,0,212,187,25,90.4
vojtafilip,2021-08-03,3,3,0,311,68,68,0,5.8
vonpecka,2021-08-03,5,3,2,22,725,516,209,14.8
ZdenekHrib,2021-08-03,4,3,1,3613,816,728,88,159.7
zeleni_cz,2021-08-03,5,4,1,77,543,294,249,6.7
alenaschillerov,2021-08-02,8,8,0,230,1290,1153,137,46
AndrejBabis,2021-08-02,10,2,8,245,2632,647,1985,109.8
honzabartosek,2021-08-02,4,4,0,408,348,345,3,42.6
Jan_Skopecek,2021-08-02,2,1,1,301,572,516,56,111.5
JanLipavsky,2021-08-02,8,2,6,221,1653,307,1346,47.2
jhamacek,2021-08-02,1,1,0,71,454,339,115,53.8
kalousekm,2021-08-02,14,14,0,18951,2300,2260,40,1100.5
KarelHavlicek_,2021-08-02,9,7,2,415,817,588,229,24.8
kducsl,2021-08-02,15,0,15,0,3670,293,3377,11.2
makupka,2021-08-02,1,1,0,262,168,145,23,95.7
market_a,2021-08-02,3,3,0,1676,810,666,144,603.5
milionchvilek,2021-08-02,1,1,0,210,279,186,93,33.2
MJureka,2021-08-02,1,1,0,61,1286,1121,165,242.5
ODScz,2021-08-02,7,4,3,664,3180,967,2213,124.3
olgarichterova,2021-08-02,2,1,1,143,495,464,31,36
P_Fiala,2021-08-02,2,2,0,725,795,521,274,197.6
PiratIvanBartos,2021-08-02,1,1,0,553,628,591,37,241.3
PiratskaStrana,2021-08-02,2,1,1,112,1281,524,757,73.7
Pospisil_Jiri,2021-08-02,3,2,1,873,401,343,58,91.6
SpoluKoalice,2021-08-02,12,1,11,172,3370,260,3110,48.6
STANcz,2021-08-02,11,2,9,237,791,221,570,13.5
TomasCzernin,2021-08-02,2,2,0,265,165,161,4,90.1
TomasZdechovsky,2021-08-02,24,19,5,342,5838,4414,1424,277.1
tomio_cz,2021-08-02,5,5,0,395,828,828,0,43.1
TOP09cz,2021-08-02,14,2,12,212,2802,109,2693,15.6
VeslavM,2021-08-02,16,16,0,399,489,480,9,11.3
Vit_Rakusan,2021-08-02,3,3,0,1159,211,187,24,90.4
vonpecka,2021-08-02,1,1,0,18,720,513,207,14.8
ZdenekHrib,2021-08-02,9,7,2,8237,812,725,87,156.1
zeleni_cz,2021-08-02,2,2,0,52,538,290,248,6.6
alenaschillerov,2021-08-01,4,3,1,96,1282,1145,137,45.7
AndrejBabis,2021-08-01,12,8,4,1128,2622,645,1977,109.6
jana_cernochova,2021-08-01,2,2,0,137,546,527,19,45.6
JanLipavsky,2021-08-01,4,1,3,197,1645,305,1340,47
jhamacek,2021-08-01,2,0,2,0,453,338,115,53.7
kalousekm,2021-08-01,10,10,0,5038,2286,2246,40,1081.6
KarelHavlicek_,2021-08-01,5,4,1,206,808,581,227,24.4
kducsl,2021-08-01,12,0,12,0,3655,293,3362,11.2
market_a,2021-08-01,3,3,0,3215,807,663,144,601.8
metnarl,2021-08-01,1,1,0,18,114,87,27,6.4
milionchvilek,2021-08-01,2,2,0,443,278,185,93,33
MJureka,2021-08-01,5,5,0,939,1285,1120,165,242.4
ODScz,2021-08-01,9,3,6,193,3173,963,2210,123.6
olgarichterova,2021-08-01,2,0,2,0,493,463,30,35.8
P_Fiala,2021-08-01,1,1,0,472,793,519,274,196.9
PiratskaStrana,2021-08-01,2,2,0,400,1279,523,756,73.6
RobertSlachta,2021-08-01,1,1,0,15,161,106,55,3.6
SpoluKoalice,2021-08-01,17,1,16,202,3358,259,3099,48.5
STANcz,2021-08-01,1,1,0,61,780,219,561,13.3
TomasCzernin,2021-08-01,1,1,0,723,163,159,4,89.8
TomasZdechovsky,2021-08-01,33,29,4,1332,5814,4395,1419,276.7
tomio_cz,2021-08-01,3,3,0,131,823,823,0,42.7
TOP09cz,2021-08-01,15,0,15,0,2788,107,2681,15.3
VeslavM,2021-08-01,41,41,0,519,473,464,9,10.9
vojtafilip,2021-08-01,1,1,0,197,65,65,0,5.5
vonpecka,2021-08-01,2,0,2,0,719,512,207,14.8
ZdenekHrib,2021-08-01,7,7,0,2576,803,718,85,147.8
zeleni_cz,2021-08-01,1,1,0,0,536,288,248,6.6
alenaschillerov,2021-07-31,4,4,0,179,1278,1142,136,45.6
AndrejBabis,2021-07-31,9,3,6,917,2610,637,1973,108.4
general_pavel,2021-07-31,1,1,0,124,156,155,1,98.5
Jan_Skopecek,2021-07-31,6,6,0,322,570,515,55,111.2
jana_cernochova,2021-07-31,2,2,0,131,544,525,19,45.5
JanLipavsky,2021-07-31,1,0,1,0,1641,304,1337,46.8
kalousekm,2021-07-31,9,9,0,6301,2276,2236,40,1076.6
KarelHavlicek_,2021-07-31,2,2,0,81,803,577,226,24.2
kducsl,2021-07-31,9,0,9,0,3643,293,3350,11.2
metnarl,2021-07-31,2,2,0,15,113,86,27,6.4
MJureka,2021-07-31,1,1,0,359,1280,1115,165,241.5
ODScz,2021-07-31,4,1,3,58,3164,960,2204,123.4
PavelSehnal64,2021-07-31,1,1,0,3,59,59,0,0.3
SpoluKoalice,2021-07-31,11,2,9,85,3341,258,3083,48.3
TomasZdechovsky,2021-07-31,31,25,6,1908,5781,4366,1415,275.4
tomio_cz,2021-07-31,3,3,0,293,820,820,0,42.5
VeslavM,2021-07-31,1,1,0,0,432,423,9,10.4
vonpecka,2021-07-31,6,5,1,19,717,512,205,14.8
ZdenekHrib,2021-07-31,3,3,0,271,796,711,85,145.3
zeleni_cz,2021-07-31,3,3,0,54,535,287,248,6.6
alenaschillerov,2021-07-30,9,7,2,327,1274,1138,136,45.4
AndrejBabis,2021-07-30,24,12,12,1131,2601,634,1967,107.5
honzabartosek,2021-07-30,1,1,0,33,344,341,3,42.2
Jan_Skopecek,2021-07-30,23,23,0,432,564,509,55,110.8
jana_cernochova,2021-07-30,6,6,0,168,542,523,19,45.4
JanLipavsky,2021-07-30,7,0,7,0,1640,304,1336,46.8
jhamacek,2021-07-30,3,3,0,335,451,338,113,53.7
kalousekm,2021-07-30,7,7,0,7617,2267,2227,40,1070.3
KarelHavlicek_,2021-07-30,5,2,3,66,801,575,226,24.1
kducsl,2021-07-30,18,4,14,44,3634,293,3341,11.2
Kuba_Martin,2021-07-30,1,1,0,3041,1022,1022,0,126.7
market_a,2021-07-30,4,2,2,949,804,660,144,598.6
metnarl,2021-07-30,3,3,0,784,111,84,27,6.4
MJureka,2021-07-30,5,5,0,636,1279,1114,165,241.1
ODScz,2021-07-30,14,5,9,694,3160,959,2201,123.4
olgarichterova,2021-07-30,5,5,0,4,491,463,28,35.8
P_Fiala,2021-07-30,2,2,0,291,792,518,274,196.4
PiratIvanBartos,2021-07-30,3,2,1,846,627,590,37,240.7
PiratskaStrana,2021-07-30,5,2,3,594,1277,521,756,73.2
Pospisil_Jiri,2021-07-30,1,1,0,203,398,341,57,90.7
SpoluKoalice,2021-07-30,12,1,11,472,3330,256,3074,48.2
STANcz,2021-07-30,2,0,2,0,779,218,561,13.2
TomasZdechovsky,2021-07-30,26,20,6,938,5750,4341,1409,273.5
tomio_cz,2021-07-30,6,6,0,424,817,817,0,42.2
TOP09cz,2021-07-30,4,1,3,26,2773,107,2666,15.3
VeslavM,2021-07-30,2,2,0,8,431,422,9,10.4
vonpecka,2021-07-30,2,2,0,18,711,507,204,14.8
Zbynek_Stanjura,2021-07-30,1,1,0,2604,24,20,4,23.1
ZdenekHrib,2021-07-30,1,1,0,464,793,708,85,145
zeleni_cz,2021-07-30,1,1,0,72,532,284,248,6.5
alenaschillerov,2021-07-29,8,8,0,203,1265,1131,134,45.1
AndrejBabis,2021-07-29,11,7,4,814,2577,622,1955,106.4
general_pavel,2021-07-29,1,1,0,842,155,154,1,98.3
Jan_Skopecek,2021-07-29,1,1,0,1038,541,486,55,110.4
jana_cernochova,2021-07-29,1,0,1,0,536,517,19,45.2
jhamacek,2021-07-29,1,0,1,0,448,335,113,53.3
kalousekm,2021-07-29,7,7,0,857,2260,2220,40,1062.6
KarelHavlicek_,2021-07-29,5,3,2,224,796,573,223,24.1
kducsl,2021-07-29,19,0,19,0,3616,289,3327,11.1
Kuba_Martin,2021-07-29,2,2,0,1215,1021,1021,0,123.6
makupka,2021-07-29,1,1,0,1866,167,144,23,95.5
MartinBaxa2,2021-07-29,1,1,0,37,120,119,1,37.8
metnarl,2021-07-29,1,1,0,23,108,81,27,5.6
MJureka,2021-07-29,4,3,1,235,1274,1109,165,240.5
ODScz,2021-07-29,16,10,6,1191,3146,954,2192,122.7
olgarichterova,2021-07-29,2,2,0,512,486,458,28,35.8
P_Fiala,2021-07-29,1,1,0,325,790,516,274,196.1
PiratIvanBartos,2021-07-29,1,1,0,0,624,588,36,239.9
PiratskaStrana,2021-07-29,2,1,1,76,1272,519,753,72.6
Pospisil_Jiri,2021-07-29,1,1,0,47,397,340,57,90.5
RobertSlachta,2021-07-29,1,0,1,0,160,105,55,3.6
SpoluKoalice,2021-07-29,15,0,15,0,3318,255,3063,47.7
STANcz,2021-07-29,4,1,3,42,777,218,559,13.2
TomasCzernin,2021-07-29,1,1,0,175,162,158,4,89.1
TomasZdechovsky,2021-07-29,11,7,4,284,5724,4321,1403,272.6
tomio_cz,2021-07-29,5,5,0,354,811,811,0,41.8
VeslavM,2021-07-29,3,3,0,347,429,420,9,10.4
Vit_Rakusan,2021-07-29,1,0,1,0,208,184,24,89.3
vonpecka,2021-07-29,1,1,0,11,709,505,204,14.8
ZdenekHrib,2021-07-29,10,9,1,627,792,707,85,144.5
zeleni_cz,2021-07-29,2,0,2,0,531,283,248,6.4
alenaschillerov,2021-07-28,14,14,0,371,1257,1123,134,44.9
AndrejBabis,2021-07-28,13,2,11,385,2566,615,1951,105.6
general_pavel,2021-07-28,1,1,0,289,154,153,1,97.5
honzabartosek,2021-07-28,2,2,0,25,343,340,3,42.2
Jan_Skopecek,2021-07-28,5,4,1,1424,540,485,55,109.4
jana_cernochova,2021-07-28,2,2,0,480,535,517,18,45.2
JanLipavsky,2021-07-28,6,0,6,0,1633,304,1329,46.8
jhamacek,2021-07-28,1,1,0,131,447,335,112,53.3
kalousekm,2021-07-28,14,14,0,4545,2253,2213,40,1061.8
KarelHavlicek_,2021-07-28,1,1,0,58,791,570,221,23.9
kducsl,2021-07-28,18,2,16,77,3597,289,3308,11.1
market_a,2021-07-28,2,2,0,1273,800,658,142,597.6
milionchvilek,2021-07-28,2,2,0,124,276,183,93,32.5
MJureka,2021-07-28,2,2,0,12,1270,1106,164,240.2
ODScz,2021-07-28,9,2,7,383,3130,944,2186,121.5
olgarichterova,2021-07-28,3,2,1,578,484,456,28,35.3
P_Fiala,2021-07-28,1,1,0,237,789,515,274,195.8
PiratIvanBartos,2021-07-28,1,1,0,251,623,587,36,239.9
PiratskaStrana,2021-07-28,6,6,0,978,1270,518,752,72.5
Pospisil_Jiri,2021-07-28,3,2,1,91,396,339,57,90.5
SpoluKoalice,2021-07-28,15,1,14,90,3303,255,3048,47.7
STANcz,2021-07-28,6,2,4,190,773,217,556,13.2
TomasZdechovsky,2021-07-28,14,8,6,465,5713,4314,1399,272.3
tomio_cz,2021-07-28,9,9,0,122,806,806,0,41.5
TOP09cz,2021-07-28,8,0,8,0,2769,106,2663,15.3
Vit_Rakusan,2021-07-28,1,1,0,84,207,184,23,89.3
vojtafilip,2021-07-28,1,1,0,75,64,64,0,5.3
vonpecka,2021-07-28,1,0,1,0,708,504,204,14.7
ZdenekHrib,2021-07-28,6,6,0,536,782,698,84,143.9
zeleni_cz,2021-07-28,4,3,1,110,529,283,246,6.4
alenaschillerov,2021-07-27,5,5,0,86,1243,1109,134,44.5
AndrejBabis,2021-07-27,19,6,13,526,2553,613,1940,105.2
czKSCM,2021-07-27,1,0,1,0,89,20,69,0.2
general_pavel,2021-07-27,1,1,0,690,153,152,1,97.2
honzabartosek,2021-07-27,1,1,0,73,341,338,3,42.2
Jan_Skopecek,2021-07-27,2,2,0,559,535,481,54,108
jana_cernochova,2021-07-27,5,5,0,263,533,515,18,44.7
JanLipavsky,2021-07-27,6,2,4,564,1627,304,1323,46.8
jhamacek,2021-07-27,1,1,0,91,446,334,112,53.2
kalousekm,2021-07-27,7,7,0,1273,2239,2199,40,1057.2
KarelHavlicek_,2021-07-27,12,9,3,209,790,569,221,23.8
kducsl,2021-07-27,17,1,16,5,3579,287,3292,11.1
makupka,2021-07-27,1,1,0,528,166,143,23,93.6
market_a,2021-07-27,4,2,2,646,798,656,142,596.4
milionchvilek,2021-07-27,2,1,1,30,274,181,93,32.4
MJureka,2021-07-27,2,2,0,285,1268,1104,164,240.2
ODScz,2021-07-27,11,6,5,1158,3121,942,2179,121.1
olgarichterova,2021-07-27,2,1,1,219,481,454,27,34.8
P_Fiala,2021-07-27,3,2,1,311,788,514,274,195.5
PiratIvanBartos,2021-07-27,1,1,0,214,622,586,36,239.6
PiratskaStrana,2021-07-27,5,5,0,870,1264,512,752,71.6
Pospisil_Jiri,2021-07-27,1,1,0,95,393,337,56,90.4
SpoluKoalice,2021-07-27,20,1,19,70,3288,254,3034,47.6
STANcz,2021-07-27,1,0,1,0,767,215,552,13
TomasCzernin,2021-07-27,1,1,0,444,161,157,4,88.9
TomasZdechovsky,2021-07-27,27,23,4,1729,5699,4306,1393,271.8
tomio_cz,2021-07-27,7,7,0,461,797,797,0,41.3
TOP09cz,2021-07-27,5,0,5,0,2761,106,2655,15.3
vojtafilip,2021-07-27,1,1,0,36,63,63,0,5.2
ZdenekHrib,2021-07-27,32,32,0,2421,776,692,84,143.4
zeleni_cz,2021-07-27,4,2,2,64,525,280,245,6.3
alenaschillerov,2021-07-26,12,12,0,262,1238,1104,134,44.5
AndrejBabis,2021-07-26,22,6,16,723,2534,607,1927,104.7
honzabartosek,2021-07-26,2,2,0,569,340,337,3,42.1
Jan_Skopecek,2021-07-26,2,2,0,74,533,479,54,107.4
JanLipavsky,2021-07-26,1,0,1,0,1621,302,1319,46.2
kalousekm,2021-07-26,9,9,0,5436,2232,2192,40,1056
KarelHavlicek_,2021-07-26,12,10,2,383,778,560,218,23.6
kducsl,2021-07-26,27,0,27,0,3562,286,3276,11
Kuba_Martin,2021-07-26,8,8,0,8,1019,1019,0,122.4
market_a,2021-07-26,2,2,0,2655,794,654,140,595.7
milionchvilek,2021-07-26,2,2,0,344,272,180,92,32.4
MJureka,2021-07-26,9,8,1,827,1266,1102,164,239.9
ODScz,2021-07-26,15,11,4,596,3110,936,2174,120
P_Fiala,2021-07-26,4,3,1,263,785,512,273,195.2
PavelSehnal64,2021-07-26,2,2,0,6,58,58,0,0.3
PiratIvanBartos,2021-07-26,2,2,0,542,621,585,36,239.4
PiratskaStrana,2021-07-26,2,2,0,625,1259,507,752,70.7
Pospisil_Jiri,2021-07-26,4,4,0,263,392,336,56,90.3
SpoluKoalice,2021-07-26,16,1,15,56,3268,253,3015,47.5
STANcz,2021-07-26,3,0,3,0,766,215,551,13
TomasCzernin,2021-07-26,2,2,0,758,160,156,4,88.5
TomasZdechovsky,2021-07-26,36,30,6,671,5672,4283,1389,270.1
tomio_cz,2021-07-26,4,4,0,370,790,790,0,40.9
TOP09cz,2021-07-26,10,0,10,0,2756,106,2650,15.3
VeslavM,2021-07-26,3,3,0,5,426,417,9,10
ZdenekHrib,2021-07-26,25,25,0,2273,744,660,84,140.9
zeleni_cz,2021-07-26,1,0,1,0,521,278,243,6.3
alenaschillerov,2021-07-25,7,5,2,164,1226,1092,134,44.2
AndrejBabis,2021-07-25,16,13,3,742,2512,601,1911,104
Jan_Skopecek,2021-07-25,1,1,0,158,531,477,54,107.3
jana_cernochova,2021-07-25,1,1,0,1,528,510,18,44.5
JanLipavsky,2021-07-25,1,0,1,0,1620,302,1318,46.2
jhamacek,2021-07-25,1,0,1,0,445,333,112,53.1
kalousekm,2021-07-25,8,8,0,2453,2223,2183,40,1050.5
KarelHavlicek_,2021-07-25,3,2,1,179,766,550,216,23.2
kducsl,2021-07-25,4,1,3,78,3535,286,3249,11
Kuba_Martin,2021-07-25,19,19,0,493,1011,1011,0,122.4
market_a,2021-07-25,2,2,0,497,792,652,140,593.1
ODScz,2021-07-25,2,2,0,618,3095,925,2170,119.4
PiratskaStrana,2021-07-25,1,1,0,329,1257,505,752,70.1
Pospisil_Jiri,2021-07-25,2,1,1,233,388,332,56,90
RobertSlachta,2021-07-25,2,0,2,0,159,105,54,3.6
SpoluKoalice,2021-07-25,6,0,6,0,3252,252,3000,47.5
STANcz,2021-07-25,2,1,1,92,763,215,548,13
TomasZdechovsky,2021-07-25,15,11,4,278,5636,4253,1383,269.4
tomio_cz,2021-07-25,5,5,0,465,786,786,0,40.5
TOP09cz,2021-07-25,1,0,1,0,2746,106,2640,15.3
VeslavM,2021-07-25,12,12,0,357,423,414,9,10
vonpecka,2021-07-25,1,0,1,0,707,504,203,14.7
ZdenekHrib,2021-07-25,2,0,2,0,719,635,84,138.7
alenaschillerov,2021-07-24,3,3,0,54,1219,1087,132,44
AndrejBabis,2021-07-24,4,1,3,170,2496,588,1908,103.2
Jan_Skopecek,2021-07-24,1,1,0,25,530,476,54,107.2
jana_cernochova,2021-07-24,1,1,0,180,527,509,18,44.5
JanLipavsky,2021-07-24,1,1,0,927,1619,302,1317,46.2
jhamacek,2021-07-24,1,0,1,0,444,333,111,53.1
KarelHavlicek_,2021-07-24,6,6,0,192,763,548,215,23
kducsl,2021-07-24,5,0,5,0,3531,285,3246,11
Kuba_Martin,2021-07-24,17,17,0,573,992,992,0,121.9
market_a,2021-07-24,3,2,1,23,790,650,140,592.6
MJureka,2021-07-24,1,1,0,3,1257,1094,163,239.1
ODScz,2021-07-24,3,2,1,349,3093,923,2170,118.8
olgarichterova,2021-07-24,1,1,0,1,479,453,26,34.5
PiratIvanBartos,2021-07-24,2,2,0,383,619,583,36,238.8
SpoluKoalice,2021-07-24,4,0,4,0,3246,252,2994,47.5
STANcz,2021-07-24,1,0,1,0,761,214,547,12.9
TomasZdechovsky,2021-07-24,8,7,1,554,5621,4242,1379,269.1
tomio_cz,2021-07-24,5,5,0,306,781,781,0,40.1
VeslavM,2021-07-24,6,6,0,168,411,402,9,9.7
Vit_Rakusan,2021-07-24,1,1,0,138,206,183,23,89.2
ZdenekHrib,2021-07-24,1,0,1,0,717,635,82,138.7
alenaschillerov,2021-07-23,7,7,0,137,1216,1084,132,44
AndrejBabis,2021-07-23,8,3,5,519,2492,587,1905,103
Jan_Skopecek,2021-07-23,5,5,0,438,529,475,54,107.1
JanLipavsky,2021-07-23,4,1,3,273,1618,301,1317,45.3
jhamacek,2021-07-23,1,0,1,0,443,333,110,53.1
kalousekm,2021-07-23,16,16,0,3564,2215,2175,40,1048.1
KarelHavlicek_,2021-07-23,1,1,0,40,757,542,215,22.8
kducsl,2021-07-23,13,2,11,41,3526,285,3241,11
market_a,2021-07-23,1,1,0,1081,787,648,139,592.5
metnarl,2021-07-23,1,1,0,91,107,80,27,5.6
milionchvilek,2021-07-23,1,1,0,130,270,178,92,32
MJureka,2021-07-23,13,12,1,907,1256,1093,163,239.1
ODScz,2021-07-23,10,5,5,627,3090,921,2169,118.4
olgarichterova,2021-07-23,2,1,1,301,478,452,26,34.5
P_Fiala,2021-07-23,3,1,2,146,781,509,272,195
PiratIvanBartos,2021-07-23,8,7,1,2157,617,581,36,238.5
PiratskaStrana,2021-07-23,2,1,1,2,1256,504,752,69.7
RobertSlachta,2021-07-23,1,0,1,0,157,105,52,3.6
SpoluKoalice,2021-07-23,17,0,17,0,3242,252,2990,47.5
STANcz,2021-07-23,5,0,5,0,760,214,546,12.9
TomasZdechovsky,2021-07-23,26,15,11,446,5613,4235,1378,268.6
tomio_cz,2021-07-23,1,1,0,12,776,776,0,39.7
TOP09cz,2021-07-23,1,0,1,0,2745,106,2639,15.3
Vit_Rakusan,2021-07-23,7,6,1,728,205,182,23,89.1
vonpecka,2021-07-23,2,2,0,51,706,504,202,14.7
ZdenekHrib,2021-07-23,3,3,0,284,716,635,81,138.7
zeleni_cz,2021-07-23,2,1,1,46,520,278,242,6.3
alenaschillerov,2021-07-22,10,10,0,221,1209,1077,132,43.8
AndrejBabis,2021-07-22,22,7,15,331,2484,584,1900,102.5
general_pavel,2021-07-22,2,2,0,342,152,151,1,96.5
honzabartosek,2021-07-22,2,2,0,81,338,335,3,41.5
Jan_Skopecek,2021-07-22,4,3,1,316,524,470,54,106.7
jana_cernochova,2021-07-22,6,6,0,208,526,508,18,44.3
JanLipavsky,2021-07-22,4,3,1,333,1614,300,1314,45
jhamacek,2021-07-22,4,4,0,676,442,333,109,53.1
kalousekm,2021-07-22,7,7,0,5296,2199,2159,40,1044.5
KarelHavlicek_,2021-07-22,9,7,2,291,756,541,215,22.8
kducsl,2021-07-22,22,0,22,0,3513,283,3230,10.9
Kuba_Martin,2021-07-22,6,6,0,8,975,975,0,121.4
makupka,2021-07-22,2,2,0,2094,165,142,23,93.1
market_a,2021-07-22,1,1,0,939,786,647,139,591.5
metnarl,2021-07-22,2,2,0,76,106,79,27,5.5
MJureka,2021-07-22,8,7,1,2747,1243,1081,162,238.2
ODScz,2021-07-22,24,10,14,616,3080,916,2164,117.8
olgarichterova,2021-07-22,1,0,1,0,476,451,25,34.2
P_Fiala,2021-07-22,5,3,2,750,778,508,270,194.8
PiratIvanBartos,2021-07-22,3,3,0,188,609,574,35,236.3
PiratskaStrana,2021-07-22,4,3,1,114,1254,503,751,69.7
Pospisil_Jiri,2021-07-22,1,1,0,202,386,331,55,89.8
RobertSlachta,2021-07-22,2,2,0,39,156,105,51,3.6
SpoluKoalice,2021-07-22,18,0,18,0,3225,252,2973,47.5
STANcz,2021-07-22,1,0,1,0,755,214,541,12.9
TomasCzernin,2021-07-22,3,3,0,167,158,154,4,87.7
TomasZdechovsky,2021-07-22,16,12,4,1683,5587,4220,1367,268.1
tomio_cz,2021-07-22,1,1,0,261,775,775,0,39.7
TOP09cz,2021-07-22,2,0,2,0,2744,106,2638,15.3
VeslavM,2021-07-22,1,1,0,54,405,396,9,9.5
vojtafilip,2021-07-22,2,2,0,36,62,62,0,5.2
vonpecka,2021-07-22,1,0,1,0,704,502,202,14.7
ZdenekHrib,2021-07-22,2,1,1,99,713,632,81,138.4
alenaschillerov,2021-07-21,9,8,1,167,1199,1067,132,43.6
AndrejBabis,2021-07-21,15,10,5,930,2462,577,1885,102.2
Jan_Skopecek,2021-07-21,4,4,0,1269,520,467,53,106.4
jana_cernochova,2021-07-21,1,1,0,73,520,502,18,44.1
JanLipavsky,2021-07-21,5,0,5,0,1610,297,1313,44.7
jhamacek,2021-07-21,1,1,0,249,438,329,109,52.5
kalousekm,2021-07-21,8,8,0,1864,2192,2152,40,1039.2
KarelHavlicek_,2021-07-21,6,4,2,103,747,534,213,22.5
kducsl,2021-07-21,12,0,12,0,3491,283,3208,10.9
Kuba_Martin,2021-07-21,3,3,0,374,969,969,0,121.4
market_a,2021-07-21,1,1,0,980,785,646,139,590.5
metnarl,2021-07-21,2,1,1,35,104,77,27,5.4
milionchvilek,2021-07-21,1,1,0,78,269,177,92,31.9
MJureka,2021-07-21,5,3,2,596,1235,1074,161,235.5
ODScz,2021-07-21,29,10,19,763,3056,906,2150,117.2
P_Fiala,2021-07-21,13,11,2,884,773,505,268,194.1
PiratIvanBartos,2021-07-21,8,8,0,2403,606,571,35,236.1
PiratskaStrana,2021-07-21,3,0,3,0,1250,500,750,69.6
Pospisil_Jiri,2021-07-21,1,1,0,104,385,330,55,89.6
SpoluKoalice,2021-07-21,28,2,26,401,3207,252,2955,47.5
STANcz,2021-07-21,2,1,1,100,754,214,540,12.9
TomasZdechovsky,2021-07-21,26,20,6,2513,5571,4208,1363,266.5
tomio_cz,2021-07-21,3,3,0,393,774,774,0,39.5
TOP09cz,2021-07-21,18,0,18,0,2742,106,2636,15.3
VeslavM,2021-07-21,5,5,0,18,404,395,9,9.4
volimtrikoloru,2021-07-21,1,1,0,1,144,121,23,4.4
vonpecka,2021-07-21,2,1,1,4,703,502,201,14.7
ZdenekHrib,2021-07-21,1,1,0,364,711,631,80,138.3
zeleni_cz,2021-07-21,7,6,1,8,518,277,241,6.2
alenaschillerov,2021-07-20,11,10,1,189,1190,1059,131,43.5
AndrejBabis,2021-07-20,27,12,15,760,2447,567,1880,101.3
general_pavel,2021-07-20,1,1,0,145,150,149,1,96.2
Jan_Skopecek,2021-07-20,2,1,1,61,516,463,53,105.1
JanLipavsky,2021-07-20,4,0,4,0,1605,297,1308,44.7
jhamacek,2021-07-20,2,2,0,52,437,328,109,52.2
kalousekm,2021-07-20,8,8,0,2114,2184,2144,40,1037.4
KarelHavlicek_,2021-07-20,4,4,0,150,741,530,211,22.4
kducsl,2021-07-20,19,0,19,0,3479,283,3196,10.9
Kuba_Martin,2021-07-20,3,3,0,18,966,966,0,121
market_a,2021-07-20,1,1,0,175,784,645,139,589.5
metnarl,2021-07-20,3,2,1,65,102,76,26,5.4
MJureka,2021-07-20,4,2,2,273,1230,1071,159,234.9
ODScz,2021-07-20,9,2,7,450,3027,896,2131,116.4
olgarichterova,2021-07-20,2,1,1,437,475,451,24,34.2
P_Fiala,2021-07-20,2,2,0,465,760,494,266,193.2
PiratIvanBartos,2021-07-20,3,3,0,1103,598,563,35,233.7
PiratskaStrana,2021-07-20,3,1,2,157,1247,500,747,69.6
Pospisil_Jiri,2021-07-20,1,1,0,92,384,329,55,89.5
SpoluKoalice,2021-07-20,13,2,11,167,3179,250,2929,47.1
STANcz,2021-07-20,1,0,1,0,752,213,539,12.8
TomasCzernin,2021-07-20,1,1,0,692,155,151,4,87.5
TomasZdechovsky,2021-07-20,12,5,7,506,5545,4188,1357,263.9
tomio_cz,2021-07-20,1,1,0,13,771,771,0,39.1
TOP09cz,2021-07-20,9,0,9,0,2724,106,2618,15.3
VeslavM,2021-07-20,7,7,0,542,399,390,9,9.4
Vit_Rakusan,2021-07-20,2,2,0,545,198,176,22,88.3
volimtrikoloru,2021-07-20,1,1,0,1,143,120,23,4.4
vonpecka,2021-07-20,6,5,1,33,701,501,200,14.7
ZdenekHrib,2021-07-20,1,1,0,84,710,630,80,137.9
zeleni_cz,2021-07-20,7,6,1,3,511,271,240,6.2
alenaschillerov,2021-07-19,10,10,0,300,1179,1049,130,43.3
AndrejBabis,2021-07-19,21,8,13,1060,2420,555,1865,100.5
czKSCM,2021-07-19,1,0,1,0,88,20,68,0.2
Jan_Skopecek,2021-07-19,3,3,0,795,514,462,52,105.1
JanLipavsky,2021-07-19,6,0,6,0,1601,297,1304,44.7
jhamacek,2021-07-19,3,3,0,264,435,326,109,52.1
kalousekm,2021-07-19,4,4,0,3158,2176,2136,40,1035.2
KarelHavlicek_,2021-07-19,4,2,2,68,737,526,211,22.2
kducsl,2021-07-19,19,1,18,48,3460,283,3177,10.9
Kuba_Martin,2021-07-19,42,42,0,542,963,963,0,121
makupka,2021-07-19,1,1,0,1247,163,140,23,91
market_a,2021-07-19,1,1,0,813,783,644,139,589.4
MartinBaxa2,2021-07-19,1,1,0,48,119,118,1,37.7
metnarl,2021-07-19,3,2,1,57,99,74,25,5.3
MJureka,2021-07-19,3,3,0,347,1226,1069,157,234.6
ODScz,2021-07-19,14,3,11,467,3018,894,2124,115.9
P_Fiala,2021-07-19,5,5,0,1272,758,492,266,192.7
PiratIvanBartos,2021-07-19,6,6,0,2562,595,560,35,232.6
PiratskaStrana,2021-07-19,2,0,2,0,1244,499,745,69.5
Pospisil_Jiri,2021-07-19,3,3,0,671,383,328,55,89.4
SpoluKoalice,2021-07-19,29,1,28,261,3166,248,2918,46.9
STANcz,2021-07-19,1,0,1,0,751,213,538,12.8
TomasCzernin,2021-07-19,1,1,0,196,154,150,4,86.8
TomasZdechovsky,2021-07-19,18,15,3,1200,5533,4183,1350,263.4
tomio_cz,2021-07-19,2,2,0,164,770,770,0,39.1
TOP09cz,2021-07-19,17,0,17,0,2715,106,2609,15.3
VeslavM,2021-07-19,5,5,0,2,392,383,9,8.9
vojtafilip,2021-07-19,1,1,0,35,60,60,0,5.2
volimtrikoloru,2021-07-19,1,0,1,0,142,119,23,4.4
vonpecka,2021-07-19,7,4,3,18,695,496,199,14.7
zeleni_cz,2021-07-19,5,4,1,199,504,265,239,6.2
alenaschillerov,2021-07-18,7,7,0,186,1169,1039,130,43
AndrejBabis,2021-07-18,2,2,0,426,2399,547,1852,99.4
Jan_Skopecek,2021-07-18,1,1,0,33,511,459,52,104.3
JanLipavsky,2021-07-18,2,0,2,0,1595,297,1298,44.7
kalousekm,2021-07-18,6,6,0,2051,2172,2132,40,1032.1
KarelHavlicek_,2021-07-18,2,1,1,94,733,524,209,22.2
kducsl,2021-07-18,6,0,6,0,3441,282,3159,10.9
market_a,2021-07-18,2,2,0,531,782,643,139,588.5
MJureka,2021-07-18,3,3,0,210,1223,1066,157,234.2
ODScz,2021-07-18,3,1,2,120,3004,891,2113,115.5
PiratIvanBartos,2021-07-18,2,2,0,234,589,554,35,230.1
Pospisil_Jiri,2021-07-18,1,1,0,225,380,325,55,88.7
SpoluKoalice,2021-07-18,8,0,8,0,3137,247,2890,46.7
STANcz,2021-07-18,1,0,1,0,750,213,537,12.8
TomasCzernin,2021-07-18,1,1,0,254,153,149,4,86.6
TomasZdechovsky,2021-07-18,22,18,4,687,5515,4168,1347,262.2
tomio_cz,2021-07-18,2,2,0,274,768,768,0,38.9
TOP09cz,2021-07-18,1,0,1,0,2698,106,2592,15.3
VeslavM,2021-07-18,6,6,0,251,387,378,9,8.9
Vit_Rakusan,2021-07-18,1,1,0,596,196,174,22,87.8
vonpecka,2021-07-18,1,0,1,0,688,492,196,14.6
ZdenekHrib,2021-07-18,12,12,0,82,709,629,80,137.8
zeleni_cz,2021-07-18,1,1,0,0,499,261,238,6
alenaschillerov,2021-07-17,3,3,0,80,1162,1032,130,42.8
AndrejBabis,2021-07-17,13,3,10,412,2397,545,1852,99
Jan_Skopecek,2021-07-17,3,3,0,583,510,458,52,104.2
JanLipavsky,2021-07-17,12,0,12,0,1593,297,1296,44.7
kalousekm,2021-07-17,1,1,0,2029,2166,2126,40,1030
KarelHavlicek_,2021-07-17,7,7,0,226,731,523,208,22.1
kducsl,2021-07-17,14,0,14,0,3435,282,3153,10.9
market_a,2021-07-17,1,1,0,5,780,641,139,588
MJureka,2021-07-17,9,8,1,1618,1220,1063,157,234
ODScz,2021-07-17,3,1,2,382,3001,890,2111,115.4
PiratIvanBartos,2021-07-17,2,2,0,760,587,552,35,229.8
PiratskaStrana,2021-07-17,2,2,0,205,1242,499,743,69.5
SpoluKoalice,2021-07-17,17,2,15,85,3129,247,2882,46.7
STANcz,2021-07-17,2,1,1,139,749,213,536,12.8
TomasZdechovsky,2021-07-17,28,25,3,683,5493,4150,1343,261.5
tomio_cz,2021-07-17,1,1,0,157,766,766,0,38.6
TOP09cz,2021-07-17,5,0,5,0,2697,106,2591,15.3
VeslavM,2021-07-17,2,2,0,0,381,372,9,8.6
Vit_Rakusan,2021-07-17,6,6,0,580,195,173,22,87.2
vonpecka,2021-07-17,4,2,2,21,687,492,195,14.6
zeleni_cz,2021-07-17,2,0,2,0,498,260,238,6
alenaschillerov,2021-07-16,7,6,1,287,1159,1029,130,42.7
AndrejBabis,2021-07-16,12,9,3,855,2384,542,1842,98.6
honzabartosek,2021-07-16,2,2,0,313,336,333,3,41.4
Jan_Skopecek,2021-07-16,2,2,0,38,507,455,52,103.6
jana_cernochova,2021-07-16,1,1,0,65,519,501,18,44
JanLipavsky,2021-07-16,4,0,4,0,1581,297,1284,44.7
jhamacek,2021-07-16,1,1,0,40,432,323,109,51.9
kalousekm,2021-07-16,7,7,0,2787,2165,2125,40,1028
KarelHavlicek_,2021-07-16,7,7,0,256,724,516,208,21.9
kducsl,2021-07-16,23,2,21,8,3421,282,3139,10.9
makupka,2021-07-16,1,1,0,697,162,139,23,89.7
market_a,2021-07-16,4,3,1,1301,779,640,139,588
MJureka,2021-07-16,6,6,0,528,1211,1055,156,232.4
ODScz,2021-07-16,19,4,15,1421,2998,889,2109,115
olgarichterova,2021-07-16,1,0,1,0,473,450,23,33.8
P_Fiala,2021-07-16,14,12,2,1646,753,487,266,191.5
PiratIvanBartos,2021-07-16,3,3,0,1354,585,550,35,229.1
PiratskaStrana,2021-07-16,3,1,2,1086,1240,497,743,69.3
Pospisil_Jiri,2021-07-16,1,0,1,0,379,324,55,88.5
SpoluKoalice,2021-07-16,39,4,35,688,3112,245,2867,46.6
STANcz,2021-07-16,2,1,1,63,747,212,535,12.7
TomasZdechovsky,2021-07-16,27,18,9,1154,5465,4125,1340,260.9
tomio_cz,2021-07-16,5,5,0,329,765,765,0,38.5
TOP09cz,2021-07-16,16,0,16,0,2692,106,2586,15.3
Vit_Rakusan,2021-07-16,1,1,0,230,189,167,22,86.6
vonpecka,2021-07-16,3,2,1,16,683,490,193,14.6
zeleni_cz,2021-07-16,3,2,1,44,496,260,236,6
alenaschillerov,2021-07-15,8,6,2,86,1152,1023,129,42.4
AndrejBabis,2021-07-15,14,8,6,4752,2372,533,1839,97.7
honzabartosek,2021-07-15,2,2,0,91,334,331,3,41.1
Jan_Skopecek,2021-07-15,8,8,0,1004,505,453,52,103.6
jana_cernochova,2021-07-15,1,1,0,254,518,500,18,43.9
JanLipavsky,2021-07-15,7,1,6,151,1577,297,1280,44.7
jhamacek,2021-07-15,6,4,2,356,431,322,109,51.8
kalousekm,2021-07-15,8,8,0,4427,2158,2118,40,1025.2
KarelHavlicek_,2021-07-15,2,1,1,51,717,509,208,21.6
kducsl,2021-07-15,27,2,25,163,3398,280,3118,10.9
Kuba_Martin,2021-07-15,1,1,0,9,921,921,0,120.4
makupka,2021-07-15,1,1,0,365,161,138,23,89
market_a,2021-07-15,3,2,1,351,775,637,138,586.7
MartinBaxa2,2021-07-15,3,2,1,256,118,117,1,37.7
metnarl,2021-07-15,4,3,1,77,96,72,24,5.3
ODScz,2021-07-15,18,3,15,914,2979,885,2094,113.6
P_Fiala,2021-07-15,5,4,1,879,739,475,264,189.8
PiratIvanBartos,2021-07-15,9,9,0,2039,582,547,35,227.7
PiratskaStrana,2021-07-15,3,3,0,4111,1237,496,741,68.2
Pospisil_Jiri,2021-07-15,2,2,0,465,378,324,54,88.5
SpoluKoalice,2021-07-15,22,3,19,217,3073,241,2832,45.9
STANcz,2021-07-15,6,3,3,979,745,211,534,12.6
TomasZdechovsky,2021-07-15,24,19,5,624,5438,4107,1331,259.7
tomio_cz,2021-07-15,3,3,0,155,760,760,0,38.1
TOP09cz,2021-07-15,11,2,9,59,2676,106,2570,15.3
VeslavM,2021-07-15,1,1,0,1,379,370,9,8.6
Vit_Rakusan,2021-07-15,2,2,0,511,188,166,22,86.4
vonpecka,2021-07-15,5,4,1,62,680,488,192,14.6
zeleni_cz,2021-07-15,2,1,1,1,493,258,235,6
alenaschillerov,2021-07-14,16,16,0,362,1144,1017,127,42.3
AndrejBabis,2021-07-14,27,8,19,485,2358,525,1833,93
honzabartosek,2021-07-14,2,2,0,228,332,329,3,41
Jan_Skopecek,2021-07-14,2,2,0,744,497,445,52,102.6
JanLipavsky,2021-07-14,5,0,5,0,1570,296,1274,44.5
kalousekm,2021-07-14,7,7,0,769,2150,2110,40,1020.8
KarelHavlicek_,2021-07-14,4,3,1,127,715,508,207,21.6
kducsl,2021-07-14,17,1,16,28,3371,278,3093,10.7
market_a,2021-07-14,5,5,0,2507,772,635,137,586.4
metnarl,2021-07-14,2,2,0,248,92,69,23,5.2
MJureka,2021-07-14,4,4,0,382,1205,1049,156,231.9
ODScz,2021-07-14,15,6,9,215,2961,882,2079,112.6
P_Fiala,2021-07-14,1,1,0,186,734,471,263,188.9
PavelSehnal64,2021-07-14,1,1,0,6,56,56,0,0.3
PiratIvanBartos,2021-07-14,3,3,0,2220,573,538,35,225.7
PiratskaStrana,2021-07-14,7,3,4,868,1234,493,741,64.1
Pospisil_Jiri,2021-07-14,1,1,0,1293,376,322,54,88
SpoluKoalice,2021-07-14,22,3,19,573,3051,238,2813,45.7
STANcz,2021-07-14,1,0,1,0,739,208,531,11.6
TomasZdechovsky,2021-07-14,45,33,12,1485,5414,4088,1326,259.1
tomio_cz,2021-07-14,2,2,0,201,757,757,0,38
TOP09cz,2021-07-14,20,1,19,74,2665,104,2561,15.3
VeslavM,2021-07-14,3,3,0,33,378,369,9,8.6
Vit_Rakusan,2021-07-14,1,1,0,1,186,164,22,85.9
volimtrikoloru,2021-07-14,1,0,1,0,141,119,22,4.4
vonpecka,2021-07-14,9,3,6,45,675,484,191,14.5
ZdenekHrib,2021-07-14,1,0,1,0,697,617,80,137.8
zeleni_cz,2021-07-14,5,4,1,129,491,257,234,6
alenaschillerov,2021-07-13,10,10,0,221,1128,1001,127,42
AndrejBabis,2021-07-13,5,0,5,0,2331,517,1814,92.5
general_pavel,2021-07-13,1,1,0,258,149,148,1,96
honzabartosek,2021-07-13,1,1,0,80,330,327,3,40.8
Jan_Skopecek,2021-07-13,5,5,0,549,495,443,52,101.9
jana_cernochova,2021-07-13,2,2,0,360,517,499,18,43.7
JanLipavsky,2021-07-13,7,0,7,0,1565,296,1269,44.5
jhamacek,2021-07-13,2,1,1,83,425,318,107,51.5
kalousekm,2021-07-13,10,10,0,1722,2143,2103,40,1020
KarelHavlicek_,2021-07-13,3,2,1,44,711,505,206,21.4
kducsl,2021-07-13,34,2,32,160,3354,277,3077,10.7
makupka,2021-07-13,1,1,0,703,160,137,23,88.7
market_a,2021-07-13,6,5,1,1571,767,630,137,583.8
metnarl,2021-07-13,3,2,1,41,90,67,23,4.9
MJureka,2021-07-13,7,6,1,378,1201,1045,156,231.5
ODScz,2021-07-13,21,5,16,929,2946,876,2070,112.4
olgarichterova,2021-07-13,1,1,0,293,472,450,22,33.8
P_Fiala,2021-07-13,5,0,5,0,733,470,263,188.7
PiratIvanBartos,2021-07-13,7,7,0,4394,570,535,35,223.4
PiratskaStrana,2021-07-13,7,3,4,544,1227,490,737,63.2
Pospisil_Jiri,2021-07-13,1,0,1,0,375,321,54,86.7
SpoluKoalice,2021-07-13,36,6,30,744,3029,235,2794,45.1
STANcz,2021-07-13,11,0,11,0,738,208,530,11.6
TomasCzernin,2021-07-13,1,1,0,196,152,148,4,86.4
TomasZdechovsky,2021-07-13,46,31,15,536,5369,4055,1314,257.6
tomio_cz,2021-07-13,11,11,0,399,755,755,0,37.8
TOP09cz,2021-07-13,11,1,10,52,2645,103,2542,15.2
Vit_Rakusan,2021-07-13,3,3,0,1070,185,163,22,85.9
vonpecka,2021-07-13,1,1,0,32,666,481,185,14.5
ZdenekHrib,2021-07-13,6,6,0,3027,696,617,79,137.8
zeleni_cz,2021-07-13,2,1,1,39,486,253,233,5.8
alenaschillerov,2021-07-12,8,8,0,219,1118,991,127,41.7
AndrejBabis,2021-07-12,10,2,8,161,2326,517,1809,92.5
honzabartosek,2021-07-12,2,2,0,78,329,326,3,40.7
Jan_Skopecek,2021-07-12,1,1,0,66,490,438,52,101.3
JanLipavsky,2021-07-12,8,0,8,0,1558,296,1262,44.5
jhamacek,2021-07-12,5,4,1,236,423,317,106,51.4
kalousekm,2021-07-12,2,2,0,1783,2133,2093,40,1018.3
KarelHavlicek_,2021-07-12,3,1,2,18,708,503,205,21.4
kducsl,2021-07-12,21,1,20,276,3320,275,3045,10.5
makupka,2021-07-12,1,1,0,378,159,136,23,88
market_a,2021-07-12,2,2,0,6384,761,625,136,582.3
metnarl,2021-07-12,1,1,0,28,87,65,22,4.9
MJureka,2021-07-12,3,3,0,178,1194,1039,155,231.1
ODScz,2021-07-12,19,6,13,474,2925,871,2054,111.5
olgarichterova,2021-07-12,2,2,0,430,471,449,22,33.5
P_Fiala,2021-07-12,13,8,5,653,728,470,258,188.7
PiratIvanBartos,2021-07-12,2,2,0,1177,563,528,35,219.1
PiratskaStrana,2021-07-12,3,0,3,0,1220,487,733,62.7
Pospisil_Jiri,2021-07-12,3,2,1,318,374,321,53,86.7
SpoluKoalice,2021-07-12,26,5,21,428,2993,229,2764,44.3
STANcz,2021-07-12,1,0,1,0,727,208,519,11.6
TomasCzernin,2021-07-12,1,1,0,706,151,147,4,86.2
TomasZdechovsky,2021-07-12,57,43,14,1623,5323,4024,1299,257.1
tomio_cz,2021-07-12,2,2,0,161,744,744,0,37.4
TOP09cz,2021-07-12,14,1,13,354,2634,102,2532,15.1
volimtrikoloru,2021-07-12,1,0,1,0,140,119,21,4.4
vonpecka,2021-07-12,5,5,0,151,665,480,185,14.5
Zbynek_Stanjura,2021-07-12,1,1,0,1544,23,19,4,20.5
ZdenekHrib,2021-07-12,8,8,0,281,690,611,79,134.7
zeleni_cz,2021-07-12,4,3,1,79,484,252,232,5.8
alenaschillerov,2021-07-11,3,2,1,44,1110,983,127,41.5
AndrejBabis,2021-07-11,11,1,10,485,2316,515,1801,92.3
general_pavel,2021-07-11,1,1,0,366,148,147,1,95.8
Jan_Skopecek,2021-07-11,2,2,0,351,489,437,52,101.2
JanLipavsky,2021-07-11,5,1,4,78,1550,296,1254,44.5
kalousekm,2021-07-11,9,9,0,365,2131,2091,40,1016.5
KarelHavlicek_,2021-07-11,2,1,1,18,705,502,203,21.4
kducsl,2021-07-11,8,0,8,0,3299,274,3025,10.2
Kuba_Martin,2021-07-11,9,9,0,293,920,920,0,120.4
market_a,2021-07-11,1,1,0,181,759,623,136,575.9
MJureka,2021-07-11,11,11,0,1745,1191,1036,155,231
ODScz,2021-07-11,3,1,2,151,2906,865,2041,111
P_Fiala,2021-07-11,2,2,0,439,715,462,253,188.1
PiratIvanBartos,2021-07-11,2,2,0,697,561,526,35,217.9
PiratskaStrana,2021-07-11,2,0,2,0,1217,487,730,62.7
SpoluKoalice,2021-07-11,8,0,8,0,2967,224,2743,43.9
STANcz,2021-07-11,1,0,1,0,726,208,518,11.6
TomasZdechovsky,2021-07-11,12,10,2,164,5266,3981,1285,255.4
tomio_cz,2021-07-11,1,1,0,61,742,742,0,37.2
vonpecka,2021-07-11,3,2,1,18,660,475,185,14.3
ZdenekHrib,2021-07-11,3,3,0,319,682,603,79,134.4
zeleni_cz,2021-07-11,3,2,1,7,480,249,231,5.7
alenaschillerov,2021-07-10,6,6,0,126,1107,981,126,41.5
AndrejBabis,2021-07-10,8,5,3,594,2305,514,1791,91.9
general_pavel,2021-07-10,1,1,0,1,147,146,1,95.4
Jan_Skopecek,2021-07-10,2,2,0,255,487,435,52,100.9
JanLipavsky,2021-07-10,4,0,4,0,1545,295,1250,44.4
kalousekm,2021-07-10,6,5,1,1051,2122,2082,40,1016.1
KarelHavlicek_,2021-07-10,4,4,0,194,703,501,202,21.3
kducsl,2021-07-10,9,0,9,0,3291,274,3017,10.2
Kuba_Martin,2021-07-10,25,25,0,542,911,911,0,120.1
makupka,2021-07-10,5,5,0,30,158,135,23,87.6
MJureka,2021-07-10,5,5,0,832,1180,1025,155,229.2
ODScz,2021-07-10,4,3,1,229,2903,864,2039,110.9
P_Fiala,2021-07-10,1,1,0,131,713,460,253,187.7
SpoluKoalice,2021-07-10,11,0,11,0,2959,224,2735,43.9
TomasZdechovsky,2021-07-10,22,20,2,333,5254,3971,1283,255.3
tomio_cz,2021-07-10,2,2,0,113,741,741,0,37.2
TOP09cz,2021-07-10,5,0,5,0,2620,101,2519,14.8
vonpecka,2021-07-10,2,2,0,9,657,473,184,14.3
ZdenekHrib,2021-07-10,15,15,0,1097,679,600,79,134.1
alenaschillerov,2021-07-09,6,6,0,148,1101,975,126,41.4
AndrejBabis,2021-07-09,9,2,7,152,2297,509,1788,91.3
general_pavel,2021-07-09,2,2,0,442,146,145,1,95.4
honzabartosek,2021-07-09,2,2,0,59,327,324,3,40.7
Jan_Skopecek,2021-07-09,3,3,0,1081,485,433,52,100.6
jana_cernochova,2021-07-09,6,6,0,551,515,497,18,43.3
JanLipavsky,2021-07-09,5,1,4,541,1541,295,1246,44.4
kalousekm,2021-07-09,4,4,0,986,2116,2077,39,1015.1
KarelHavlicek_,2021-07-09,9,8,1,206,699,497,202,21.1
kducsl,2021-07-09,14,0,14,0,3282,274,3008,10.2
Kuba_Martin,2021-07-09,1,1,0,26,886,886,0,119.6
makupka,2021-07-09,2,2,0,682,153,130,23,87.6
milionchvilek,2021-07-09,2,2,0,296,268,176,92,31.8
MJureka,2021-07-09,12,10,2,804,1175,1020,155,228.4
ODScz,2021-07-09,11,6,5,209,2899,861,2038,110.6
olgarichterova,2021-07-09,1,1,0,0,469,447,22,33.1
P_Fiala,2021-07-09,2,2,0,1195,712,459,253,187.5
PiratIvanBartos,2021-07-09,3,3,0,3766,559,524,35,217.2
PiratskaStrana,2021-07-09,3,0,3,0,1215,487,728,62.7
SpoluKoalice,2021-07-09,13,0,13,0,2948,224,2724,43.9
STANcz,2021-07-09,1,0,1,0,725,208,517,11.6
TomasZdechovsky,2021-07-09,28,23,5,778,5232,3951,1281,254.9
tomio_cz,2021-07-09,3,3,0,245,739,739,0,37.1
TOP09cz,2021-07-09,7,0,7,0,2615,101,2514,14.8
VeslavM,2021-07-09,1,1,0,1,375,366,9,8.6
Vit_Rakusan,2021-07-09,3,3,0,947,182,160,22,84.8
vonpecka,2021-07-09,2,2,0,514,655,471,184,14.3
ZdenekHrib,2021-07-09,5,4,1,589,664,585,79,133
zeleni_cz,2021-07-09,6,5,1,63,477,247,230,5.7
alenaschillerov,2021-07-08,11,11,0,384,1095,969,126,41.2
AndrejBabis,2021-07-08,15,7,8,597,2288,507,1781,91.1
czKSCM,2021-07-08,1,0,1,0,87,20,67,0.2
honzabartosek,2021-07-08,4,4,0,45,325,322,3,40.6
Jan_Skopecek,2021-07-08,8,8,0,2136,482,430,52,99.6
jana_cernochova,2021-07-08,1,1,0,562,509,491,18,42.8
JanLipavsky,2021-07-08,2,0,2,0,1536,294,1242,43.9
kalousekm,2021-07-08,22,21,1,1158,2112,2073,39,1014.1
KarelHavlicek_,2021-07-08,12,10,2,254,690,489,201,20.9
kducsl,2021-07-08,21,2,19,55,3268,274,2994,10.2
Kuba_Martin,2021-07-08,1,1,0,724,885,885,0,119.5
makupka,2021-07-08,1,1,0,1327,151,128,23,86.9
market_a,2021-07-08,2,1,1,1055,758,622,136,575.7
MJureka,2021-07-08,8,8,0,565,1163,1010,153,227.6
ODScz,2021-07-08,19,12,7,1427,2888,855,2033,110.4
olgarichterova,2021-07-08,3,3,0,88,468,446,22,33.1
P_Fiala,2021-07-08,1,1,0,271,710,457,253,186.3
PiratIvanBartos,2021-07-08,1,1,0,372,556,521,35,213.4
PiratskaStrana,2021-07-08,4,3,1,1563,1212,487,725,62.7
Pospisil_Jiri,2021-07-08,1,1,0,382,371,319,52,86.4
SpoluKoalice,2021-07-08,33,1,32,156,2935,224,2711,43.9
STANcz,2021-07-08,2,0,2,0,724,208,516,11.6
TomasZdechovsky,2021-07-08,29,23,6,1957,5204,3928,1276,254.2
tomio_cz,2021-07-08,3,3,0,358,736,736,0,36.8
TOP09cz,2021-07-08,6,1,5,220,2608,101,2507,14.8
VeslavM,2021-07-08,6,6,0,1,374,365,9,8.6
Vit_Rakusan,2021-07-08,1,1,0,206,179,157,22,83.8
vonpecka,2021-07-08,2,1,1,3,653,469,184,13.8
ZdenekHrib,2021-07-08,1,0,1,0,659,581,78,132.4
zeleni_cz,2021-07-08,2,1,1,23,471,242,229,5.7
alenaschillerov,2021-07-07,6,6,0,221,1084,958,126,40.8
AndrejBabis,2021-07-07,10,2,8,135,2273,500,1773,90.5
general_pavel,2021-07-07,1,1,0,112,144,143,1,95
honzabartosek,2021-07-07,3,3,0,649,321,318,3,40.6
Jan_Skopecek,2021-07-07,2,2,0,586,474,422,52,97.4
jana_cernochova,2021-07-07,1,1,0,153,508,490,18,42.2
JanLipavsky,2021-07-07,4,0,4,0,1534,294,1240,43.9
jhamacek,2021-07-07,2,2,0,537,418,313,105,51.2
kalousekm,2021-07-07,15,14,1,3265,2090,2052,38,1013
KarelHavlicek_,2021-07-07,3,3,0,78,678,479,199,20.7
kducsl,2021-07-07,33,5,28,204,3247,272,2975,10.2
market_a,2021-07-07,3,1,2,830,756,621,135,574.7
milionchvilek,2021-07-07,1,1,0,64,266,174,92,31.5
MJureka,2021-07-07,24,20,4,7832,1155,1002,153,227
ODScz,2021-07-07,15,9,6,777,2869,843,2026,109
olgarichterova,2021-07-07,2,2,0,153,465,443,22,33
P_Fiala,2021-07-07,5,4,1,2834,709,456,253,186.1
PiratIvanBartos,2021-07-07,13,13,0,863,555,520,35,213
PiratskaStrana,2021-07-07,9,0,9,0,1208,484,724,61.1
Pospisil_Jiri,2021-07-07,1,1,0,259,370,318,52,86
SpoluKoalice,2021-07-07,14,3,11,115,2902,223,2679,43.8
STANcz,2021-07-07,2,1,1,74,722,208,514,11.6
TomasCzernin,2021-07-07,1,1,0,263,150,146,4,85.5
TomasZdechovsky,2021-07-07,42,37,5,1607,5175,3905,1270,252.2
tomio_cz,2021-07-07,6,6,0,895,733,733,0,36.5
TOP09cz,2021-07-07,11,1,10,62,2602,100,2502,14.6
VeslavM,2021-07-07,1,1,0,24,368,359,9,8.6
Vit_Rakusan,2021-07-07,1,0,1,0,178,156,22,83.6
vojtafilip,2021-07-07,1,1,0,68,59,59,0,5.1
vonpecka,2021-07-07,3,3,0,76,651,468,183,13.8
zeleni_cz,2021-07-07,1,1,0,18,469,241,228,5.6
alenaschillerov,2021-07-06,2,1,1,15,1078,952,126,40.6
AndrejBabis,2021-07-06,4,0,4,0,2263,498,1765,90.4
Jan_Skopecek,2021-07-06,3,3,0,1107,472,420,52,96.8
JanLipavsky,2021-07-06,3,0,3,0,1530,294,1236,43.9
jhamacek,2021-07-06,1,1,0,56,416,311,105,50.6
kalousekm,2021-07-06,26,26,0,7187,2075,2038,37,1009.7
KarelHavlicek_,2021-07-06,4,3,1,71,675,476,199,20.6
kducsl,2021-07-06,22,0,22,0,3214,267,2947,10
Kuba_Martin,2021-07-06,9,9,0,974,884,884,0,118.8
makupka,2021-07-06,1,1,0,801,150,127,23,85.5
market_a,2021-07-06,1,1,0,1487,753,620,133,573.8
MJureka,2021-07-06,3,3,0,1449,1131,982,149,219.2
ODScz,2021-07-06,4,0,4,0,2854,834,2020,108.2
P_Fiala,2021-07-06,1,1,0,117,704,452,252,183.2
PiratIvanBartos,2021-07-06,5,5,0,2952,542,507,35,212.2
PiratskaStrana,2021-07-06,7,3,4,228,1199,484,715,61.1
Pospisil_Jiri,2021-07-06,1,1,0,159,369,317,52,85.8
SpoluKoalice,2021-07-06,21,0,21,0,2888,220,2668,43.6
STANcz,2021-07-06,4,0,4,0,720,207,513,11.6
TomasCzernin,2021-07-06,1,1,0,1250,149,145,4,85.2
TomasZdechovsky,2021-07-06,45,36,9,888,5133,3868,1265,250.6
tomio_cz,2021-07-06,2,2,0,313,727,727,0,35.6
TOP09cz,2021-07-06,9,0,9,0,2591,99,2492,14.5
VeslavM,2021-07-06,2,2,0,2,367,358,9,8.6
Vit_Rakusan,2021-07-06,1,1,0,1218,177,156,21,83.6
vonpecka,2021-07-06,2,0,2,0,648,465,183,13.7
Zbynek_Stanjura,2021-07-06,1,1,0,1393,22,18,4,18.9
zeleni_cz,2021-07-06,3,3,0,13,468,240,228,5.6
alenaschillerov,2021-07-05,2,2,0,137,1076,951,125,40.6
AndrejBabis,2021-07-05,6,4,2,1036,2259,498,1761,90.4
jhamacek,2021-07-05,1,1,0,121,415,310,105,50.6
kalousekm,2021-07-05,20,20,0,4029,2049,2012,37,1002.5
KarelHavlicek_,2021-07-05,2,1,1,293,671,473,198,20.5
kducsl,2021-07-05,15,0,15,0,3192,267,2925,10
Kuba_Martin,2021-07-05,1,1,0,0,875,875,0,117.8
MartinBaxa2,2021-07-05,1,1,0,43,115,115,0,37.4
milionchvilek,2021-07-05,1,1,0,26,265,173,92,31.4
MJureka,2021-07-05,2,2,0,1254,1128,979,149,217.7
ODScz,2021-07-05,4,2,2,687,2850,834,2016,108.2
P_Fiala,2021-07-05,1,1,0,596,703,451,252,183.1
PiratIvanBartos,2021-07-05,13,13,0,642,537,502,35,209.2
PiratskaStrana,2021-07-05,1,0,1,0,1192,481,711,60.9
Pospisil_Jiri,2021-07-05,2,1,1,283,368,316,52,85.6
SpoluKoalice,2021-07-05,12,0,12,0,2867,220,2647,43.6
TomasZdechovsky,2021-07-05,47,40,7,832,5088,3832,1256,249.7
tomio_cz,2021-07-05,1,1,0,0,725,725,0,35.2
TOP09cz,2021-07-05,2,0,2,0,2582,99,2483,14.5
Vit_Rakusan,2021-07-05,1,1,0,158,176,155,21,82.4
vonpecka,2021-07-05,1,1,0,15,646,465,181,13.7
alenaschillerov,2021-07-04,6,5,1,270,1074,949,125,40.4
AndrejBabis,2021-07-04,7,0,7,0,2253,494,1759,89.3
Jan_Skopecek,2021-07-04,2,1,1,49,469,417,52,95.7
JanLipavsky,2021-07-04,1,0,1,0,1527,294,1233,43.9
kalousekm,2021-07-04,8,8,0,981,2029,1992,37,998.5
KarelHavlicek_,2021-07-04,9,9,0,245,669,472,197,20.2
kducsl,2021-07-04,8,0,8,0,3177,267,2910,10
Kuba_Martin,2021-07-04,7,7,0,22,874,874,0,117.8
milionchvilek,2021-07-04,1,1,0,205,264,172,92,31.4
ODScz,2021-07-04,1,1,0,1013,2846,832,2014,107.5
olgarichterova,2021-07-04,1,0,1,0,463,441,22,32.8
PiratskaStrana,2021-07-04,1,1,0,151,1191,481,710,60.9
SpoluKoalice,2021-07-04,6,0,6,0,2855,220,2635,43.6
STANcz,2021-07-04,1,0,1,0,716,207,509,11.6
TomasZdechovsky,2021-07-04,18,16,2,472,5041,3792,1249,248.9
tomio_cz,2021-07-04,3,3,0,439,724,724,0,35.2
TOP09cz,2021-07-04,2,0,2,0,2580,99,2481,14.5
VeslavM,2021-07-04,3,3,0,49,365,356,9,8.6
vonpecka,2021-07-04,1,0,1,0,645,464,181,13.7
alenaschillerov,2021-07-03,5,5,0,211,1068,944,124,40.2
AndrejBabis,2021-07-03,4,2,2,545,2246,494,1752,89.3
Jan_Skopecek,2021-07-03,2,2,0,131,467,416,51,95.7
JanLipavsky,2021-07-03,4,0,4,0,1526,294,1232,43.9
kalousekm,2021-07-03,7,7,0,3675,2021,1984,37,997.5
kducsl,2021-07-03,10,0,10,0,3169,267,2902,10
Kuba_Martin,2021-07-03,7,7,0,346,867,867,0,117.8
market_a,2021-07-03,1,1,0,2683,752,619,133,572.3
milionchvilek,2021-07-03,1,1,0,172,263,171,92,31.2
MJureka,2021-07-03,1,1,0,62,1126,977,149,216.5
ODScz,2021-07-03,4,1,3,171,2845,831,2014,106.5
P_Fiala,2021-07-03,3,2,1,373,702,450,252,182.5
PiratIvanBartos,2021-07-03,4,4,0,349,524,489,35,208.6
PiratskaStrana,2021-07-03,1,0,1,0,1190,480,710,60.7
SpoluKoalice,2021-07-03,6,0,6,0,2849,220,2629,43.6
TomasZdechovsky,2021-07-03,22,18,4,1268,5023,3776,1247,248.4
tomio_cz,2021-07-03,3,3,0,353,721,721,0,34.8
TOP09cz,2021-07-03,1,0,1,0,2578,99,2479,14.5
VeslavM,2021-07-03,1,1,0,31,362,353,9,8.5
ZdenekHrib,2021-07-03,1,1,0,54,658,581,77,132.4
zeleni_cz,2021-07-03,2,2,0,40,465,237,228,5.6
alenaschillerov,2021-07-02,15,12,3,399,1063,939,124,40
AndrejBabis,2021-07-02,11,6,5,509,2242,492,1750,88.8
honzabartosek,2021-07-02,1,0,1,0,318,315,3,39.9
Jan_Skopecek,2021-07-02,1,1,0,280,465,414,51,95.5
JanLipavsky,2021-07-02,3,0,3,0,1522,294,1228,43.9
kalousekm,2021-07-02,2,2,0,271,2014,1977,37,993.8
KarelHavlicek_,2021-07-02,5,5,0,176,660,463,197,20
kducsl,2021-07-02,17,2,15,37,3159,267,2892,10
Kuba_Martin,2021-07-02,1,1,0,1,860,860,0,117.5
makupka,2021-07-02,1,1,0,196,149,126,23,84.7
market_a,2021-07-02,1,1,0,1130,751,618,133,569.7
MJureka,2021-07-02,3,2,1,1518,1125,976,149,216.4
ODScz,2021-07-02,8,4,4,712,2841,830,2011,106.4
P_Fiala,2021-07-02,1,1,0,529,699,448,251,182.1
PiratIvanBartos,2021-07-02,7,7,0,914,520,485,35,208.2
PiratskaStrana,2021-07-02,6,2,4,227,1189,480,709,60.7
Pospisil_Jiri,2021-07-02,1,1,0,38,366,315,51,85.3
RobertSlachta,2021-07-02,2,0,2,0,154,103,51,3.6
SpoluKoalice,2021-07-02,15,1,14,371,2843,220,2623,43.6
STANcz,2021-07-02,2,1,1,50,715,207,508,11.6
TomasCzernin,2021-07-02,1,1,0,303,148,144,4,84
TomasZdechovsky,2021-07-02,20,15,5,844,5001,3758,1243,247.1
tomio_cz,2021-07-02,2,2,0,88,718,718,0,34.5
TOP09cz,2021-07-02,8,1,7,234,2577,99,2478,14.5
VeslavM,2021-07-02,9,9,0,14,361,352,9,8.5
vonpecka,2021-07-02,3,1,2,17,644,464,180,13.7
zeleni_cz,2021-07-02,6,6,0,191,463,235,228,5.6
alenaschillerov,2021-07-01,11,9,2,190,1048,927,121,39.6
AndrejBabis,2021-07-01,12,5,7,418,2231,486,1745,88.3
czKSCM,2021-07-01,1,0,1,0,86,20,66,0.2
general_pavel,2021-07-01,2,2,0,441,143,142,1,94.8
honzabartosek,2021-07-01,1,1,0,91,317,315,2,39.9
Jan_Skopecek,2021-07-01,6,4,2,458,464,413,51,95.3
jana_cernochova,2021-07-01,1,1,0,12,507,489,18,42.1
JanLipavsky,2021-07-01,5,0,5,0,1519,294,1225,43.9
jhamacek,2021-07-01,1,0,1,0,414,309,105,50.5
kalousekm,2021-07-01,16,16,0,3261,2012,1975,37,993.5
KarelHavlicek_,2021-07-01,11,10,1,201,655,458,197,19.8
kducsl,2021-07-01,18,0,18,0,3142,265,2877,10
Kuba_Martin,2021-07-01,3,3,0,12,859,859,0,117.5
makupka,2021-07-01,1,1,0,182,148,125,23,84.6
market_a,2021-07-01,3,3,0,5398,750,617,133,568.5
MartinBaxa2,2021-07-01,1,1,0,105,114,114,0,37.4
metnarl,2021-07-01,1,1,0,31,86,64,22,4.9
MJureka,2021-07-01,3,3,0,413,1122,974,148,214.9
ODScz,2021-07-01,8,7,1,919,2833,826,2007,105.6
P_Fiala,2021-07-01,4,4,0,539,698,447,251,181.6
PiratIvanBartos,2021-07-01,12,12,0,1397,513,478,35,207.3
PiratskaStrana,2021-07-01,13,9,4,855,1183,478,705,60.5
RobertSlachta,2021-07-01,4,0,4,0,152,103,49,3.6
SpoluKoalice,2021-07-01,17,0,17,0,2828,219,2609,43.3
STANcz,2021-07-01,6,4,2,276,713,206,507,11.5
TomasZdechovsky,2021-07-01,49,42,7,777,4981,3743,1238,246.3
tomio_cz,2021-07-01,2,2,0,61,716,716,0,34.4
TOP09cz,2021-07-01,13,0,13,0,2569,98,2471,14.3
VeslavM,2021-07-01,4,4,0,81,352,343,9,8.5
Vit_Rakusan,2021-07-01,3,2,1,123,175,154,21,82.3
vojtafilip,2021-07-01,1,1,0,352,58,58,0,5.1
volimtrikoloru,2021-07-01,2,2,0,29,139,119,20,4.4
vonpecka,2021-07-01,6,4,2,141,641,463,178,13.7
Zbynek_Stanjura,2021-07-01,1,1,0,734,21,17,4,17.5
ZdenekHrib,2021-07-01,4,4,0,621,657,580,77,132.4
zeleni_cz,2021-07-01,5,5,0,118,457,229,228,5.4
alenaschillerov,2021-06-30,8,7,1,133,1037,918,119,39.4
AndrejBabis,2021-06-30,13,2,11,181,2219,481,1738,87.9
Jan_Skopecek,2021-06-30,2,2,0,199,458,409,49,94.8
JanLipavsky,2021-06-30,6,0,6,0,1514,294,1220,43.9
jhamacek,2021-06-30,1,1,0,126,413,309,104,50.5
kalousekm,2021-06-30,18,18,0,5549,1996,1959,37,990.3
KarelHavlicek_,2021-06-30,9,9,0,128,644,448,196,19.6
kducsl,2021-06-30,27,2,25,59,3124,265,2859,10
market_a,2021-06-30,1,1,0,298,747,614,133,563.1
metnarl,2021-06-30,2,2,0,65,85,63,22,4.8
MJureka,2021-06-30,3,2,1,452,1119,971,148,214.5
ODScz,2021-06-30,18,8,10,614,2825,819,2006,104.7
olgarichterova,2021-06-30,1,0,1,0,462,441,21,32.8
P_Fiala,2021-06-30,11,9,2,1325,694,443,251,181.1
PiratIvanBartos,2021-06-30,10,9,1,1387,501,466,35,205.9
PiratskaStrana,2021-06-30,9,1,8,107,1170,469,701,59.6
Pospisil_Jiri,2021-06-30,1,1,0,348,365,314,51,85.3
RobertSlachta,2021-06-30,1,1,0,5,148,103,45,3.6
SpoluKoalice,2021-06-30,18,1,17,274,2811,219,2592,43.3
STANcz,2021-06-30,4,3,1,55,707,202,505,11.2
TomasCzernin,2021-06-30,2,2,0,638,147,143,4,83.7
TomasZdechovsky,2021-06-30,46,40,6,712,4932,3701,1231,245.5
tomio_cz,2021-06-30,1,1,0,154,714,714,0,34.3
TOP09cz,2021-06-30,18,0,18,0,2556,98,2458,14.3
VeslavM,2021-06-30,1,1,0,64,348,339,9,8.4
vonpecka,2021-06-30,1,0,1,0,635,459,176,13.5
zeleni_cz,2021-06-30,10,9,1,49,452,224,228,5.2
alenaschillerov,2021-06-29,8,5,3,191,1029,911,118,39.2
AndrejBabis,2021-06-29,20,5,15,352,2206,479,1727,87.7
czKSCM,2021-06-29,2,0,2,0,85,20,65,0.2
honzabartosek,2021-06-29,1,1,0,47,316,314,2,39.8
Jan_Skopecek,2021-06-29,3,3,0,607,456,407,49,94.6
jana_cernochova,2021-06-29,1,1,0,116,506,488,18,42
JanLipavsky,2021-06-29,3,1,2,1,1508,294,1214,43.9
jhamacek,2021-06-29,5,3,2,429,412,308,104,50.3
kalousekm,2021-06-29,10,10,0,1034,1978,1941,37,984.7
KarelHavlicek_,2021-06-29,8,8,0,141,635,439,196,19.5
kducsl,2021-06-29,28,3,25,64,3097,263,2834,9.9
Kuba_Martin,2021-06-29,1,1,0,11,856,856,0,117.5
makupka,2021-06-29,1,1,0,415,147,124,23,84.4
market_a,2021-06-29,4,3,1,3178,746,613,133,562.8
metnarl,2021-06-29,1,1,0,24,83,61,22,4.8
MJureka,2021-06-29,5,4,1,2106,1116,969,147,214
ODScz,2021-06-29,11,3,8,643,2807,811,1996,104.1
olgarichterova,2021-06-29,2,0,2,0,461,441,20,32.8
P_Fiala,2021-06-29,7,4,3,332,683,434,249,179.7
PiratIvanBartos,2021-06-29,3,3,0,1314,491,457,34,204.5
PiratskaStrana,2021-06-29,4,1,3,215,1161,468,693,59.5
Pospisil_Jiri,2021-06-29,1,1,0,73,364,313,51,84.9
SpoluKoalice,2021-06-29,33,2,31,62,2793,218,2575,43
STANcz,2021-06-29,5,0,5,0,703,199,504,11.2
TomasCzernin,2021-06-29,1,1,0,359,145,141,4,83
TomasZdechovsky,2021-06-29,44,33,11,885,4886,3661,1225,244.8
tomio_cz,2021-06-29,6,6,0,501,713,713,0,34.1
TOP09cz,2021-06-29,13,1,12,18,2538,98,2440,14.3
VeslavM,2021-06-29,1,1,0,22,347,338,9,8.3
Vit_Rakusan,2021-06-29,1,1,0,350,172,152,20,82.1
vojtafilip,2021-06-29,1,1,0,62,57,57,0,4.7
vonpecka,2021-06-29,3,3,0,44,634,459,175,13.5
ZdenekHrib,2021-06-29,10,9,1,1902,653,576,77,131.8
zeleni_cz,2021-06-29,28,26,2,415,442,215,227,5.2
alenaschillerov,2021-06-28,9,8,1,358,1021,906,115,39.1
AndrejBabis,2021-06-28,16,0,16,0,2186,474,1712,87.3
honzabartosek,2021-06-28,1,1,0,5,315,313,2,39.8
Jan_Skopecek,2021-06-28,4,4,0,550,453,404,49,94
JanLipavsky,2021-06-28,3,1,2,76,1505,293,1212,43.9
jhamacek,2021-06-28,1,1,0,102,407,305,102,49.9
kalousekm,2021-06-28,29,29,0,15928,1968,1931,37,983.7
KarelHavlicek_,2021-06-28,5,4,1,169,627,431,196,19.4
kducsl,2021-06-28,29,0,29,0,3069,260,2809,9.8
makupka,2021-06-28,1,1,0,228,146,123,23,84
market_a,2021-06-28,3,2,1,362,742,610,132,559.7
MJureka,2021-06-28,2,2,0,6138,1111,965,146,211.9
ODScz,2021-06-28,6,3,3,893,2796,808,1988,103.5
P_Fiala,2021-06-28,2,1,1,300,676,430,246,179.4
PiratIvanBartos,2021-06-28,6,6,0,1969,488,454,34,203.2
PiratskaStrana,2021-06-28,4,0,4,0,1157,467,690,59.3
Pospisil_Jiri,2021-06-28,1,1,0,813,363,312,51,84.9
SpoluKoalice,2021-06-28,20,0,20,0,2760,216,2544,42.9
STANcz,2021-06-28,1,0,1,0,698,199,499,11.2
TomasCzernin,2021-06-28,2,2,0,1627,144,140,4,82.7
TomasZdechovsky,2021-06-28,42,34,8,1451,4842,3628,1214,243.9
tomio_cz,2021-06-28,1,1,0,6,707,707,0,33.6
TOP09cz,2021-06-28,13,0,13,0,2525,97,2428,14.2
VeslavM,2021-06-28,1,1,0,0,346,337,9,8.3
vonpecka,2021-06-28,2,2,0,31,631,456,175,13.5
ZdenekHrib,2021-06-28,2,1,1,288,643,567,76,129.9
zeleni_cz,2021-06-28,1,1,0,16,414,189,225,4.8
alenaschillerov,2021-06-27,5,3,2,491,1012,898,114,38.7
AndrejBabis,2021-06-27,16,6,10,1631,2170,474,1696,87.3
czKSCM,2021-06-27,1,0,1,0,83,20,63,0.2
honzabartosek,2021-06-27,1,0,1,0,314,312,2,39.8
Jan_Skopecek,2021-06-27,2,2,0,373,449,400,49,93.5
jana_cernochova,2021-06-27,1,1,0,90,505,487,18,41.9
JanLipavsky,2021-06-27,3,0,3,0,1502,292,1210,43.8
jhamacek,2021-06-27,3,2,1,496,406,304,102,49.8
kalousekm,2021-06-27,6,6,0,125,1939,1902,37,967.8
KarelHavlicek_,2021-06-27,2,1,1,29,622,427,195,19.2
kducsl,2021-06-27,19,1,18,43,3040,260,2780,9.8
makupka,2021-06-27,1,1,0,70,145,122,23,83.7
market_a,2021-06-27,6,4,2,7607,739,608,131,559.3
MJureka,2021-06-27,3,2,1,4029,1109,963,146,205.8
ODScz,2021-06-27,11,7,4,825,2790,805,1985,102.6
olgarichterova,2021-06-27,1,1,0,284,459,441,18,32.8
P_Fiala,2021-06-27,1,1,0,849,674,429,245,179.1
Pospisil_Jiri,2021-06-27,3,3,0,5020,362,311,51,84
RobertSlachta,2021-06-27,1,0,1,0,147,102,45,3.6
SpoluKoalice,2021-06-27,30,1,29,945,2740,216,2524,42.9
STANcz,2021-06-27,4,0,4,0,697,199,498,11.2
TomasZdechovsky,2021-06-27,25,14,11,1647,4800,3594,1206,242.5
tomio_cz,2021-06-27,5,5,0,220,706,706,0,33.6
TOP09cz,2021-06-27,9,0,9,0,2512,97,2415,14.2
VeslavM,2021-06-27,2,2,0,14,345,336,9,8.3
ZdenekHrib,2021-06-27,1,0,1,0,641,566,75,129.6
alenaschillerov,2021-06-26,8,7,1,259,1007,895,112,38.2
AndrejBabis,2021-06-26,8,1,7,529,2154,468,1686,85.7
czKSCM,2021-06-26,1,0,1,0,82,20,62,0.2
general_pavel,2021-06-26,1,1,0,425,141,140,1,94.4
Jan_Skopecek,2021-06-26,2,2,0,1649,447,398,49,93.1
JanLipavsky,2021-06-26,5,0,5,0,1499,292,1207,43.8
jhamacek,2021-06-26,3,1,2,265,403,302,101,49.3
kalousekm,2021-06-26,6,5,1,957,1933,1896,37,967.6
KarelHavlicek_,2021-06-26,2,2,0,91,620,426,194,19.2
kducsl,2021-06-26,19,1,18,370,3021,259,2762,9.8
makupka,2021-06-26,2,1,1,912,144,121,23,83.7
market_a,2021-06-26,5,1,4,2548,733,604,129,551.7
milionchvilek,2021-06-26,2,2,0,118,262,170,92,31
MJureka,2021-06-26,9,9,0,7030,1106,961,145,201.8
ODScz,2021-06-26,8,1,7,33,2779,798,1981,101.8
P_Fiala,2021-06-26,1,1,0,288,673,428,245,178.3
Pospisil_Jiri,2021-06-26,1,1,0,79,359,308,51,79
RobertSlachta,2021-06-26,2,0,2,0,146,102,44,3.6
SpoluKoalice,2021-06-26,25,0,25,0,2710,215,2495,42
STANcz,2021-06-26,1,0,1,0,693,199,494,11.2
TomasZdechovsky,2021-06-26,33,22,11,588,4775,3580,1195,240.8
tomio_cz,2021-06-26,4,4,0,119,701,701,0,33.4
TOP09cz,2021-06-26,1,0,1,0,2503,97,2406,14.2
VeslavM,2021-06-26,2,2,0,5,343,334,9,8.3
Vit_Rakusan,2021-06-26,2,1,1,4,171,151,20,81.8
vonpecka,2021-06-26,1,0,1,0,629,454,175,13.4
Zbynek_Stanjura,2021-06-26,1,1,0,674,20,16,4,16.8
ZdenekHrib,2021-06-26,1,0,1,0,640,566,74,129.6
zeleni_cz,2021-06-26,2,2,0,5,413,188,225,4.8
alenaschillerov,2021-06-25,14,9,5,659,999,888,111,37.9
AndrejBabis,2021-06-25,48,3,45,802,2146,467,1679,85.2
general_pavel,2021-06-25,3,3,0,881,140,139,1,94
honzabartosek,2021-06-25,3,2,1,15,313,312,1,39.8
jana_cernochova,2021-06-25,2,1,1,161,504,486,18,41.8
JanLipavsky,2021-06-25,11,0,11,0,1494,292,1202,43.8
jhamacek,2021-06-25,5,5,0,1033,400,301,99,49
kalousekm,2021-06-25,16,15,1,8754,1927,1891,36,966.7
KarelHavlicek_,2021-06-25,23,16,7,820,618,424,194,19.1
kducsl,2021-06-25,38,7,31,452,3002,258,2744,9.4
makupka,2021-06-25,1,1,0,505,142,120,22,82.7
market_a,2021-06-25,10,5,5,1811,728,603,125,549.1
MartinBaxa2,2021-06-25,1,1,0,408,113,113,0,37.3
metnarl,2021-06-25,3,1,2,110,82,60,22,4.7
MJureka,2021-06-25,13,11,2,13100,1097,952,145,194.7
ODScz,2021-06-25,18,6,12,508,2771,797,1974,101.7
P_Fiala,2021-06-25,31,4,27,1442,672,427,245,178
PiratIvanBartos,2021-06-25,1,1,0,4,482,448,34,201.3
Pospisil_Jiri,2021-06-25,2,2,0,5515,358,307,51,78.9
RobertSlachta,2021-06-25,3,2,1,67,144,102,42,3.6
SpoluKoalice,2021-06-25,25,2,23,929,2685,215,2470,42
STANcz,2021-06-25,17,3,14,178,692,199,493,11.2
TomasCzernin,2021-06-25,2,2,0,198,142,138,4,81
TomasZdechovsky,2021-06-25,49,28,21,1467,4742,3558,1184,240.2
tomio_cz,2021-06-25,5,5,0,323,697,697,0,33.3
TOP09cz,2021-06-25,26,0,26,0,2502,97,2405,14.2
VeslavM,2021-06-25,4,4,0,611,341,332,9,8.3
volimtrikoloru,2021-06-25,2,1,1,62,137,117,20,4.4
vonpecka,2021-06-25,5,3,2,180,628,454,174,13.4
ZdenekHrib,2021-06-25,1,0,1,0,639,566,73,129.6
zeleni_cz,2021-06-25,1,1,0,57,411,186,225,4.8
alenaschillerov,2021-06-24,6,6,0,728,985,879,106,37.3
AndrejBabis,2021-06-24,40,3,37,764,2098,464,1634,84.4
honzabartosek,2021-06-24,1,1,0,79,310,310,0,39.7
Jan_Skopecek,2021-06-24,1,1,0,71,445,396,49,91.4
jana_cernochova,2021-06-24,5,5,0,142,502,485,17,41.7
JanLipavsky,2021-06-24,6,0,6,0,1483,292,1191,43.8
jhamacek,2021-06-24,9,6,3,2792,395,296,99,48
kalousekm,2021-06-24,18,17,1,5405,1911,1876,35,957.9
KarelHavlicek_,2021-06-24,31,21,10,1097,595,408,187,18.2
kducsl,2021-06-24,22,0,22,0,2964,251,2713,9
Kuba_Martin,2021-06-24,2,2,0,651,855,855,0,117.5
market_a,2021-06-24,7,3,4,837,718,598,120,547.3
MartinBaxa2,2021-06-24,1,1,0,138,112,112,0,36.9
metnarl,2021-06-24,1,1,0,230,79,59,20,4.6
MJureka,2021-06-24,8,7,1,4362,1084,941,143,181.6
ODScz,2021-06-24,16,2,14,2,2753,791,1962,101.2
olgarichterova,2021-06-24,3,0,3,0,458,440,18,32.5
P_Fiala,2021-06-24,5,4,1,2455,641,423,218,176.5
PavelSehnal64,2021-06-24,2,2,0,7,55,55,0,0.3
PiratIvanBartos,2021-06-24,6,6,0,1362,481,447,34,201.2
PiratskaStrana,2021-06-24,16,14,2,1061,1153,467,686,59.3
Pospisil_Jiri,2021-06-24,2,2,0,703,356,305,51,73.4
SpoluKoalice,2021-06-24,26,0,26,0,2660,213,2447,41.1
STANcz,2021-06-24,2,1,1,90,675,196,479,11
TomasCzernin,2021-06-24,2,2,0,597,140,136,4,80.8
TomasZdechovsky,2021-06-24,37,27,10,767,4693,3530,1163,238.8
tomio_cz,2021-06-24,1,1,0,193,692,692,0,33
TOP09cz,2021-06-24,7,1,6,60,2476,97,2379,14.2
VeslavM,2021-06-24,1,1,0,78,337,328,9,7.7
Vit_Rakusan,2021-06-24,1,1,0,172,169,150,19,81.8
volimtrikoloru,2021-06-24,1,1,0,0,135,116,19,4.3
vonpecka,2021-06-24,2,2,0,52,623,451,172,13.3
ZdenekHrib,2021-06-24,16,13,3,1699,638,566,72,129.6
alenaschillerov,2021-06-23,8,8,0,358,979,873,106,36.6
AndrejBabis,2021-06-23,28,7,21,686,2058,461,1597,83.6
honzabartosek,2021-06-23,1,1,0,34,309,309,0,39.7
Jan_Skopecek,2021-06-23,2,2,0,317,444,395,49,91.4
jana_cernochova,2021-06-23,5,5,0,232,497,480,17,41.5
JanLipavsky,2021-06-23,9,1,8,19,1477,292,1185,43.8
jhamacek,2021-06-23,3,3,0,71,386,290,96,45.2
kalousekm,2021-06-23,3,3,0,110,1893,1859,34,952.5
KarelHavlicek_,2021-06-23,12,11,1,343,564,387,177,17.1
kducsl,2021-06-23,24,5,19,96,2942,251,2691,9
Kuba_Martin,2021-06-23,1,1,0,1,853,853,0,116.8
makupka,2021-06-23,1,1,0,141,141,119,22,82.2
market_a,2021-06-23,2,2,0,870,711,595,116,546.5
metnarl,2021-06-23,1,1,0,106,78,58,20,4.4
milionchvilek,2021-06-23,1,0,1,0,260,168,92,30.9
MJureka,2021-06-23,7,7,0,534,1076,934,142,177.3
ODScz,2021-06-23,22,8,14,178,2737,789,1948,101.2
P_Fiala,2021-06-23,6,6,0,2133,636,419,217,174.1
PiratIvanBartos,2021-06-23,11,11,0,1006,475,441,34,199.9
PiratskaStrana,2021-06-23,1,0,1,0,1137,453,684,58.2
Pospisil_Jiri,2021-06-23,1,1,0,2568,354,303,51,72.7
SpoluKoalice,2021-06-23,34,1,33,193,2634,213,2421,41.1
STANcz,2021-06-23,3,1,2,67,673,195,478,10.9
TomasCzernin,2021-06-23,2,2,0,440,138,134,4,80.2
TomasZdechovsky,2021-06-23,54,44,10,637,4656,3503,1153,238
tomio_cz,2021-06-23,2,2,0,81,691,691,0,32.8
TOP09cz,2021-06-23,17,2,15,426,2469,96,2373,14.2
vonpecka,2021-06-23,8,7,1,293,621,449,172,13.2
ZdenekHrib,2021-06-23,4,4,0,198,622,553,69,127.9
zeleni_cz,2021-06-23,3,0,3,0,410,185,225,4.7
alenaschillerov,2021-06-22,8,8,0,353,971,865,106,36.2
AndrejBabis,2021-06-22,22,6,16,300,2030,454,1576,82.9
general_pavel,2021-06-22,1,1,0,318,137,136,1,93.1
Jan_Skopecek,2021-06-22,2,0,2,0,442,393,49,91
jana_cernochova,2021-06-22,7,7,0,133,492,475,17,41.3
JanLipavsky,2021-06-22,3,0,3,0,1468,291,1177,43.8
kalousekm,2021-06-22,20,20,0,4710,1890,1856,34,952.4
KarelHavlicek_,2021-06-22,6,6,0,142,552,376,176,16.8
kducsl,2021-06-22,14,0,14,0,2918,246,2672,8.9
Kuba_Martin,2021-06-22,1,1,0,995,852,852,0,116.8
market_a,2021-06-22,1,1,0,271,709,593,116,545.6
metnarl,2021-06-22,4,1,3,11,77,57,20,4.3
milionchvilek,2021-06-22,4,4,0,120,259,168,91,30.9
MJureka,2021-06-22,3,3,0,56,1069,927,142,176.7
ODScz,2021-06-22,21,16,5,743,2715,781,1934,101
olgarichterova,2021-06-22,1,0,1,0,455,440,15,32.5
P_Fiala,2021-06-22,3,2,1,291,630,413,217,171.9
PiratIvanBartos,2021-06-22,3,3,0,801,464,430,34,198.9
PiratskaStrana,2021-06-22,4,1,3,253,1136,453,683,58.2
Pospisil_Jiri,2021-06-22,2,2,0,446,353,302,51,70.2
SpoluKoalice,2021-06-22,18,0,18,0,2600,212,2388,40.9
STANcz,2021-06-22,3,1,2,59,670,194,476,10.8
TomasCzernin,2021-06-22,1,0,1,0,136,132,4,79.8
TomasZdechovsky,2021-06-22,38,34,4,932,4602,3459,1143,237.4
tomio_cz,2021-06-22,3,3,0,149,689,689,0,32.7
TOP09cz,2021-06-22,7,0,7,0,2452,94,2358,13.8
Vit_Rakusan,2021-06-22,1,1,0,197,168,149,19,81.6
vonpecka,2021-06-22,7,3,4,71,613,442,171,12.9
ZdenekHrib,2021-06-22,1,0,1,0,618,549,69,127.7
alenaschillerov,2021-06-21,6,6,0,242,963,857,106,35.8
AndrejBabis,2021-06-21,20,4,16,155,2008,448,1560,82.6
czKSCM,2021-06-21,1,0,1,0,81,20,61,0.2
general_pavel,2021-06-21,1,1,0,168,136,135,1,92.8
honzabartosek,2021-06-21,2,2,0,208,308,308,0,39.6
Jan_Skopecek,2021-06-21,3,2,1,560,440,393,47,91
jana_cernochova,2021-06-21,1,1,0,275,485,468,17,41.2
JanLipavsky,2021-06-21,8,0,8,0,1465,291,1174,43.8
jhamacek,2021-06-21,2,2,0,678,383,287,96,45.1
kalousekm,2021-06-21,10,10,0,4649,1870,1836,34,947.7
KarelHavlicek_,2021-06-21,7,7,0,149,546,370,176,16.7
kducsl,2021-06-21,31,1,30,13,2904,246,2658,8.9
Kuba_Martin,2021-06-21,1,1,0,5,851,851,0,115.8
makupka,2021-06-21,1,1,0,264,140,118,22,82.1
market_a,2021-06-21,2,2,0,3386,708,592,116,545.3
metnarl,2021-06-21,1,1,0,34,73,56,17,4.3
milionchvilek,2021-06-21,2,2,0,103,255,164,91,30.8
MJureka,2021-06-21,7,7,0,755,1066,924,142,176.7
ODScz,2021-06-21,13,3,10,132,2694,765,1929,100.3
olgarichterova,2021-06-21,1,1,0,158,454,440,14,32.5
P_Fiala,2021-06-21,3,2,1,560,627,411,216,171.7
PiratIvanBartos,2021-06-21,2,2,0,362,461,427,34,198.1
PiratskaStrana,2021-06-21,2,0,2,0,1132,452,680,58
Pospisil_Jiri,2021-06-21,1,0,1,0,351,300,51,69.7
RobertSlachta,2021-06-21,3,3,0,68,141,100,41,3.5
SpoluKoalice,2021-06-21,26,0,26,0,2582,212,2370,40.9
STANcz,2021-06-21,4,0,4,0,667,193,474,10.8
TomasZdechovsky,2021-06-21,36,26,10,883,4564,3425,1139,236.4
tomio_cz,2021-06-21,3,3,0,231,686,686,0,32.6
TOP09cz,2021-06-21,6,0,6,0,2445,94,2351,13.8
vojtafilip,2021-06-21,1,1,0,142,56,56,0,4.7
vonpecka,2021-06-21,2,1,1,9,606,439,167,12.8
ZdenekHrib,2021-06-21,1,1,0,95,617,549,68,127.7
zeleni_cz,2021-06-21,1,0,1,0,407,185,222,4.7
alenaschillerov,2021-06-20,5,3,2,117,957,851,106,35.6
AndrejBabis,2021-06-20,10,3,7,801,1988,444,1544,82.5
honzabartosek,2021-06-20,2,2,0,46,306,306,0,39.4
jana_cernochova,2021-06-20,1,1,0,540,484,467,17,40.9
JanLipavsky,2021-06-20,2,0,2,0,1457,291,1166,43.8
kalousekm,2021-06-20,5,5,0,1424,1860,1826,34,943.1
KarelHavlicek_,2021-06-20,3,1,2,192,539,363,176,16.5
kducsl,2021-06-20,9,1,8,8,2873,245,2628,8.9
Kuba_Martin,2021-06-20,3,3,0,60,850,850,0,115.8
market_a,2021-06-20,1,0,1,0,706,590,116,542
milionchvilek,2021-06-20,8,6,2,791,253,162,91,30.7
MJureka,2021-06-20,2,1,1,19,1059,917,142,175.9
ODScz,2021-06-20,12,9,3,1427,2681,762,1919,100.2
olgarichterova,2021-06-20,4,3,1,84,453,439,14,32.4
P_Fiala,2021-06-20,2,2,0,288,624,409,215,171.1
PiratskaStrana,2021-06-20,2,1,1,61,1130,452,678,58
Pospisil_Jiri,2021-06-20,1,1,0,693,350,300,50,69.7
SpoluKoalice,2021-06-20,17,0,17,0,2556,212,2344,40.9
TomasZdechovsky,2021-06-20,49,46,3,1687,4528,3399,1129,235.6
tomio_cz,2021-06-20,4,4,0,151,683,683,0,32.3
TOP09cz,2021-06-20,2,0,2,0,2439,94,2345,13.8
VeslavM,2021-06-20,4,4,0,100,336,327,9,7.6
vonpecka,2021-06-20,1,1,0,3,604,438,166,12.8
zeleni_cz,2021-06-20,1,0,1,0,406,185,221,4.7
alenaschillerov,2021-06-19,2,2,0,60,952,848,104,35.5
AndrejBabis,2021-06-19,10,1,9,169,1978,441,1537,81.7
honzabartosek,2021-06-19,1,1,0,9,304,304,0,39.4
Jan_Skopecek,2021-06-19,2,2,0,390,437,391,46,90.5
jana_cernochova,2021-06-19,5,5,0,330,483,466,17,40.4
JanLipavsky,2021-06-19,3,0,3,0,1455,291,1164,43.8
jhamacek,2021-06-19,1,1,0,171,381,285,96,44.5
kalousekm,2021-06-19,3,3,0,694,1855,1821,34,941.6
KarelHavlicek_,2021-06-19,6,6,0,208,536,362,174,16.3
kducsl,2021-06-19,8,0,8,0,2864,244,2620,8.8
ODScz,2021-06-19,9,0,9,0,2669,753,1916,98.7
P_Fiala,2021-06-19,3,2,1,157,622,407,215,170.8
PiratIvanBartos,2021-06-19,1,1,0,208,459,425,34,197.7
PiratskaStrana,2021-06-19,1,0,1,0,1128,451,677,57.9
SpoluKoalice,2021-06-19,14,0,14,0,2539,212,2327,40.9
TomasZdechovsky,2021-06-19,22,20,2,1012,4479,3353,1126,233.9
tomio_cz,2021-06-19,5,5,0,394,679,679,0,32.2
TOP09cz,2021-06-19,4,0,4,0,2437,94,2343,13.8
VeslavM,2021-06-19,4,4,0,31,332,323,9,7.5
vonpecka,2021-06-19,3,1,2,28,603,437,166,12.8
alenaschillerov,2021-06-18,7,7,0,150,950,846,104,35.4
AndrejBabis,2021-06-18,26,6,20,809,1968,440,1528,81.5
Jan_Skopecek,2021-06-18,1,1,0,348,435,389,46,90.1
jana_cernochova,2021-06-18,2,2,0,308,478,461,17,40
JanLipavsky,2021-06-18,7,0,7,0,1452,291,1161,43.8
kalousekm,2021-06-18,16,16,0,3219,1852,1818,34,940.9
KarelHavlicek_,2021-06-18,6,5,1,165,530,356,174,16.1
kducsl,2021-06-18,20,2,18,62,2856,244,2612,8.8
market_a,2021-06-18,2,2,0,849,705,590,115,542
metnarl,2021-06-18,1,1,0,208,72,55,17,4.3
MJureka,2021-06-18,6,4,2,331,1057,916,141,175.9
ODScz,2021-06-18,9,3,6,272,2660,753,1907,98.7
olgarichterova,2021-06-18,2,2,0,79,449,436,13,32.3
P_Fiala,2021-06-18,1,1,0,1913,619,405,214,170.6
PiratIvanBartos,2021-06-18,2,2,0,799,458,424,34,197.5
PiratskaStrana,2021-06-18,7,2,5,137,1127,451,676,57.9
Pospisil_Jiri,2021-06-18,1,1,0,585,349,299,50,69
SpoluKoalice,2021-06-18,32,0,32,0,2525,212,2313,40.9
STANcz,2021-06-18,2,0,2,0,663,193,470,10.8
TomasZdechovsky,2021-06-18,7,3,4,250,4457,3333,1124,232.9
tomio_cz,2021-06-18,7,7,0,210,674,674,0,31.8
TOP09cz,2021-06-18,11,0,11,0,2433,94,2339,13.8
VeslavM,2021-06-18,1,1,0,1,328,319,9,7.5
Vit_Rakusan,2021-06-18,4,4,0,452,167,148,19,81.4
vonpecka,2021-06-18,2,1,1,2,600,436,164,12.8
ZdenekHrib,2021-06-18,4,3,1,541,616,548,68,127.6
alenaschillerov,2021-06-17,7,7,0,267,943,839,104,35.3
AndrejBabis,2021-06-17,12,0,12,0,1942,434,1508,80.7
czKSCM,2021-06-17,1,0,1,0,80,20,60,0.2
general_pavel,2021-06-17,1,1,0,111,135,134,1,92.6
Jan_Skopecek,2021-06-17,2,2,0,911,434,388,46,89.7
jana_cernochova,2021-06-17,4,4,0,6,476,459,17,39.7
JanLipavsky,2021-06-17,12,1,11,95,1445,291,1154,43.8
jhamacek,2021-06-17,2,0,2,0,380,284,96,44.3
kalousekm,2021-06-17,7,7,0,2293,1836,1802,34,937.7
KarelHavlicek_,2021-06-17,8,6,2,188,524,351,173,16
kducsl,2021-06-17,16,1,15,24,2836,242,2594,8.8
market_a,2021-06-17,6,4,2,627,703,588,115,541.1
milionchvilek,2021-06-17,1,1,0,147,245,156,89,29.9
MJureka,2021-06-17,2,2,0,213,1051,912,139,175.6
ODScz,2021-06-17,15,4,11,307,2651,750,1901,98.5
P_Fiala,2021-06-17,7,7,0,829,618,404,214,168.7
PiratIvanBartos,2021-06-17,3,2,1,168,456,422,34,196.7
PiratskaStrana,2021-06-17,6,2,4,280,1120,449,671,57.8
Pospisil_Jiri,2021-06-17,1,1,0,134,348,298,50,68.4
SpoluKoalice,2021-06-17,24,1,23,395,2493,212,2281,40.9
STANcz,2021-06-17,10,2,8,101,661,193,468,10.8
TomasZdechovsky,2021-06-17,24,17,7,676,4450,3330,1120,232.6
tomio_cz,2021-06-17,1,1,0,154,667,667,0,31.6
TOP09cz,2021-06-17,18,0,18,0,2422,94,2328,13.8
VeslavM,2021-06-17,7,7,0,251,327,318,9,7.5
volimtrikoloru,2021-06-17,3,2,1,65,134,115,19,4.3
vonpecka,2021-06-17,2,1,1,1,598,435,163,12.8
ZdenekHrib,2021-06-17,3,3,0,245,612,545,67,127
zeleni_cz,2021-06-17,2,1,1,23,405,185,220,4.7
alenaschillerov,2021-06-16,8,7,1,250,936,832,104,35
AndrejBabis,2021-06-16,12,3,9,361,1930,434,1496,80.7
general_pavel,2021-06-16,1,1,0,166,134,133,1,92.5
honzabartosek,2021-06-16,4,4,0,474,303,303,0,39.4
Jan_Skopecek,2021-06-16,3,3,0,760,432,386,46,88.8
jana_cernochova,2021-06-16,1,1,0,0,472,455,17,39.7
JanLipavsky,2021-06-16,13,4,9,462,1433,290,1143,43.7
jhamacek,2021-06-16,1,0,1,0,378,284,94,44.3
kalousekm,2021-06-16,4,4,0,1850,1829,1795,34,935.4
KarelHavlicek_,2021-06-16,6,4,2,172,516,345,171,15.8
kducsl,2021-06-16,22,3,19,151,2820,241,2579,8.8
makupka,2021-06-16,2,2,0,368,139,117,22,81.8
market_a,2021-06-16,6,5,1,1740,697,584,113,540.5
MartinBaxa2,2021-06-16,1,1,0,275,111,111,0,36.7
metnarl,2021-06-16,1,0,1,0,71,54,17,4
MJureka,2021-06-16,6,6,0,778,1049,910,139,175.4
ODScz,2021-06-16,18,8,10,403,2636,746,1890,98.2
P_Fiala,2021-06-16,1,1,0,959,611,397,214,167.9
PiratIvanBartos,2021-06-16,8,8,0,1531,453,420,33,196.5
PiratskaStrana,2021-06-16,10,2,8,368,1114,447,667,57.5
Pospisil_Jiri,2021-06-16,2,1,1,99,347,297,50,68.3
RobertSlachta,2021-06-16,2,1,1,16,138,97,41,3.4
SpoluKoalice,2021-06-16,25,1,24,24,2469,211,2258,40.5
STANcz,2021-06-16,3,0,3,0,651,191,460,10.7
TomasZdechovsky,2021-06-16,38,24,14,2036,4426,3313,1113,231.9
tomio_cz,2021-06-16,1,1,0,92,666,666,0,31.4
TOP09cz,2021-06-16,11,2,9,269,2404,94,2310,13.8
Vit_Rakusan,2021-06-16,4,4,0,210,163,144,19,81
volimtrikoloru,2021-06-16,1,1,0,18,131,113,18,4.2
vonpecka,2021-06-16,1,1,0,22,596,434,162,12.8
zeleni_cz,2021-06-16,4,3,1,111,403,184,219,4.7
alenaschillerov,2021-06-15,5,5,0,231,928,825,103,34.8
AndrejBabis,2021-06-15,13,0,13,0,1918,431,1487,80.3
honzabartosek,2021-06-15,1,1,0,0,299,299,0,38.9
Jan_Skopecek,2021-06-15,1,1,0,236,429,383,46,88.1
jana_cernochova,2021-06-15,7,7,0,15,471,454,17,39.7
JanLipavsky,2021-06-15,11,0,11,0,1420,286,1134,43.2
kalousekm,2021-06-15,21,21,0,5654,1825,1791,34,933.6
KarelHavlicek_,2021-06-15,5,4,1,204,510,341,169,15.6
kducsl,2021-06-15,22,3,19,77,2798,238,2560,8.6
makupka,2021-06-15,1,1,0,1349,137,115,22,81.5
market_a,2021-06-15,4,4,0,783,691,579,112,538.7
MJureka,2021-06-15,7,7,0,274,1043,904,139,174.6
ODScz,2021-06-15,16,12,4,673,2618,738,1880,97.7
P_Fiala,2021-06-15,1,1,0,631,610,396,214,166.9
PiratIvanBartos,2021-06-15,6,6,0,591,445,412,33,195
PiratskaStrana,2021-06-15,13,3,10,465,1104,445,659,57.1
Pospisil_Jiri,2021-06-15,1,1,0,251,345,296,49,68.2
SpoluKoalice,2021-06-15,44,2,42,719,2444,210,2234,40.5
STANcz,2021-06-15,10,3,7,190,648,191,457,10.7
TomasCzernin,2021-06-15,1,1,0,400,135,132,3,79.8
TomasZdechovsky,2021-06-15,45,39,6,1116,4388,3289,1099,229.9
tomio_cz,2021-06-15,3,3,0,88,665,665,0,31.3
TOP09cz,2021-06-15,15,1,14,34,2393,92,2301,13.5
VeslavM,2021-06-15,1,1,0,0,320,311,9,7.2
Vit_Rakusan,2021-06-15,5,5,0,754,159,140,19,80.8
volimtrikoloru,2021-06-15,1,0,1,0,130,112,18,4.2
vonpecka,2021-06-15,6,5,1,104,595,433,162,12.8
ZdenekHrib,2021-06-15,5,5,0,3931,609,542,67,126.8
zeleni_cz,2021-06-15,2,1,1,15,399,181,218,4.6
alenaschillerov,2021-06-14,7,7,0,277,923,820,103,34.5
AndrejBabis,2021-06-14,19,1,18,248,1905,431,1474,80.3
general_pavel,2021-06-14,2,2,0,687,133,132,1,92.3
honzabartosek,2021-06-14,1,1,0,84,298,298,0,38.9
Jan_Skopecek,2021-06-14,2,2,0,296,428,382,46,87.8
jana_cernochova,2021-06-14,6,6,0,318,464,447,17,39.7
kalousekm,2021-06-14,3,3,0,1483,1804,1770,34,927.9
KarelHavlicek_,2021-06-14,2,2,0,78,505,337,168,15.4
kducsl,2021-06-14,20,2,18,159,2776,235,2541,8.5
market_a,2021-06-14,6,6,0,1279,687,575,112,538
metnarl,2021-06-14,3,2,1,60,70,54,16,4
milionchvilek,2021-06-14,2,2,0,271,244,155,89,29.8
MJureka,2021-06-14,2,2,0,239,1036,897,139,174.3
ODScz,2021-06-14,23,12,11,537,2602,726,1876,97.1
olgarichterova,2021-06-14,1,1,0,58,447,434,13,32.2
P_Fiala,2021-06-14,9,8,1,2438,609,395,214,166.3
PiratIvanBartos,2021-06-14,5,5,0,632,439,406,33,194.4
PiratskaStrana,2021-06-14,4,1,3,128,1091,442,649,56.7
Pospisil_Jiri,2021-06-14,1,1,0,69,344,295,49,68
SpoluKoalice,2021-06-14,22,0,22,0,2400,208,2192,39.7
STANcz,2021-06-14,3,1,2,123,638,188,450,10.5
TomasCzernin,2021-06-14,2,2,0,502,134,131,3,79.4
TomasZdechovsky,2021-06-14,43,40,3,1577,4343,3250,1093,228.8
tomio_cz,2021-06-14,2,2,0,20,662,662,0,31.2
TOP09cz,2021-06-14,11,0,11,0,2378,91,2287,13.5
Vit_Rakusan,2021-06-14,2,2,0,410,154,135,19,80
volimtrikoloru,2021-06-14,1,1,0,81,129,112,17,4.2
vonpecka,2021-06-14,2,1,1,26,589,428,161,12.7
zeleni_cz,2021-06-14,1,1,0,18,397,180,217,4.6
alenaschillerov,2021-06-13,2,2,0,80,916,813,103,34.3
AndrejBabis,2021-06-13,5,4,1,589,1886,430,1456,80.1
Jan_Skopecek,2021-06-13,4,1,3,90,426,380,46,87.5
JanLipavsky,2021-06-13,2,1,1,261,1409,286,1123,43.2
kalousekm,2021-06-13,10,10,0,3863,1801,1767,34,926.4
KarelHavlicek_,2021-06-13,1,0,1,0,503,335,168,15.3
kducsl,2021-06-13,9,0,9,0,2756,233,2523,8.4
market_a,2021-06-13,4,4,0,1344,681,569,112,536.7
MartinBaxa2,2021-06-13,1,1,0,170,110,110,0,36.4
MJureka,2021-06-13,2,2,0,143,1034,895,139,174.1
ODScz,2021-06-13,3,0,3,0,2579,714,1865,96.5
olgarichterova,2021-06-13,1,0,1,0,446,433,13,32.2
P_Fiala,2021-06-13,1,1,0,161,600,387,213,163.9
PiratIvanBartos,2021-06-13,2,2,0,1333,434,401,33,193.8
PiratskaStrana,2021-06-13,4,1,3,714,1087,441,646,56.6
Pospisil_Jiri,2021-06-13,1,0,1,0,343,294,49,67.9
RobertSlachta,2021-06-13,2,2,0,58,136,96,40,3.4
SpoluKoalice,2021-06-13,18,0,18,0,2378,208,2170,39.7
STANcz,2021-06-13,1,1,0,34,635,187,448,10.4
TomasZdechovsky,2021-06-13,13,9,4,906,4300,3210,1090,227.2
tomio_cz,2021-06-13,2,2,0,78,660,660,0,31.2
TOP09cz,2021-06-13,15,1,14,327,2367,91,2276,13.5
vonpecka,2021-06-13,2,2,0,8,587,427,160,12.6
ZdenekHrib,2021-06-13,1,0,1,0,604,537,67,122.9
zeleni_cz,2021-06-13,1,0,1,0,396,179,217,4.5
alenaschillerov,2021-06-12,4,3,1,180,914,811,103,34.2
AndrejBabis,2021-06-12,6,3,3,990,1881,426,1455,79.5
honzabartosek,2021-06-12,1,1,0,51,297,297,0,38.8
Jan_Skopecek,2021-06-12,3,3,0,260,422,379,43,87.4
JanLipavsky,2021-06-12,2,0,2,0,1407,285,1122,43
jhamacek,2021-06-12,1,1,0,97,377,284,93,44.3
kalousekm,2021-06-12,2,2,0,1591,1791,1757,34,922.6
KarelHavlicek_,2021-06-12,6,5,1,163,502,335,167,15.3
Kuba_Martin,2021-06-12,2,2,0,1,847,847,0,115.7
market_a,2021-06-12,2,2,0,737,677,565,112,535.3
MJureka,2021-06-12,3,3,0,581,1032,893,139,173.9
ODScz,2021-06-12,7,0,7,0,2576,714,1862,96.5
P_Fiala,2021-06-12,4,3,1,847,599,386,213,163.7
PiratIvanBartos,2021-06-12,2,1,1,418,432,399,33,192.5
PiratskaStrana,2021-06-12,5,3,2,2739,1083,440,643,55.8
RobertSlachta,2021-06-12,1,0,1,0,134,94,40,3.4
SpoluKoalice,2021-06-12,6,0,6,0,2360,208,2152,39.7
STANcz,2021-06-12,2,0,2,0,634,186,448,10.3
TomasCzernin,2021-06-12,1,1,0,83,132,129,3,78.9
TomasZdechovsky,2021-06-12,18,16,2,944,4287,3201,1086,226.3
tomio_cz,2021-06-12,5,5,0,291,658,658,0,31.1
TOP09cz,2021-06-12,7,0,7,0,2352,90,2262,13.1
volimtrikoloru,2021-06-12,1,0,1,0,128,111,17,4.1
vonpecka,2021-06-12,4,3,1,35,585,425,160,12.6
zeleni_cz,2021-06-12,1,0,1,0,395,179,216,4.5
alenaschillerov,2021-06-11,5,4,1,156,910,808,102,34
AndrejBabis,2021-06-11,16,5,11,1104,1875,423,1452,78.5
general_pavel,2021-06-11,1,1,0,141,131,130,1,91.6
honzabartosek,2021-06-11,1,1,0,39,296,296,0,38.8
Jan_Skopecek,2021-06-11,3,2,1,463,419,376,43,87.2
JanLipavsky,2021-06-11,5,0,5,0,1405,285,1120,43
kalousekm,2021-06-11,4,4,0,827,1789,1755,34,921
KarelHavlicek_,2021-06-11,3,3,0,122,496,330,166,15.1
kducsl,2021-06-11,16,0,16,0,2747,233,2514,8.4
Kuba_Martin,2021-06-11,6,6,0,1721,845,845,0,115.7
makupka,2021-06-11,1,1,0,1177,136,114,22,80.1
market_a,2021-06-11,14,12,2,1855,675,563,112,534.6
MJureka,2021-06-11,14,14,0,1368,1029,890,139,173.3
ODScz,2021-06-11,13,4,9,34,2569,714,1855,96.5
olgarichterova,2021-06-11,2,2,0,358,445,433,12,32.2
P_Fiala,2021-06-11,5,4,1,2126,595,383,212,162.9
PavelSehnal64,2021-06-11,1,1,0,4,53,53,0,0.3
PiratIvanBartos,2021-06-11,3,2,1,419,430,398,32,192
PiratskaStrana,2021-06-11,12,7,5,942,1078,437,641,53.1
Pospisil_Jiri,2021-06-11,2,2,0,445,342,294,48,67.9
RobertSlachta,2021-06-11,1,0,1,0,133,94,39,3.4
SpoluKoalice,2021-06-11,11,5,6,545,2354,208,2146,39.7
STANcz,2021-06-11,8,3,5,56,632,186,446,10.3
TomasZdechovsky,2021-06-11,30,24,6,2573,4269,3185,1084,225.4
TOP09cz,2021-06-11,20,0,20,0,2345,90,2255,13.1
Vit_Rakusan,2021-06-11,2,1,1,68,152,133,19,79.6
vonpecka,2021-06-11,7,4,3,135,581,422,159,12.6
ZdenekHrib,2021-06-11,2,2,0,174,603,537,66,122.9
alenaschillerov,2021-06-10,10,8,2,329,905,804,101,33.8
AndrejBabis,2021-06-10,27,9,18,833,1859,418,1441,77.4
czKSCM,2021-06-10,1,0,1,0,79,20,59,0.2
general_pavel,2021-06-10,2,2,0,429,130,129,1,91.5
honzabartosek,2021-06-10,2,2,0,99,295,295,0,38.7
Jan_Skopecek,2021-06-10,2,2,0,1095,416,374,42,86.7
jana_cernochova,2021-06-10,1,1,0,561,458,441,17,39.4
JanLipavsky,2021-06-10,9,4,5,680,1400,285,1115,43
jhamacek,2021-06-10,2,1,1,119,376,283,93,44.2
kalousekm,2021-06-10,4,4,0,3600,1785,1751,34,920.2
KarelHavlicek_,2021-06-10,8,5,3,247,493,327,166,15
kducsl,2021-06-10,23,2,21,95,2731,233,2498,8.4
market_a,2021-06-10,5,4,1,3370,661,551,110,532.7
MartinBaxa2,2021-06-10,1,1,0,5,109,109,0,36.3
metnarl,2021-06-10,2,2,0,26,67,52,15,4
MJureka,2021-06-10,11,9,2,1005,1015,876,139,172
ODScz,2021-06-10,18,6,12,705,2556,710,1846,96.5
olgarichterova,2021-06-10,6,5,1,163,443,431,12,31.8
P_Fiala,2021-06-10,10,4,6,1270,590,379,211,160.7
PavelSehnal64,2021-06-10,1,1,0,3,52,52,0,0.3
PiratIvanBartos,2021-06-10,5,5,0,2314,427,396,31,191.6
PiratskaStrana,2021-06-10,22,13,9,922,1066,430,636,52.2
Pospisil_Jiri,2021-06-10,2,2,0,522,340,292,48,67.4
SpoluKoalice,2021-06-10,40,0,40,0,2343,203,2140,39.2
STANcz,2021-06-10,15,2,13,83,624,183,441,10.3
TomasCzernin,2021-06-10,1,1,0,481,131,128,3,78.8
TomasZdechovsky,2021-06-10,39,29,10,2982,4239,3161,1078,222.8
tomio_cz,2021-06-10,1,1,0,16,653,653,0,30.8
TOP09cz,2021-06-10,8,0,8,0,2325,90,2235,13.1
VeslavM,2021-06-10,2,2,0,61,319,310,9,7.2
Vit_Rakusan,2021-06-10,4,4,0,477,150,132,18,79.5
vojtafilip,2021-06-10,1,1,0,94,55,55,0,4.5
vonpecka,2021-06-10,10,3,7,620,574,418,156,12.5
ZdenekHrib,2021-06-10,2,2,0,488,601,535,66,122.7
zeleni_cz,2021-06-10,1,0,1,0,394,179,215,4.5
alenaschillerov,2021-06-09,7,7,0,350,895,796,99,33.5
AndrejBabis,2021-06-09,20,7,13,1078,1832,409,1423,76.6
czKSCM,2021-06-09,2,0,2,0,78,20,58,0.2
general_pavel,2021-06-09,1,1,0,142,128,127,1,91.1
honzabartosek,2021-06-09,1,1,0,135,293,293,0,38.6
Jan_Skopecek,2021-06-09,3,1,2,177,414,372,42,85.6
jana_cernochova,2021-06-09,3,3,0,56,457,440,17,38.8
JanLipavsky,2021-06-09,8,0,8,0,1391,281,1110,42.3
jhamacek,2021-06-09,1,1,0,353,374,282,92,44.1
kalousekm,2021-06-09,7,7,0,2593,1781,1747,34,916.6
KarelHavlicek_,2021-06-09,1,0,1,0,485,322,163,14.8
kducsl,2021-06-09,17,2,15,29,2708,231,2477,8.3
Kuba_Martin,2021-06-09,1,1,0,167,839,839,0,114
makupka,2021-06-09,1,1,0,190,135,113,22,78.9
market_a,2021-06-09,5,5,0,2619,656,547,109,529.4
MartinBaxa2,2021-06-09,2,2,0,40,108,108,0,36.3
metnarl,2021-06-09,1,0,1,0,65,50,15,4
milionchvilek,2021-06-09,1,1,0,127,242,153,89,29.5
MJureka,2021-06-09,7,4,3,581,1004,867,137,171
ODScz,2021-06-09,28,14,14,784,2538,704,1834,95.8
olgarichterova,2021-06-09,13,13,0,405,437,426,11,31.6
P_Fiala,2021-06-09,1,0,1,0,580,375,205,159.5
PavelSehnal64,2021-06-09,3,3,0,4,51,51,0,0.3
PiratIvanBartos,2021-06-09,7,7,0,1551,422,391,31,189.3
PiratskaStrana,2021-06-09,9,3,6,167,1044,417,627,51.2
Pospisil_Jiri,2021-06-09,2,2,0,373,338,290,48,66.9
SpoluKoalice,2021-06-09,9,2,7,446,2303,203,2100,39.2
STANcz,2021-06-09,5,1,4,27,609,181,428,10.2
TomasCzernin,2021-06-09,3,3,0,823,130,127,3,78.3
TomasZdechovsky,2021-06-09,32,24,8,3563,4200,3132,1068,219.8
tomio_cz,2021-06-09,3,3,0,39,652,652,0,30.8
TOP09cz,2021-06-09,18,1,17,51,2317,90,2227,13.1
VeslavM,2021-06-09,1,1,0,15,317,308,9,7.1
vojtafilip,2021-06-09,2,2,0,149,54,54,0,4.4
volimtrikoloru,2021-06-09,1,1,0,118,127,111,16,4.1
vonpecka,2021-06-09,5,2,3,14,564,415,149,11.9
ZdenekHrib,2021-06-09,8,8,0,1979,599,533,66,122.2
zeleni_cz,2021-06-09,1,1,0,37,393,179,214,4.5
alenaschillerov,2021-06-08,7,7,0,122,888,789,99,33.2
AndrejBabis,2021-06-08,15,2,13,501,1812,402,1410,75.5
czKSCM,2021-06-08,1,0,1,0,76,20,56,0.2
general_pavel,2021-06-08,1,1,0,79,127,126,1,90.9
honzabartosek,2021-06-08,2,2,0,275,292,292,0,38.5
Jan_Skopecek,2021-06-08,5,4,1,545,411,371,40,85.5
JanLipavsky,2021-06-08,4,1,3,112,1383,281,1102,42.3
jhamacek,2021-06-08,5,5,0,283,373,281,92,43.7
kalousekm,2021-06-08,4,4,0,2979,1774,1740,34,914
KarelHavlicek_,2021-06-08,8,5,3,198,484,322,162,14.8
kducsl,2021-06-08,10,0,10,0,2691,229,2462,8.2
Kuba_Martin,2021-06-08,1,1,0,191,838,838,0,113.9
makupka,2021-06-08,1,1,0,229,134,112,22,78.8
market_a,2021-06-08,6,6,0,4267,651,542,109,526.8
MartinBaxa2,2021-06-08,1,1,0,66,106,106,0,36.2
milionchvilek,2021-06-08,4,3,1,283,241,152,89,29.4
MJureka,2021-06-08,2,2,0,2,997,863,134,170.4
ODScz,2021-06-08,25,14,11,1073,2510,690,1820,95
olgarichterova,2021-06-08,2,2,0,278,424,413,11,31.2
P_Fiala,2021-06-08,6,5,1,836,579,375,204,159.5
PiratIvanBartos,2021-06-08,8,8,0,2690,415,384,31,187.8
PiratskaStrana,2021-06-08,11,5,6,1297,1035,414,621,51.1
Pospisil_Jiri,2021-06-08,1,1,0,495,336,288,48,66.5
RobertSlachta,2021-06-08,2,0,2,0,132,94,38,3.4
SpoluKoalice,2021-06-08,30,1,29,130,2294,201,2093,38.7
STANcz,2021-06-08,4,1,3,131,604,180,424,10.2
TomasZdechovsky,2021-06-08,56,41,15,1560,4168,3108,1060,216.2
tomio_cz,2021-06-08,1,1,0,154,649,649,0,30.8
TOP09cz,2021-06-08,13,0,13,0,2299,89,2210,13.1
Vit_Rakusan,2021-06-08,2,2,0,555,146,128,18,79
volimtrikoloru,2021-06-08,1,0,1,0,126,110,16,4
vonpecka,2021-06-08,6,5,1,107,559,413,146,11.8
ZdenekHrib,2021-06-08,2,0,2,0,591,525,66,120.2
zeleni_cz,2021-06-08,1,0,1,0,392,178,214,4.5
alenaschillerov,2021-06-07,8,7,1,330,881,782,99,33
AndrejBabis,2021-06-07,23,2,21,163,1797,400,1397,75
honzabartosek,2021-06-07,2,2,0,4,290,290,0,38.2
Jan_Skopecek,2021-06-07,4,4,0,895,406,367,39,84.9
JanLipavsky,2021-06-07,1,1,0,246,1379,280,1099,42.2
jhamacek,2021-06-07,3,2,1,244,368,276,92,43.4
kalousekm,2021-06-07,4,4,0,1366,1770,1736,34,911
KarelHavlicek_,2021-06-07,4,3,1,175,476,317,159,14.6
kducsl,2021-06-07,7,0,7,0,2681,229,2452,8.2
Kuba_Martin,2021-06-07,4,4,0,14,837,837,0,113.7
makupka,2021-06-07,1,1,0,341,133,111,22,78.5
market_a,2021-06-07,3,3,0,2032,645,536,109,522.5
MJureka,2021-06-07,3,3,0,385,995,861,134,170.4
ODScz,2021-06-07,15,2,13,107,2485,676,1809,93.9
olgarichterova,2021-06-07,2,2,0,262,422,411,11,31
P_Fiala,2021-06-07,3,2,1,835,573,370,203,158.6
PavelSehnal64,2021-06-07,1,1,0,1,48,48,0,0.3
PiratIvanBartos,2021-06-07,2,2,0,487,407,376,31,185.1
PiratskaStrana,2021-06-07,6,0,6,0,1024,409,615,49.8
Pospisil_Jiri,2021-06-07,4,3,1,173,335,287,48,66
RobertSlachta,2021-06-07,1,0,1,0,130,94,36,3.4
SpoluKoalice,2021-06-07,16,1,15,126,2264,200,2064,38.6
STANcz,2021-06-07,1,1,0,33,600,179,421,10
TomasZdechovsky,2021-06-07,32,25,7,1135,4112,3067,1045,214.7
tomio_cz,2021-06-07,3,3,0,142,648,648,0,30.6
TOP09cz,2021-06-07,14,0,14,0,2286,89,2197,13.1
volimtrikoloru,2021-06-07,1,1,0,25,125,110,15,4
vonpecka,2021-06-07,3,2,1,109,553,408,145,11.7
ZdenekHrib,2021-06-07,3,2,1,381,589,525,64,120.2
alenaschillerov,2021-06-06,4,3,1,963,873,775,98,32.7
AndrejBabis,2021-06-06,3,2,1,438,1774,398,1376,74.8
czKSCM,2021-06-06,1,0,1,0,75,20,55,0.2
Jan_Skopecek,2021-06-06,3,3,0,720,402,363,39,84
jana_cernochova,2021-06-06,2,2,0,345,454,437,17,38.8
JanLipavsky,2021-06-06,5,1,4,49,1378,279,1099,41.9
kalousekm,2021-06-06,2,2,0,2482,1766,1732,34,909.6
KarelHavlicek_,2021-06-06,1,0,1,0,472,314,158,14.4
kducsl,2021-06-06,7,0,7,0,2674,229,2445,8.2
MJureka,2021-06-06,8,8,0,580,992,858,134,170
ODScz,2021-06-06,16,6,10,882,2470,674,1796,93.8
olgarichterova,2021-06-06,1,0,1,0,420,409,11,30.7
P_Fiala,2021-06-06,5,0,5,0,570,368,202,157.8
PiratskaStrana,2021-06-06,1,1,0,39,1018,409,609,49.8
Pospisil_Jiri,2021-06-06,2,1,1,93,331,284,47,65.9
RobertSlachta,2021-06-06,4,3,1,351,129,94,35,3.4
SpoluKoalice,2021-06-06,17,0,17,0,2248,199,2049,38.5
STANcz,2021-06-06,5,1,4,52,599,178,421,10
TomasCzernin,2021-06-06,1,1,0,348,127,124,3,77.5
TomasZdechovsky,2021-06-06,28,20,8,912,4080,3042,1038,213.5
tomio_cz,2021-06-06,4,4,0,248,645,645,0,30.5
TOP09cz,2021-06-06,7,0,7,0,2272,89,2183,13.1
Vit_Rakusan,2021-06-06,1,1,0,1828,144,126,18,78.5
volimtrikoloru,2021-06-06,11,10,1,30,124,109,15,4
ZdenekHrib,2021-06-06,5,5,0,644,586,523,63,119.8
zeleni_cz,2021-06-06,1,1,0,13,391,178,213,4.5
alenaschillerov,2021-06-05,1,1,0,70,869,772,97,31.7
AndrejBabis,2021-06-05,2,1,1,225,1771,396,1375,74.4
Jan_Skopecek,2021-06-05,1,1,0,232,399,360,39,83.3
JanLipavsky,2021-06-05,3,0,3,0,1373,278,1095,41.9
kalousekm,2021-06-05,1,1,0,500,1764,1730,34,907.1
kducsl,2021-06-05,5,0,5,0,2667,229,2438,8.2
milionchvilek,2021-06-05,1,0,1,0,237,149,88,29.1
MJureka,2021-06-05,5,5,0,258,984,850,134,169.4
ODScz,2021-06-05,5,2,3,387,2454,668,1786,93
olgarichterova,2021-06-05,1,1,0,340,419,409,10,30.7
P_Fiala,2021-06-05,1,0,1,0,565,368,197,157.8
PiratskaStrana,2021-06-05,1,0,1,0,1017,408,609,49.7
SpoluKoalice,2021-06-05,19,0,19,0,2231,199,2032,38.5
TomasZdechovsky,2021-06-05,27,22,5,659,4052,3022,1030,212.6
tomio_cz,2021-06-05,4,4,0,291,641,641,0,30.2
VeslavM,2021-06-05,1,1,0,10,316,307,9,7.1
vonpecka,2021-06-05,1,0,1,0,550,406,144,11.6
alenaschillerov,2021-06-04,5,4,1,241,868,771,97,31.7
AndrejBabis,2021-06-04,20,5,15,958,1769,395,1374,74.2
Jan_Skopecek,2021-06-04,3,3,0,461,398,359,39,83.1
JanLipavsky,2021-06-04,5,1,4,290,1370,278,1092,41.9
kalousekm,2021-06-04,4,4,0,5381,1763,1729,34,906.6
KarelHavlicek_,2021-06-04,4,1,3,39,471,314,157,14.4
kducsl,2021-06-04,10,0,10,0,2662,229,2433,8.2
makupka,2021-06-04,1,1,0,117,132,110,22,78.2
market_a,2021-06-04,3,3,0,1162,642,533,109,520.5
MJureka,2021-06-04,5,4,1,462,979,845,134,169.2
ODScz,2021-06-04,18,5,13,599,2449,666,1783,92.6
olgarichterova,2021-06-04,1,0,1,0,418,408,10,30.4
P_Fiala,2021-06-04,8,8,0,1883,564,368,196,157.8
PiratIvanBartos,2021-06-04,2,2,0,1415,405,374,31,184.6
PiratskaStrana,2021-06-04,5,4,1,1738,1016,408,608,49.7
Pospisil_Jiri,2021-06-04,1,1,0,71,329,283,46,65.8
RobertSlachta,2021-06-04,1,0,1,0,125,91,34,3
SpoluKoalice,2021-06-04,21,3,18,927,2212,199,2013,38.5
TomasCzernin,2021-06-04,1,1,0,246,126,123,3,77.2
TomasZdechovsky,2021-06-04,31,26,5,1658,4025,3000,1025,212
tomio_cz,2021-06-04,2,2,0,130,637,637,0,30
TOP09cz,2021-06-04,15,1,14,418,2265,89,2176,13.1
vonpecka,2021-06-04,9,7,2,95,549,406,143,11.6
zeleni_cz,2021-06-04,1,0,1,0,390,177,213,4.5
alenaschillerov,2021-06-03,19,19,0,944,863,767,96,31.4
AndrejBabis,2021-06-03,24,7,17,2115,1749,390,1359,73.2
general_pavel,2021-06-03,1,1,0,671,126,125,1,90.9
honzabartosek,2021-06-03,1,1,0,53,288,288,0,38.2
Jan_Skopecek,2021-06-03,5,4,1,790,395,356,39,82.6
jana_cernochova,2021-06-03,1,1,0,103,452,435,17,38.4
JanLipavsky,2021-06-03,14,6,8,592,1365,277,1088,41.6
kalousekm,2021-06-03,11,11,0,11161,1759,1725,34,901.3
KarelHavlicek_,2021-06-03,2,1,1,50,467,313,154,14.4
kducsl,2021-06-03,29,7,22,375,2652,229,2423,8.2
makupka,2021-06-03,2,1,1,239,131,109,22,78.1
market_a,2021-06-03,10,7,3,6888,639,530,109,519.3
MartinBaxa2,2021-06-03,1,1,0,143,105,105,0,36.2
milionchvilek,2021-06-03,1,0,1,0,236,149,87,29.1
MJureka,2021-06-03,18,17,1,3944,974,841,133,168.7
ODScz,2021-06-03,49,21,28,2016,2431,661,1770,92
olgarichterova,2021-06-03,3,3,0,938,417,408,9,30.4
P_Fiala,2021-06-03,22,14,8,2250,556,360,196,155.9
PiratIvanBartos,2021-06-03,4,2,2,1053,403,372,31,183.2
PiratskaStrana,2021-06-03,26,17,9,4288,1011,404,607,48
Pospisil_Jiri,2021-06-03,2,2,0,175,328,282,46,65.7
RobertSlachta,2021-06-03,1,1,0,4,124,91,33,3
SpoluKoalice,2021-06-03,39,3,36,349,2191,196,1995,37.6
STANcz,2021-06-03,6,0,6,0,594,177,417,9.9
TomasCzernin,2021-06-03,2,2,0,671,125,122,3,76.9
TomasZdechovsky,2021-06-03,46,36,10,2128,3994,2974,1020,210.3
tomio_cz,2021-06-03,5,5,0,150,635,635,0,29.8
TOP09cz,2021-06-03,25,3,22,338,2250,88,2162,12.7
Vit_Rakusan,2021-06-03,2,2,0,2609,143,125,18,76.7
volimtrikoloru,2021-06-03,2,2,0,17,113,99,14,4
vonpecka,2021-06-03,2,2,0,5,540,399,141,11.5
Zbynek_Stanjura,2021-06-03,1,1,0,912,19,15,4,16.1
ZdenekHrib,2021-06-03,6,6,0,1432,581,518,63,119.2
alenaschillerov,2021-06-02,9,9,0,200,844,748,96,30.5
AndrejBabis,2021-06-02,18,0,18,0,1725,383,1342,71.1
general_pavel,2021-06-02,1,1,0,217,125,124,1,90.2
honzabartosek,2021-06-02,1,1,0,14,287,287,0,38.2
Jan_Skopecek,2021-06-02,4,3,1,169,390,352,38,81.8
jana_cernochova,2021-06-02,1,1,0,474,451,434,17,38.3
JanLipavsky,2021-06-02,6,0,6,0,1351,271,1080,41
jhamacek,2021-06-02,1,0,1,0,365,274,91,43.2
kalousekm,2021-06-02,11,11,0,6145,1748,1714,34,890.1
KarelHavlicek_,2021-06-02,8,8,0,233,465,312,153,14.3
kducsl,2021-06-02,14,0,14,0,2623,222,2401,7.9
Kuba_Martin,2021-06-02,1,1,0,72,833,833,0,113.7
makupka,2021-06-02,1,1,0,249,129,108,21,77.8
market_a,2021-06-02,8,8,0,3219,629,523,106,512.4
milionchvilek,2021-06-02,3,2,1,390,235,149,86,29.1
MJureka,2021-06-02,4,3,1,71,956,824,132,164.8
ODScz,2021-06-02,30,8,22,427,2382,640,1742,90
olgarichterova,2021-06-02,2,2,0,9,414,405,9,29.4
P_Fiala,2021-06-02,11,9,2,694,534,346,188,153.7
PiratIvanBartos,2021-06-02,2,1,1,1263,399,370,29,182.1
PiratskaStrana,2021-06-02,5,3,2,1059,985,387,598,43.7
Pospisil_Jiri,2021-06-02,2,2,0,191,326,280,46,65.5
RobertSlachta,2021-06-02,1,0,1,0,123,90,33,3
SpoluKoalice,2021-06-02,16,3,13,294,2152,193,1959,37.2
STANcz,2021-06-02,5,2,3,45,588,177,411,9.9
TomasCzernin,2021-06-02,2,2,0,427,123,120,3,76.3
TomasZdechovsky,2021-06-02,41,34,7,2558,3948,2938,1010,208.2
tomio_cz,2021-06-02,2,2,0,133,630,630,0,29.7
TOP09cz,2021-06-02,24,1,23,71,2225,85,2140,12.3
VeslavM,2021-06-02,1,1,0,80,315,306,9,7.1
volimtrikoloru,2021-06-02,1,0,1,0,111,97,14,3.9
vonpecka,2021-06-02,8,7,1,311,538,397,141,11.5
zeleni_cz,2021-06-02,1,0,1,0,389,177,212,4.5
alenaschillerov,2021-06-01,21,20,1,631,835,739,96,30.3
AndrejBabis,2021-06-01,29,8,21,678,1707,383,1324,71.1
general_pavel,2021-06-01,1,1,0,1143,124,123,1,90
honzabartosek,2021-06-01,2,2,0,258,286,286,0,38.1
Jan_Skopecek,2021-06-01,2,2,0,375,386,349,37,81.6
jana_cernochova,2021-06-01,5,4,1,179,450,433,17,37.8
JanLipavsky,2021-06-01,3,1,2,53,1345,271,1074,41
jhamacek,2021-06-01,1,1,0,100,364,274,90,43.2
kalousekm,2021-06-01,1,1,0,8,1737,1703,34,884
KarelHavlicek_,2021-06-01,3,3,0,113,457,304,153,14.1
kducsl,2021-06-01,13,9,4,216,2609,222,2387,7.9
Kuba_Martin,2021-06-01,2,2,0,75,832,832,0,113.6
makupka,2021-06-01,2,2,0,587,128,107,21,77.6
market_a,2021-06-01,2,2,0,1360,621,515,106,509.2
MartinBaxa2,2021-06-01,1,1,0,314,104,104,0,36
metnarl,2021-06-01,1,1,0,23,64,50,14,4
milionchvilek,2021-06-01,4,3,1,797,232,147,85,28.7
MJureka,2021-06-01,8,8,0,939,952,821,131,164.7
ODScz,2021-06-01,21,6,15,1561,2352,632,1720,89.5
PiratIvanBartos,2021-06-01,11,11,0,2214,397,369,28,180.8
PiratskaStrana,2021-06-01,9,1,8,101,980,384,596,42.7
Pospisil_Jiri,2021-06-01,1,1,0,84,324,278,46,65.3
RobertSlachta,2021-06-01,2,0,2,0,122,90,32,3
SpoluKoalice,2021-06-01,25,1,24,243,2136,190,1946,36.9
STANcz,2021-06-01,4,1,3,21,583,175,408,9.9
TomasZdechovsky,2021-06-01,41,33,8,798,3907,2904,1003,205.6
tomio_cz,2021-06-01,3,3,0,63,628,628,0,29.5
TOP09cz,2021-06-01,14,2,12,1070,2201,84,2117,12.3
Vit_Rakusan,2021-06-01,1,1,0,762,141,123,18,74.1
vonpecka,2021-06-01,2,1,1,74,530,390,140,11.2
ZdenekHrib,2021-06-01,9,9,0,701,575,512,63,117.8
zeleni_cz,2021-06-01,1,1,0,23,388,177,211,4.5
alenaschillerov,2021-05-31,9,9,0,287,814,719,95,29.7
AndrejBabis,2021-05-31,18,5,13,546,1678,375,1303,70.4
czKSCM,2021-05-31,1,0,1,0,74,20,54,0.2
general_pavel,2021-05-31,1,1,0,1905,123,122,1,88.8
honzabartosek,2021-05-31,1,1,0,25,284,284,0,37.9
Jan_Skopecek,2021-05-31,3,3,0,1198,384,347,37,81.3
jana_cernochova,2021-05-31,3,2,1,165,445,429,16,37.7
JanLipavsky,2021-05-31,3,0,3,0,1342,270,1072,41
jhamacek,2021-05-31,1,0,1,0,363,273,90,43.1
kalousekm,2021-05-31,20,20,0,8286,1736,1702,34,883.9
KarelHavlicek_,2021-05-31,2,2,0,70,454,301,153,14
kducsl,2021-05-31,10,1,9,39,2596,213,2383,7.7
makupka,2021-05-31,1,1,0,227,126,105,21,77
market_a,2021-05-31,2,1,1,1908,619,513,106,507.8
metnarl,2021-05-31,1,1,0,114,63,49,14,3.9
milionchvilek,2021-05-31,3,3,0,929,228,144,84,27.9
MJureka,2021-05-31,4,4,0,415,944,813,131,163.7
ODScz,2021-05-31,19,2,17,130,2331,626,1705,88
olgarichterova,2021-05-31,1,1,0,85,412,403,9,29.4
P_Fiala,2021-05-31,8,8,0,1953,523,337,186,153
PiratIvanBartos,2021-05-31,1,1,0,1463,386,358,28,178.6
PiratskaStrana,2021-05-31,3,1,2,1,971,383,588,42.5
Pospisil_Jiri,2021-05-31,2,1,1,185,323,277,46,65.3
SpoluKoalice,2021-05-31,38,1,37,7,2111,189,1922,36.7
STANcz,2021-05-31,7,1,6,102,579,174,405,9.9
TomasCzernin,2021-05-31,1,1,0,343,121,118,3,75.8
TomasZdechovsky,2021-05-31,25,22,3,1257,3866,2871,995,204.8
tomio_cz,2021-05-31,3,3,0,117,625,625,0,29.5
TOP09cz,2021-05-31,14,0,14,0,2187,82,2105,11.2
VeslavM,2021-05-31,3,3,0,83,314,305,9,7
Vit_Rakusan,2021-05-31,1,1,0,749,140,122,18,73.3
volimtrikoloru,2021-05-31,1,0,1,0,110,97,13,3.9
vonpecka,2021-05-31,11,9,2,80,528,389,139,11.1
ZdenekHrib,2021-05-31,2,2,0,398,566,503,63,117.1
zeleni_cz,2021-05-31,1,1,0,49,387,176,211,4.5
alenaschillerov,2021-05-30,2,1,1,1,805,710,95,29.4
AndrejBabis,2021-05-30,6,4,2,1025,1660,370,1290,69.9
czKSCM,2021-05-30,1,0,1,0,73,20,53,0.2
general_pavel,2021-05-30,2,1,1,38,122,121,1,86.9
Jan_Skopecek,2021-05-30,1,1,0,65,381,344,37,80.1
JanLipavsky,2021-05-30,1,0,1,0,1339,270,1069,41
kalousekm,2021-05-30,3,3,0,3243,1716,1682,34,875.7
KarelHavlicek_,2021-05-30,1,0,1,0,452,299,153,13.9
kducsl,2021-05-30,2,0,2,0,2586,212,2374,7.6
Kuba_Martin,2021-05-30,1,1,0,6,830,830,0,113.5
market_a,2021-05-30,1,0,1,0,617,512,105,505.9
MartinBaxa2,2021-05-30,1,1,0,64,103,103,0,35.7
MJureka,2021-05-30,5,5,0,477,940,809,131,163.3
ODScz,2021-05-30,5,3,2,331,2312,624,1688,87.8
Pospisil_Jiri,2021-05-30,1,1,0,414,321,276,45,65.1
RobertSlachta,2021-05-30,1,1,0,30,120,90,30,3
SpoluKoalice,2021-05-30,7,0,7,0,2073,188,1885,36.7
TomasZdechovsky,2021-05-30,31,29,2,2688,3841,2849,992,203.6
tomio_cz,2021-05-30,3,3,0,279,622,622,0,29.4
TOP09cz,2021-05-30,3,0,3,0,2173,82,2091,11.2
VeslavM,2021-05-30,2,2,0,58,311,302,9,7
vonpecka,2021-05-30,4,2,2,66,517,380,137,11.1
alenaschillerov,2021-05-29,4,4,0,195,803,709,94,29.4
AndrejBabis,2021-05-29,19,2,17,241,1654,366,1288,68.8
Jan_Skopecek,2021-05-29,8,8,0,39,380,343,37,80
jana_cernochova,2021-05-29,3,3,0,318,442,427,15,37.5
JanLipavsky,2021-05-29,3,0,3,0,1338,270,1068,41
jhamacek,2021-05-29,1,0,1,0,362,273,89,43.1
kalousekm,2021-05-29,3,2,1,1740,1713,1679,34,872.4
KarelHavlicek_,2021-05-29,5,5,0,237,451,299,152,13.9
market_a,2021-05-29,1,1,0,33,616,512,104,505.9
ODScz,2021-05-29,6,1,5,78,2307,621,1686,87.5
P_Fiala,2021-05-29,1,1,0,368,515,329,186,151
PiratskaStrana,2021-05-29,1,1,0,191,968,382,586,42.5
SpoluKoalice,2021-05-29,16,0,16,0,2066,188,1878,36.7
STANcz,2021-05-29,1,0,1,0,572,173,399,9.8
TomasZdechovsky,2021-05-29,30,21,9,1208,3810,2820,990,200.9
tomio_cz,2021-05-29,2,2,0,207,619,619,0,29.1
VeslavM,2021-05-29,6,6,0,60,309,300,9,6.9
volimtrikoloru,2021-05-29,1,1,0,21,109,97,12,3.9
vonpecka,2021-05-29,2,0,2,0,513,378,135,11
alenaschillerov,2021-05-28,5,4,1,212,799,705,94,29.2
AndrejBabis,2021-05-28,8,2,6,623,1635,364,1271,68.6
general_pavel,2021-05-28,1,1,0,349,120,120,0,86.9
Jan_Skopecek,2021-05-28,3,3,0,422,372,335,37,80
jana_cernochova,2021-05-28,1,1,0,206,439,424,15,37.2
JanLipavsky,2021-05-28,6,2,4,215,1335,270,1065,41
kalousekm,2021-05-28,13,12,1,2502,1710,1677,33,870.7
KarelHavlicek_,2021-05-28,3,2,1,62,446,294,152,13.7
kducsl,2021-05-28,8,0,8,0,2584,212,2372,7.6
makupka,2021-05-28,1,1,0,249,125,104,21,76.8
market_a,2021-05-28,3,3,0,3358,615,511,104,505.9
MJureka,2021-05-28,7,5,2,739,935,804,131,162.9
ODScz,2021-05-28,11,2,9,197,2301,620,1681,87.4
olgarichterova,2021-05-28,1,1,0,270,411,402,9,29.3
P_Fiala,2021-05-28,2,1,1,1774,514,328,186,150.7
PiratIvanBartos,2021-05-28,3,3,0,1183,385,357,28,177.2
PiratskaStrana,2021-05-28,3,0,3,0,967,381,586,42.4
Pospisil_Jiri,2021-05-28,1,1,0,118,320,275,45,64.7
RobertSlachta,2021-05-28,2,0,2,0,119,89,30,3
SpoluKoalice,2021-05-28,10,0,10,0,2050,188,1862,36.7
STANcz,2021-05-28,7,0,7,0,571,173,398,9.8
TomasZdechovsky,2021-05-28,28,24,4,696,3780,2799,981,199.7
tomio_cz,2021-05-28,9,9,0,313,617,617,0,28.9
TOP09cz,2021-05-28,13,1,12,108,2170,82,2088,11.2
VeslavM,2021-05-28,1,1,0,0,303,294,9,6.8
Vit_Rakusan,2021-05-28,1,1,0,191,139,121,18,72.5
volimtrikoloru,2021-05-28,1,1,0,5,108,96,12,3.9
vonpecka,2021-05-28,3,1,2,16,511,378,133,11
zeleni_cz,2021-05-28,1,0,1,0,386,175,211,4.4
alenaschillerov,2021-05-27,3,3,0,95,794,701,93,29
AndrejBabis,2021-05-27,19,3,16,414,1627,362,1265,68
czKSCM,2021-05-27,1,0,1,0,72,20,52,0.2
general_pavel,2021-05-27,2,2,0,1087,119,119,0,86.5
honzabartosek,2021-05-27,1,1,0,33,283,283,0,37.9
Jan_Skopecek,2021-05-27,3,3,0,966,369,332,37,79.5
jana_cernochova,2021-05-27,3,3,0,50,438,423,15,37
JanLipavsky,2021-05-27,3,0,3,0,1329,268,1061,40.7
jhamacek,2021-05-27,2,0,2,0,361,273,88,43.1
kalousekm,2021-05-27,14,14,0,2830,1697,1665,32,868.2
KarelHavlicek_,2021-05-27,12,11,1,409,443,292,151,13.6
kducsl,2021-05-27,6,1,5,0,2576,212,2364,7.6
Kuba_Martin,2021-05-27,13,13,0,5074,829,829,0,113.5
market_a,2021-05-27,1,1,0,1193,612,508,104,502.5
MartinBaxa2,2021-05-27,1,1,0,59,102,102,0,35.6
metnarl,2021-05-27,1,0,1,0,62,48,14,3.8
milionchvilek,2021-05-27,1,1,0,94,225,141,84,27
MJureka,2021-05-27,1,1,0,128,928,799,129,162.1
ODScz,2021-05-27,12,0,12,0,2290,618,1672,87.2
olgarichterova,2021-05-27,1,1,0,15,410,401,9,29.1
P_Fiala,2021-05-27,3,3,0,1121,512,327,185,148.9
PiratIvanBartos,2021-05-27,1,1,0,947,382,354,28,176
PiratskaStrana,2021-05-27,3,0,3,0,964,381,583,42.4
Pospisil_Jiri,2021-05-27,1,1,0,175,319,274,45,64.5
SpoluKoalice,2021-05-27,21,0,21,0,2040,188,1852,36.7
STANcz,2021-05-27,4,0,4,0,564,173,391,9.8
TomasZdechovsky,2021-05-27,25,19,6,620,3752,2775,977,199
tomio_cz,2021-05-27,5,5,0,304,608,608,0,28.6
TOP09cz,2021-05-27,11,0,11,0,2157,81,2076,11.1
VeslavM,2021-05-27,6,6,0,45,302,293,9,6.8
Vit_Rakusan,2021-05-27,2,2,0,426,138,120,18,72.4
volimtrikoloru,2021-05-27,4,2,2,59,107,95,12,3.9
vonpecka,2021-05-27,1,1,0,62,508,377,131,11
ZdenekHrib,2021-05-27,5,5,0,792,564,501,63,116.7
alenaschillerov,2021-05-26,6,6,0,353,791,698,93,28.9
AndrejBabis,2021-05-26,16,0,16,0,1608,359,1249,67.6
general_pavel,2021-05-26,1,1,0,1020,117,117,0,85.4
Jan_Skopecek,2021-05-26,2,2,0,1042,366,329,37,78.6
jana_cernochova,2021-05-26,5,5,0,65,435,420,15,36.9
JanLipavsky,2021-05-26,14,4,10,581,1326,268,1058,40.7
jhamacek,2021-05-26,1,0,1,0,359,273,86,43.1
kalousekm,2021-05-26,12,12,0,5483,1683,1651,32,865.3
KarelHavlicek_,2021-05-26,3,2,1,179,431,281,150,13.2
kducsl,2021-05-26,11,1,10,58,2570,211,2359,7.6
makupka,2021-05-26,1,1,0,188,124,103,21,76.5
market_a,2021-05-26,1,1,0,436,611,507,104,501.3
milionchvilek,2021-05-26,3,3,0,587,224,140,84,26.9
MJureka,2021-05-26,2,2,0,441,927,798,129,162
ODScz,2021-05-26,15,0,15,0,2278,618,1660,87.2
olgarichterova,2021-05-26,1,0,1,0,409,400,9,29
P_Fiala,2021-05-26,3,3,0,771,509,324,185,147.8
PavelSehnal64,2021-05-26,1,1,0,2,47,47,0,0.3
PiratIvanBartos,2021-05-26,4,3,1,2405,381,353,28,175
PiratskaStrana,2021-05-26,11,4,7,1169,961,381,580,42.4
Pospisil_Jiri,2021-05-26,1,1,0,271,318,273,45,64.4
RobertSlachta,2021-05-26,1,0,1,0,117,89,28,3
SpoluKoalice,2021-05-26,15,1,14,124,2019,188,1831,36.7
STANcz,2021-05-26,7,6,1,271,560,173,387,9.8
TomasZdechovsky,2021-05-26,35,24,11,1798,3727,2756,971,198.4
tomio_cz,2021-05-26,5,5,0,182,603,603,0,28.3
TOP09cz,2021-05-26,13,1,12,34,2146,81,2065,11.1
VeslavM,2021-05-26,1,1,0,128,296,287,9,6.8
vonpecka,2021-05-26,6,4,2,27,507,376,131,10.9
ZdenekHrib,2021-05-26,2,1,1,0,559,496,63,115.9
zeleni_cz,2021-05-26,5,2,3,79,385,175,210,4.4
alenaschillerov,2021-05-25,4,4,0,324,785,692,93,28.5
AndrejBabis,2021-05-25,11,3,8,377,1592,359,1233,67.6
czKSCM,2021-05-25,1,0,1,0,71,20,51,0.2
general_pavel,2021-05-25,1,1,0,403,116,116,0,84.4
honzabartosek,2021-05-25,7,7,0,4331,282,282,0,37.8
Jan_Skopecek,2021-05-25,3,3,0,567,364,327,37,77.5
jana_cernochova,2021-05-25,1,1,0,5,430,415,15,36.9
JanLipavsky,2021-05-25,8,4,4,378,1312,264,1048,40.2
kalousekm,2021-05-25,7,7,0,7752,1671,1639,32,859.9
KarelHavlicek_,2021-05-25,5,5,0,113,428,279,149,13
kducsl,2021-05-25,32,9,23,253,2559,210,2349,7.6
makupka,2021-05-25,1,1,0,299,123,102,21,76.3
market_a,2021-05-25,2,2,0,6517,610,506,104,500.9
MartinBaxa2,2021-05-25,1,1,0,461,101,101,0,35.6
metnarl,2021-05-25,2,2,0,71,61,48,13,3.8
milionchvilek,2021-05-25,2,2,0,408,221,137,84,26.3
MJureka,2021-05-25,6,6,0,1287,925,796,129,161.5
ODScz,2021-05-25,18,2,16,285,2263,618,1645,87.2
olgarichterova,2021-05-25,1,0,1,0,408,400,8,29
PiratIvanBartos,2021-05-25,3,3,0,2331,377,350,27,172.6
PiratskaStrana,2021-05-25,6,0,6,0,950,377,573,41.2
Pospisil_Jiri,2021-05-25,5,5,0,718,317,272,45,64.1
SpoluKoalice,2021-05-25,29,0,29,0,2004,187,1817,36.5
STANcz,2021-05-25,8,4,4,69,553,167,386,9.5
TomasCzernin,2021-05-25,3,3,0,1031,120,117,3,75.5
TomasZdechovsky,2021-05-25,65,54,11,3167,3692,2732,960,196.6
tomio_cz,2021-05-25,4,4,0,38,598,598,0,28.1
TOP09cz,2021-05-25,31,0,31,0,2133,80,2053,11
VeslavM,2021-05-25,1,1,0,51,295,286,9,6.7
Vit_Rakusan,2021-05-25,1,1,0,1040,136,118,18,71.9
vonpecka,2021-05-25,2,1,1,13,501,372,129,10.9
Zbynek_Stanjura,2021-05-25,1,1,0,579,18,14,4,15.2
alenaschillerov,2021-05-24,7,7,0,467,781,688,93,28.2
AndrejBabis,2021-05-24,19,4,15,364,1581,356,1225,67.2
general_pavel,2021-05-24,1,1,0,1472,115,115,0,84
jana_cernochova,2021-05-24,5,5,0,190,429,414,15,36.8
JanLipavsky,2021-05-24,20,2,18,1224,1304,260,1044,39.8
kalousekm,2021-05-24,11,9,2,2489,1664,1632,32,852.1
KarelHavlicek_,2021-05-24,6,5,1,131,423,274,149,12.9
kducsl,2021-05-24,18,0,18,0,2527,201,2326,7.3
market_a,2021-05-24,3,2,1,1023,608,504,104,494.4
milionchvilek,2021-05-24,2,2,0,762,219,135,84,25.9
MJureka,2021-05-24,7,3,4,292,919,790,129,160.3
ODScz,2021-05-24,6,2,4,685,2245,616,1629,86.9
olgarichterova,2021-05-24,1,0,1,0,407,400,7,29
P_Fiala,2021-05-24,3,0,3,0,506,321,185,147
PiratIvanBartos,2021-05-24,10,8,2,3805,374,347,27,170.3
PiratskaStrana,2021-05-24,11,1,10,642,944,377,567,41.2
Pospisil_Jiri,2021-05-24,4,2,2,206,312,267,45,63.4
SpoluKoalice,2021-05-24,17,3,14,1213,1975,187,1788,36.5
STANcz,2021-05-24,4,0,4,0,545,163,382,9.4
TomasCzernin,2021-05-24,1,1,0,36,117,114,3,74.5
TomasZdechovsky,2021-05-24,36,27,9,1632,3627,2678,949,193.4
tomio_cz,2021-05-24,3,3,0,146,594,594,0,28
TOP09cz,2021-05-24,31,1,30,65,2102,80,2022,11
vojtafilip,2021-05-24,1,1,0,321,52,52,0,4.3
vonpecka,2021-05-24,6,4,2,57,499,371,128,10.9
ZdenekHrib,2021-05-24,8,6,2,581,557,495,62,115.9
zeleni_cz,2021-05-24,2,2,0,90,380,173,207,4.3
alenaschillerov,2021-05-23,3,3,0,73,774,681,93,27.7
AndrejBabis,2021-05-23,6,3,3,454,1562,352,1210,66.8
honzabartosek,2021-05-23,6,6,0,780,275,275,0,33.5
Jan_Skopecek,2021-05-23,1,1,0,431,361,324,37,77
JanLipavsky,2021-05-23,9,0,9,0,1284,258,1026,38.6
kalousekm,2021-05-23,3,2,1,1249,1653,1623,30,849.6
KarelHavlicek_,2021-05-23,1,0,1,0,417,269,148,12.8
kducsl,2021-05-23,14,0,14,0,2509,201,2308,7.3
makupka,2021-05-23,2,2,0,775,122,101,21,76
market_a,2021-05-23,1,1,0,1799,605,502,103,493.4
MJureka,2021-05-23,2,2,0,691,912,787,125,160
ODScz,2021-05-23,7,3,4,1137,2239,614,1625,86.3
P_Fiala,2021-05-23,1,1,0,571,503,321,182,147
PiratskaStrana,2021-05-23,1,0,1,0,933,376,557,40.5
Pospisil_Jiri,2021-05-23,1,1,0,325,308,265,43,63.2
RobertSlachta,2021-05-23,1,1,0,22,116,89,27,3
SpoluKoalice,2021-05-23,21,0,21,0,1958,184,1774,35.3
STANcz,2021-05-23,4,1,3,55,541,163,378,9.4
TomasCzernin,2021-05-23,2,2,0,1226,116,113,3,74.4
TomasZdechovsky,2021-05-23,34,31,3,1306,3591,2651,940,191.8
tomio_cz,2021-05-23,3,3,0,255,591,591,0,27.9
TOP09cz,2021-05-23,4,0,4,0,2071,79,1992,11
VeslavM,2021-05-23,4,4,0,28,294,285,9,6.6
Vit_Rakusan,2021-05-23,1,1,0,400,135,117,18,70.9
vonpecka,2021-05-23,6,4,2,293,493,367,126,10.8
ZdenekHrib,2021-05-23,1,0,1,0,549,489,60,115.3
alenaschillerov,2021-05-22,3,3,0,110,771,678,93,27.7
AndrejBabis,2021-05-22,4,2,2,254,1556,349,1207,66.4
Jan_Skopecek,2021-05-22,7,7,0,1082,360,323,37,76.5
jana_cernochova,2021-05-22,2,2,0,206,424,409,15,36.7
JanLipavsky,2021-05-22,5,0,5,0,1275,258,1017,38.6
kalousekm,2021-05-22,1,1,0,1337,1650,1621,29,848.4
kducsl,2021-05-22,11,0,11,0,2495,201,2294,7.3
makupka,2021-05-22,1,1,0,499,120,99,21,75.3
market_a,2021-05-22,3,1,2,313,604,501,103,491.6
MartinBaxa2,2021-05-22,1,1,0,114,100,100,0,35.1
metnarl,2021-05-22,1,1,0,73,59,46,13,3.8
milionchvilek,2021-05-22,1,1,0,92,217,133,84,25.1
MJureka,2021-05-22,3,3,0,297,910,785,125,159.3
ODScz,2021-05-22,9,2,7,208,2232,611,1621,85.1
P_Fiala,2021-05-22,1,1,0,469,502,320,182,146.4
PiratskaStrana,2021-05-22,2,1,1,207,932,376,556,40.5
Pospisil_Jiri,2021-05-22,1,1,0,156,307,264,43,62.8
SpoluKoalice,2021-05-22,12,0,12,0,1937,184,1753,35.3
TomasZdechovsky,2021-05-22,23,19,4,1147,3557,2620,937,190.5
TOP09cz,2021-05-22,4,0,4,0,2067,79,1988,11
VeslavM,2021-05-22,2,2,0,5,290,281,9,6.6
vonpecka,2021-05-22,4,2,2,16,487,363,124,10.5
ZdenekHrib,2021-05-22,1,1,0,1649,548,489,59,115.3
alenaschillerov,2021-05-21,7,6,1,200,768,675,93,27.5
AndrejBabis,2021-05-21,13,3,10,471,1552,347,1205,66.1
honzabartosek,2021-05-21,2,2,0,415,269,269,0,32.7
Jan_Skopecek,2021-05-21,3,3,0,364,353,316,37,75.5
JanLipavsky,2021-05-21,3,0,3,0,1270,258,1012,38.6
kalousekm,2021-05-21,4,4,0,4748,1649,1620,29,847
KarelHavlicek_,2021-05-21,5,3,2,133,416,269,147,12.8
kducsl,2021-05-21,12,0,12,0,2484,201,2283,7.3
makupka,2021-05-21,1,0,1,0,119,98,21,74.8
market_a,2021-05-21,4,4,0,2395,601,500,101,491.2
MartinBaxa2,2021-05-21,1,1,0,2,99,99,0,35
metnarl,2021-05-21,2,2,0,86,58,45,13,3.7
MJureka,2021-05-21,4,3,1,542,907,782,125,159
ODScz,2021-05-21,9,1,8,233,2223,609,1614,84.9
P_Fiala,2021-05-21,3,2,1,928,501,319,182,145.9
PiratskaStrana,2021-05-21,8,1,7,143,930,375,555,40.3
Pospisil_Jiri,2021-05-21,1,1,0,143,306,263,43,62.7
SpoluKoalice,2021-05-21,12,1,11,426,1925,184,1741,35.3
STANcz,2021-05-21,7,1,6,0,537,162,375,9.4
TomasCzernin,2021-05-21,2,2,0,759,114,111,3,73.2
TomasZdechovsky,2021-05-21,17,11,6,978,3534,2601,933,189.3
tomio_cz,2021-05-21,4,4,0,276,588,588,0,27.6
TOP09cz,2021-05-21,15,0,15,0,2063,79,1984,11
Vit_Rakusan,2021-05-21,1,0,1,0,134,116,18,70.5
vonpecka,2021-05-21,12,9,3,403,483,361,122,10.5
ZdenekHrib,2021-05-21,4,4,0,586,547,488,59,113.6
zeleni_cz,2021-05-21,4,4,0,101,378,171,207,4.2
alenaschillerov,2021-05-20,9,8,1,424,761,669,92,27.3
AndrejBabis,2021-05-20,8,4,4,375,1539,344,1195,65.6
Jan_Skopecek,2021-05-20,3,3,0,660,350,313,37,75.1
jana_cernochova,2021-05-20,1,1,0,3,422,407,15,36.5
JanLipavsky,2021-05-20,4,0,4,0,1267,258,1009,38.6
kalousekm,2021-05-20,6,6,0,1556,1645,1616,29,842.3
KarelHavlicek_,2021-05-20,4,2,2,77,411,266,145,12.6
kducsl,2021-05-20,13,0,13,0,2472,201,2271,7.3
market_a,2021-05-20,2,2,0,1703,597,496,101,488.9
metnarl,2021-05-20,1,0,1,0,56,43,13,3.6
milionchvilek,2021-05-20,13,10,3,2047,216,132,84,25
ODScz,2021-05-20,11,1,10,114,2214,608,1606,84.7
olgarichterova,2021-05-20,1,1,0,98,406,400,6,29
P_Fiala,2021-05-20,6,1,5,523,498,317,181,145
PavelSehnal64,2021-05-20,3,3,0,4,46,46,0,0.3
PiratIvanBartos,2021-05-20,3,2,1,688,364,339,25,166.5
PiratskaStrana,2021-05-20,7,3,4,198,922,374,548,40.2
Pospisil_Jiri,2021-05-20,1,0,1,0,305,262,43,62.5
SpoluKoalice,2021-05-20,15,0,15,0,1913,183,1730,34.9
STANcz,2021-05-20,5,4,1,115,530,161,369,9.4
TomasZdechovsky,2021-05-20,24,15,9,1367,3517,2590,927,188.3
tomio_cz,2021-05-20,3,3,0,158,584,584,0,27.4
TOP09cz,2021-05-20,11,0,11,0,2048,79,1969,11
vonpecka,2021-05-20,11,4,7,83,471,352,119,10.1
alenaschillerov,2021-05-19,4,3,1,70,752,661,91,26.9
AndrejBabis,2021-05-19,12,5,7,2129,1531,340,1191,65.3
general_pavel,2021-05-19,1,1,0,322,114,114,0,82.6
honzabartosek,2021-05-19,1,1,0,387,267,267,0,32.3
Jan_Skopecek,2021-05-19,1,1,0,218,347,310,37,74.4
jana_cernochova,2021-05-19,3,3,0,14,421,406,15,36.4
JanLipavsky,2021-05-19,1,0,1,0,1263,258,1005,38.6
kalousekm,2021-05-19,2,2,0,108,1639,1610,29,840.7
KarelHavlicek_,2021-05-19,4,4,0,137,407,264,143,12.6
kducsl,2021-05-19,35,1,34,60,2459,201,2258,7.3
Kuba_Martin,2021-05-19,5,5,0,11,816,816,0,108.4
makupka,2021-05-19,3,1,2,551,118,98,20,74.8
market_a,2021-05-19,2,1,1,253,595,494,101,487.2
MartinBaxa2,2021-05-19,1,1,0,234,98,98,0,35
metnarl,2021-05-19,2,2,0,44,55,43,12,3.6
MJureka,2021-05-19,1,1,0,236,903,779,124,158.4
ODScz,2021-05-19,37,8,29,1074,2203,607,1596,84.6
P_Fiala,2021-05-19,18,0,18,0,492,316,176,144.5
PiratIvanBartos,2021-05-19,10,9,1,1722,361,337,24,165.8
PiratskaStrana,2021-05-19,6,1,5,534,915,371,544,40
Pospisil_Jiri,2021-05-19,1,1,0,140,304,262,42,62.5
SpoluKoalice,2021-05-19,53,21,32,1789,1898,183,1715,34.9
STANcz,2021-05-19,10,4,6,75,525,157,368,9.3
TomasZdechovsky,2021-05-19,53,37,16,2269,3493,2575,918,187
tomio_cz,2021-05-19,5,5,0,222,581,581,0,27.2
TOP09cz,2021-05-19,11,2,9,296,2037,79,1958,11
VeslavM,2021-05-19,3,3,0,3,288,279,9,6.6
Vit_Rakusan,2021-05-19,3,3,0,1007,133,116,17,70.5
vojtafilip,2021-05-19,1,1,0,98,51,51,0,3.9
volimtrikoloru,2021-05-19,1,0,1,0,103,93,10,3.9
vonpecka,2021-05-19,9,2,7,220,460,348,112,10
alenaschillerov,2021-05-18,4,4,0,93,748,658,90,26.8
AndrejBabis,2021-05-18,6,3,3,211,1519,335,1184,63.1
general_pavel,2021-05-18,1,1,0,1042,113,113,0,82.2
honzabartosek,2021-05-18,1,1,0,618,266,266,0,31.9
Jan_Skopecek,2021-05-18,3,3,0,417,346,309,37,74.2
JanLipavsky,2021-05-18,7,1,6,2,1262,258,1004,38.6
kalousekm,2021-05-18,13,13,0,5881,1637,1608,29,840.6
kducsl,2021-05-18,20,0,20,0,2424,200,2224,7.2
Kuba_Martin,2021-05-18,1,1,0,3884,811,811,0,108.4
makupka,2021-05-18,1,1,0,1260,115,97,18,74.2
market_a,2021-05-18,4,3,1,2728,593,493,100,486.9
MartinBaxa2,2021-05-18,1,1,0,242,97,97,0,34.8
milionchvilek,2021-05-18,3,2,1,252,203,122,81,23
MJureka,2021-05-18,5,5,0,376,902,778,124,158.2
ODScz,2021-05-18,16,5,11,423,2166,599,1567,83.5
olgarichterova,2021-05-18,4,4,0,25,405,399,6,28.9
P_Fiala,2021-05-18,2,1,1,1262,474,316,158,144.5
PiratIvanBartos,2021-05-18,2,1,1,596,351,328,23,164.1
PiratskaStrana,2021-05-18,17,11,6,1571,909,370,539,39.5
Pospisil_Jiri,2021-05-18,3,3,0,477,303,261,42,62.4
SpoluKoalice,2021-05-18,30,2,28,697,1845,162,1683,33.1
STANcz,2021-05-18,11,5,6,214,515,153,362,9.2
TomasZdechovsky,2021-05-18,34,21,13,1653,3440,2538,902,184.7
tomio_cz,2021-05-18,2,2,0,343,576,576,0,27
TOP09cz,2021-05-18,25,0,25,0,2026,77,1949,10.7
VeslavM,2021-05-18,4,4,0,34,285,276,9,6.6
volimtrikoloru,2021-05-18,2,0,2,0,102,93,9,3.9
vonpecka,2021-05-18,1,1,0,45,451,346,105,9.8
ZdenekHrib,2021-05-18,3,3,0,623,543,484,59,113.1
alenaschillerov,2021-05-17,6,6,0,231,744,654,90,26.8
AndrejBabis,2021-05-17,14,0,14,0,1513,332,1181,62.9
czKSCM,2021-05-17,1,0,1,0,70,20,50,0.2
general_pavel,2021-05-17,1,1,0,1077,112,112,0,81.2
honzabartosek,2021-05-17,2,2,0,19,265,265,0,31.3
Jan_Skopecek,2021-05-17,4,4,0,1085,343,306,37,73.8
jana_cernochova,2021-05-17,2,2,0,299,418,403,15,36.4
JanLipavsky,2021-05-17,8,1,7,1020,1255,257,998,38.6
kalousekm,2021-05-17,20,20,0,5647,1624,1595,29,834.7
KarelHavlicek_,2021-05-17,2,2,0,78,403,260,143,12.4
kducsl,2021-05-17,16,0,16,0,2404,200,2204,7.2
Kuba_Martin,2021-05-17,5,5,0,712,810,810,0,104.5
makupka,2021-05-17,1,1,0,458,114,96,18,72.9
market_a,2021-05-17,3,2,1,2172,589,490,99,484.2
MartinBaxa2,2021-05-17,3,3,0,482,96,96,0,34.5
milionchvilek,2021-05-17,1,1,0,517,200,120,80,22.7
MJureka,2021-05-17,9,7,2,525,897,773,124,157.8
ODScz,2021-05-17,23,6,17,99,2150,594,1556,83.1
olgarichterova,2021-05-17,1,1,0,199,401,395,6,28.9
P_Fiala,2021-05-17,7,3,4,1296,472,315,157,143.2
PavelSehnal64,2021-05-17,1,1,0,1,43,43,0,0.3
PiratIvanBartos,2021-05-17,2,1,1,1,349,327,22,163.5
PiratskaStrana,2021-05-17,4,1,3,736,892,359,533,37.9
Pospisil_Jiri,2021-05-17,1,1,0,104,300,258,42,61.9
SpoluKoalice,2021-05-17,18,0,18,0,1815,160,1655,32.4
STANcz,2021-05-17,10,8,2,246,504,148,356,9
TomasZdechovsky,2021-05-17,40,30,10,1794,3406,2517,889,183
tomio_cz,2021-05-17,2,2,0,112,574,574,0,26.6
TOP09cz,2021-05-17,6,0,6,0,2001,77,1924,10.7
Vit_Rakusan,2021-05-17,1,0,1,0,130,113,17,69.5
vojtafilip,2021-05-17,1,1,0,58,50,50,0,3.8
volimtrikoloru,2021-05-17,1,1,0,34,100,93,7,3.9
vonpecka,2021-05-17,5,3,2,39,450,345,105,9.8
ZdenekHrib,2021-05-17,1,0,1,0,540,481,59,112.4
alenaschillerov,2021-05-16,1,1,0,35,738,648,90,26.5
AndrejBabis,2021-05-16,6,4,2,933,1499,332,1167,62.9
czKSCM,2021-05-16,2,0,2,0,69,20,49,0.2
Jan_Skopecek,2021-05-16,4,4,0,3112,339,302,37,72.7
JanLipavsky,2021-05-16,1,0,1,0,1247,256,991,37.5
KarelHavlicek_,2021-05-16,1,0,1,0,401,258,143,12.3
kducsl,2021-05-16,9,0,9,0,2388,200,2188,7.2
market_a,2021-05-16,1,1,0,1413,586,488,98,482
MJureka,2021-05-16,4,4,0,3,888,766,122,157.3
ODScz,2021-05-16,8,4,4,647,2127,588,1539,83
P_Fiala,2021-05-16,2,1,1,829,465,312,153,141.9
Pospisil_Jiri,2021-05-16,2,2,0,224,299,257,42,61.8
RobertSlachta,2021-05-16,1,1,0,20,115,88,27,2.9
SpoluKoalice,2021-05-16,17,1,16,28,1797,160,1637,32.4
TomasZdechovsky,2021-05-16,16,13,3,469,3366,2487,879,181.2
tomio_cz,2021-05-16,8,8,0,246,572,572,0,26.5
TOP09cz,2021-05-16,10,0,10,0,1995,77,1918,10.7
VeslavM,2021-05-16,5,5,0,37,281,272,9,6.5
vonpecka,2021-05-16,3,2,1,27,445,342,103,9.7
ZdenekHrib,2021-05-16,8,8,0,1022,539,481,58,112.4
zeleni_cz,2021-05-16,2,0,2,0,374,167,207,4.1
alenaschillerov,2021-05-15,2,2,0,52,737,647,90,26.5
AndrejBabis,2021-05-15,1,0,1,0,1493,328,1165,62
Jan_Skopecek,2021-05-15,2,2,0,366,335,298,37,69.6
JanLipavsky,2021-05-15,2,1,1,1,1246,256,990,37.5
kalousekm,2021-05-15,10,9,1,4395,1604,1575,29,829.1
kducsl,2021-05-15,5,0,5,0,2379,200,2179,7.2
metnarl,2021-05-15,1,1,0,24,53,41,12,3.5
milionchvilek,2021-05-15,1,1,0,373,199,119,80,22.2
MJureka,2021-05-15,4,4,0,1368,884,762,122,157.3
ODScz,2021-05-15,4,0,4,0,2119,584,1535,82.3
PavelSehnal64,2021-05-15,1,1,0,0,42,42,0,0.3
PiratIvanBartos,2021-05-15,2,2,0,1242,347,326,21,163.5
PiratskaStrana,2021-05-15,1,1,0,82,888,358,530,37.2
SpoluKoalice,2021-05-15,20,0,20,0,1780,159,1621,32.4
TomasZdechovsky,2021-05-15,30,28,2,908,3350,2474,876,180.8
tomio_cz,2021-05-15,4,4,0,271,564,564,0,26.3
vonpecka,2021-05-15,2,2,0,8,442,340,102,9.7
ZdenekHrib,2021-05-15,2,1,1,126,531,473,58,111.4
zeleni_cz,2021-05-15,2,1,1,2,372,167,205,4.1
alenaschillerov,2021-05-14,4,4,0,138,735,645,90,26.4
AndrejBabis,2021-05-14,17,6,11,354,1492,328,1164,62
honzabartosek,2021-05-14,4,4,0,322,263,263,0,31.3
Jan_Skopecek,2021-05-14,2,2,0,412,333,296,37,69.2
jana_cernochova,2021-05-14,6,6,0,143,416,401,15,36.1
JanLipavsky,2021-05-14,14,7,7,831,1244,255,989,37.5
jhamacek,2021-05-14,5,3,2,634,358,273,85,43.1
kalousekm,2021-05-14,20,19,1,879,1594,1566,28,824.7
KarelHavlicek_,2021-05-14,5,5,0,274,400,258,142,12.3
kducsl,2021-05-14,19,1,18,59,2374,200,2174,7.2
makupka,2021-05-14,2,2,0,442,113,95,18,72.5
market_a,2021-05-14,9,7,2,12738,585,487,98,480.6
milionchvilek,2021-05-14,5,3,2,2229,198,118,80,21.8
MJureka,2021-05-14,8,8,0,1725,880,758,122,155.9
ODScz,2021-05-14,21,8,13,583,2115,584,1531,82.3
P_Fiala,2021-05-14,6,3,3,545,463,311,152,141.1
PavelSehnal64,2021-05-14,2,2,0,2,41,41,0,0.3
PiratIvanBartos,2021-05-14,4,4,0,2269,345,324,21,162.2
PiratskaStrana,2021-05-14,9,0,9,0,887,357,530,37.1
Pospisil_Jiri,2021-05-14,5,4,1,1200,297,255,42,61.6
RobertSlachta,2021-05-14,1,1,0,0,114,87,27,2.9
SpoluKoalice,2021-05-14,37,2,35,1168,1760,159,1601,32.4
STANcz,2021-05-14,10,4,6,11,494,140,354,8.7
TomasCzernin,2021-05-14,2,2,0,511,112,109,3,72.4
TomasZdechovsky,2021-05-14,21,13,8,1841,3320,2446,874,179.9
tomio_cz,2021-05-14,1,1,0,24,560,560,0,26
TOP09cz,2021-05-14,25,0,25,0,1985,77,1908,10.7
VeslavM,2021-05-14,8,8,0,149,276,267,9,6.5
Vit_Rakusan,2021-05-14,2,2,0,2029,129,113,16,69.5
volimtrikoloru,2021-05-14,1,0,1,0,99,92,7,3.8
vonpecka,2021-05-14,5,3,2,5,440,338,102,9.7
ZdenekHrib,2021-05-14,3,3,0,1089,529,472,57,111.3
zeleni_cz,2021-05-14,1,1,0,60,370,166,204,4.1
alenaschillerov,2021-05-13,5,5,0,109,731,641,90,26.3
AndrejBabis,2021-05-13,11,5,6,642,1475,322,1153,61.6
general_pavel,2021-05-13,1,1,0,181,111,111,0,80.1
honzabartosek,2021-05-13,1,1,0,24,259,259,0,31
Jan_Skopecek,2021-05-13,3,3,0,1160,331,294,37,68.8
JanLipavsky,2021-05-13,5,0,5,0,1230,248,982,36.7
jhamacek,2021-05-13,1,1,0,178,353,270,83,42.5
kalousekm,2021-05-13,13,13,0,5751,1574,1547,27,823.8
KarelHavlicek_,2021-05-13,4,3,1,83,395,253,142,12.1
kducsl,2021-05-13,11,0,11,0,2355,199,2156,7.2
market_a,2021-05-13,3,3,0,5047,576,480,96,467.8
milionchvilek,2021-05-13,1,1,0,42,193,115,78,19.6
MJureka,2021-05-13,5,5,0,1501,872,750,122,154.2
ODScz,2021-05-13,11,1,10,397,2094,576,1518,81.7
olgarichterova,2021-05-13,12,12,0,1327,400,394,6,28.7
P_Fiala,2021-05-13,2,2,0,521,457,308,149,140.6
PavelSehnal64,2021-05-13,1,1,0,2,39,39,0,0.3
PiratIvanBartos,2021-05-13,2,2,0,954,341,320,21,160
PiratskaStrana,2021-05-13,5,1,4,83,878,357,521,37.1
Pospisil_Jiri,2021-05-13,1,1,0,370,292,251,41,60.4
SpoluKoalice,2021-05-13,27,0,27,0,1723,157,1566,31.2
STANcz,2021-05-13,3,0,3,0,484,136,348,8.7
TomasCzernin,2021-05-13,1,1,0,496,110,107,3,71.9
TomasZdechovsky,2021-05-13,19,15,4,1994,3299,2433,866,178
tomio_cz,2021-05-13,1,1,0,17,559,559,0,26
TOP09cz,2021-05-13,7,0,7,0,1960,77,1883,10.7
VeslavM,2021-05-13,6,6,0,280,268,259,9,6.4
volimtrikoloru,2021-05-13,2,2,0,154,98,92,6,3.8
vonpecka,2021-05-13,1,1,0,57,435,335,100,9.7
ZdenekHrib,2021-05-13,5,5,0,1978,526,469,57,110.2
zeleni_cz,2021-05-13,1,0,1,0,369,165,204,4.1
alenaschillerov,2021-05-12,12,11,1,280,726,636,90,26.2
AndrejBabis,2021-05-12,11,3,8,1912,1464,317,1147,61
czKSCM,2021-05-12,1,1,0,4,67,20,47,0.2
general_pavel,2021-05-12,1,1,0,1230,110,110,0,79.9
honzabartosek,2021-05-12,2,2,0,174,258,258,0,30.9
Jan_Skopecek,2021-05-12,5,3,2,1295,328,291,37,67.7
jana_cernochova,2021-05-12,1,1,0,232,410,395,15,36
JanLipavsky,2021-05-12,3,0,3,0,1225,248,977,36.7
kalousekm,2021-05-12,24,24,0,7492,1561,1534,27,818.1
kducsl,2021-05-12,29,3,26,74,2344,199,2145,7.2
makupka,2021-05-12,1,1,0,838,111,93,18,72
market_a,2021-05-12,5,3,2,3125,573,477,96,462.8
metnarl,2021-05-12,1,1,0,25,52,40,12,3.5
milionchvilek,2021-05-12,2,1,1,37,192,114,78,19.6
MJureka,2021-05-12,11,10,1,1253,867,745,122,152.7
ODScz,2021-05-12,19,0,19,0,2083,575,1508,81.3
P_Fiala,2021-05-12,8,8,0,4196,455,306,149,140
PavelSehnal64,2021-05-12,1,1,0,0,38,38,0,0.3
PiratIvanBartos,2021-05-12,4,4,0,1529,339,318,21,159
PiratskaStrana,2021-05-12,10,3,7,275,873,356,517,37
Pospisil_Jiri,2021-05-12,2,2,0,193,291,250,41,60
SpoluKoalice,2021-05-12,42,4,38,1561,1696,157,1539,31.2
STANcz,2021-05-12,2,0,2,0,481,136,345,8.7
TomasCzernin,2021-05-12,2,2,0,650,109,106,3,71.4
TomasZdechovsky,2021-05-12,14,12,2,1260,3280,2418,862,176
tomio_cz,2021-05-12,5,5,0,414,558,558,0,26
TOP09cz,2021-05-12,20,2,18,288,1953,77,1876,10.7
Vit_Rakusan,2021-05-12,1,1,0,681,127,111,16,67.5
vojtafilip,2021-05-12,1,1,0,87,49,49,0,3.8
volimtrikoloru,2021-05-12,1,1,0,36,96,90,6,3.7
vonpecka,2021-05-12,2,1,1,90,434,334,100,9.6
Zbynek_Stanjura,2021-05-12,1,1,0,557,17,13,4,14.6
ZdenekHrib,2021-05-12,5,5,0,217,521,464,57,108.2
zeleni_cz,2021-05-12,1,1,0,19,368,165,203,4.1
alenaschillerov,2021-05-11,6,6,0,107,714,625,89,25.9
AndrejBabis,2021-05-11,13,4,9,328,1453,314,1139,59.1
czKSCM,2021-05-11,1,1,0,2,66,19,47,0.2
honzabartosek,2021-05-11,2,2,0,249,256,256,0,30.8
Jan_Skopecek,2021-05-11,1,1,0,454,323,288,35,66.4
JanLipavsky,2021-05-11,3,0,3,0,1222,248,974,36.7
kalousekm,2021-05-11,2,2,0,1032,1537,1510,27,810.6
KarelHavlicek_,2021-05-11,3,3,0,93,391,250,141,12
kducsl,2021-05-11,8,0,8,0,2315,196,2119,7.1
Kuba_Martin,2021-05-11,2,2,0,9,805,805,0,103.8
makupka,2021-05-11,1,1,0,144,110,92,18,71.2
market_a,2021-05-11,4,4,0,4797,568,474,94,459.7
metnarl,2021-05-11,3,3,0,82,51,39,12,3.5
milionchvilek,2021-05-11,1,1,0,83,190,113,77,19.5
MJureka,2021-05-11,3,2,1,299,856,735,121,151.4
ODScz,2021-05-11,10,1,9,1954,2064,575,1489,81.3
olgarichterova,2021-05-11,7,7,0,612,388,382,6,27.4
PavelSehnal64,2021-05-11,1,1,0,1,37,37,0,0.3
PiratskaStrana,2021-05-11,6,1,5,269,863,353,510,36.7
Pospisil_Jiri,2021-05-11,1,1,0,213,289,248,41,59.8
RobertSlachta,2021-05-11,2,2,0,86,113,86,27,2.9
SpoluKoalice,2021-05-11,18,0,18,0,1654,153,1501,29.7
STANcz,2021-05-11,1,1,0,24,479,136,343,8.7
TomasCzernin,2021-05-11,1,1,0,206,107,104,3,70.8
TomasZdechovsky,2021-05-11,18,16,2,2991,3266,2406,860,174.8
tomio_cz,2021-05-11,2,2,0,22,553,553,0,25.6
TOP09cz,2021-05-11,12,0,12,0,1933,75,1858,10.4
VeslavM,2021-05-11,2,2,0,17,262,253,9,6.1
vonpecka,2021-05-11,6,3,3,11,432,333,99,9.5
Zbynek_Stanjura,2021-05-11,1,0,1,0,16,12,4,14.1
ZdenekHrib,2021-05-11,2,2,0,480,516,459,57,108
zeleni_cz,2021-05-11,1,0,1,0,367,164,203,4.1
alenaschillerov,2021-05-10,6,6,0,123,708,619,89,25.8
AndrejBabis,2021-05-10,11,1,10,454,1440,310,1130,58.8
general_pavel,2021-05-10,1,1,0,564,109,109,0,78.7
Jan_Skopecek,2021-05-10,2,2,0,944,322,287,35,65.9
JanLipavsky,2021-05-10,3,0,3,0,1219,248,971,36.7
kalousekm,2021-05-10,3,3,0,2299,1535,1508,27,809.5
KarelHavlicek_,2021-05-10,6,5,1,301,388,247,141,11.9
kducsl,2021-05-10,11,0,11,0,2307,196,2111,7.1
makupka,2021-05-10,1,1,0,231,109,91,18,71.1
market_a,2021-05-10,5,5,0,3671,564,470,94,454.9
milionchvilek,2021-05-10,3,0,3,0,189,112,77,19.4
MJureka,2021-05-10,3,3,0,272,853,733,120,151.2
ODScz,2021-05-10,8,0,8,0,2054,574,1480,79.4
olgarichterova,2021-05-10,2,2,0,218,381,375,6,26.8
P_Fiala,2021-05-10,1,1,0,396,447,298,149,135.8
PiratskaStrana,2021-05-10,3,1,2,157,857,352,505,36.4
Pospisil_Jiri,2021-05-10,3,3,0,323,288,247,41,59.6
SpoluKoalice,2021-05-10,18,0,18,0,1636,153,1483,29.7
STANcz,2021-05-10,4,1,3,52,478,135,343,8.7
TomasCzernin,2021-05-10,1,1,0,611,106,103,3,70.6
TomasZdechovsky,2021-05-10,12,10,2,1111,3248,2390,858,171.8
tomio_cz,2021-05-10,5,5,0,173,551,551,0,25.5
TOP09cz,2021-05-10,10,1,9,115,1921,75,1846,10.4
VeslavM,2021-05-10,1,1,0,10,260,251,9,6.1
vonpecka,2021-05-10,5,5,0,16,426,330,96,9.5
ZdenekHrib,2021-05-10,5,4,1,261,514,457,57,107.5
alenaschillerov,2021-05-09,1,0,1,0,702,613,89,25.7
AndrejBabis,2021-05-09,4,3,1,497,1429,309,1120,58.3
honzabartosek,2021-05-09,1,1,0,118,254,254,0,30.5
Jan_Skopecek,2021-05-09,11,1,10,533,320,285,35,65
jana_cernochova,2021-05-09,2,2,0,2738,409,394,15,35.8
JanLipavsky,2021-05-09,18,3,15,327,1216,248,968,36.7
jhamacek,2021-05-09,2,0,2,0,352,269,83,42.3
kalousekm,2021-05-09,1,1,0,988,1532,1505,27,807.2
KarelHavlicek_,2021-05-09,1,0,1,0,382,242,140,11.6
kducsl,2021-05-09,8,0,8,0,2296,196,2100,7.1
Kuba_Martin,2021-05-09,8,8,0,51,803,803,0,103.8
market_a,2021-05-09,6,5,1,3336,559,465,94,451.2
MartinBaxa2,2021-05-09,1,1,0,385,93,93,0,34
milionchvilek,2021-05-09,4,4,0,123,186,112,74,19.4
MJureka,2021-05-09,2,2,0,640,850,730,120,150.9
ODScz,2021-05-09,12,4,8,679,2046,574,1472,79.4
olgarichterova,2021-05-09,5,4,1,285,379,373,6,26.6
PavelSehnal64,2021-05-09,1,1,0,0,36,36,0,0.3
Pospisil_Jiri,2021-05-09,2,2,0,737,285,244,41,59.3
RobertSlachta,2021-05-09,3,1,2,19,111,84,27,2.8
SpoluKoalice,2021-05-09,17,1,16,1491,1618,153,1465,29.7
STANcz,2021-05-09,1,1,0,197,474,134,340,8.6
TomasCzernin,2021-05-09,1,1,0,237,105,102,3,70
TomasZdechovsky,2021-05-09,15,11,4,1176,3236,2380,856,170.7
tomio_cz,2021-05-09,5,5,0,247,546,546,0,25.4
TOP09cz,2021-05-09,16,1,15,270,1911,74,1837,10.3
VeslavM,2021-05-09,9,9,0,154,259,250,9,6.1
Vit_Rakusan,2021-05-09,1,0,1,0,126,110,16,66.8
vojtafilip,2021-05-09,1,1,0,152,48,48,0,3.7
vonpecka,2021-05-09,5,3,2,4,421,325,96,9.5
ZdenekHrib,2021-05-09,1,1,0,457,509,453,56,107.3
zeleni_cz,2021-05-09,1,0,1,0,366,164,202,4.1
alenaschillerov,2021-05-08,1,1,0,64,701,613,88,25.7
AndrejBabis,2021-05-08,5,2,3,614,1425,306,1119,57.8
general_pavel,2021-05-08,1,1,0,578,108,108,0,78.1
honzabartosek,2021-05-08,2,2,0,93,253,253,0,30.4
Jan_Skopecek,2021-05-08,3,2,1,736,309,284,25,64.4
jana_cernochova,2021-05-08,20,20,0,1115,407,392,15,33
JanLipavsky,2021-05-08,11,7,4,118,1198,245,953,36.4
jhamacek,2021-05-08,2,1,1,301,350,269,81,42.3
kalousekm,2021-05-08,6,6,0,1516,1531,1504,27,806.3
KarelHavlicek_,2021-05-08,1,0,1,0,381,242,139,11.6
kducsl,2021-05-08,15,0,15,0,2288,196,2092,7.1
Kuba_Martin,2021-05-08,21,21,0,247,795,795,0,103.8
market_a,2021-05-08,4,2,2,639,553,460,93,447.9
metnarl,2021-05-08,1,1,0,69,48,36,12,3.4
MJureka,2021-05-08,4,4,0,568,848,728,120,150.2
ODScz,2021-05-08,6,0,6,0,2034,570,1464,78.7
olgarichterova,2021-05-08,3,3,0,98,374,369,5,26.3
P_Fiala,2021-05-08,2,1,1,348,446,297,149,135.5
Pospisil_Jiri,2021-05-08,1,1,0,170,283,242,41,58.6
SpoluKoalice,2021-05-08,21,0,21,0,1601,152,1449,28.2
STANcz,2021-05-08,7,1,6,57,473,133,340,8.5
TomasCzernin,2021-05-08,1,1,0,241,104,101,3,69.7
TomasZdechovsky,2021-05-08,15,14,1,700,3221,2369,852,169.5
tomio_cz,2021-05-08,7,7,0,314,541,541,0,25.1
TOP09cz,2021-05-08,12,0,12,0,1895,73,1822,10
VeslavM,2021-05-08,16,16,0,1390,250,241,9,5.9
Vit_Rakusan,2021-05-08,2,2,0,196,125,110,15,66.8
vonpecka,2021-05-08,10,10,0,59,416,322,94,9.5
alenaschillerov,2021-05-07,4,4,0,179,700,612,88,25.6
AndrejBabis,2021-05-07,14,5,9,849,1420,304,1116,57.2
honzabartosek,2021-05-07,1,1,0,40,251,251,0,30.3
Jan_Skopecek,2021-05-07,3,3,0,666,306,282,24,63.7
jana_cernochova,2021-05-07,5,5,0,140,387,372,15,31.9
JanLipavsky,2021-05-07,8,1,7,2805,1187,238,949,36.3
jhamacek,2021-05-07,3,0,3,0,348,268,80,42
kalousekm,2021-05-07,1,1,0,15,1525,1498,27,804.7
KarelHavlicek_,2021-05-07,1,1,0,27,380,242,138,11.6
kducsl,2021-05-07,11,0,11,0,2273,196,2077,7.1
makupka,2021-05-07,1,1,0,2576,108,90,18,70.8
market_a,2021-05-07,3,2,1,3165,549,458,91,447.2
metnarl,2021-05-07,1,0,1,0,47,35,12,3.3
milionchvilek,2021-05-07,1,1,0,274,182,108,74,19.3
MJureka,2021-05-07,7,7,0,1894,844,724,120,149.7
ODScz,2021-05-07,6,1,5,11,2028,570,1458,78.7
P_Fiala,2021-05-07,1,1,0,552,444,296,148,135.1
PiratskaStrana,2021-05-07,3,0,3,0,854,351,503,36.3
RobertSlachta,2021-05-07,1,1,0,40,108,83,25,2.8
SpoluKoalice,2021-05-07,26,0,26,0,1580,152,1428,28.2
STANcz,2021-05-07,4,2,2,239,466,132,334,8.4
TomasZdechovsky,2021-05-07,11,8,3,1198,3206,2355,851,168.8
tomio_cz,2021-05-07,7,7,0,183,534,534,0,24.8
TOP09cz,2021-05-07,10,0,10,0,1883,73,1810,10
vonpecka,2021-05-07,2,2,0,15,406,312,94,9.4
ZdenekHrib,2021-05-07,6,5,1,302,508,452,56,106.8
zeleni_cz,2021-05-07,3,3,0,159,365,164,201,4.1
alenaschillerov,2021-05-06,7,7,0,202,696,608,88,25.4
AndrejBabis,2021-05-06,10,0,10,0,1406,299,1107,56.4
honzabartosek,2021-05-06,1,1,0,277,250,250,0,30.3
Jan_Skopecek,2021-05-06,2,2,0,1301,303,279,24,63
jana_cernochova,2021-05-06,9,9,0,339,382,367,15,31.8
JanLipavsky,2021-05-06,6,0,6,0,1179,237,942,33.5
jhamacek,2021-05-06,3,1,2,554,345,268,77,42
kalousekm,2021-05-06,13,13,0,7222,1524,1497,27,804.7
KarelHavlicek_,2021-05-06,2,2,0,70,379,241,138,11.6
kducsl,2021-05-06,11,0,11,0,2262,196,2066,7.1
market_a,2021-05-06,3,3,0,4312,546,456,90,444.1
MartinBaxa2,2021-05-06,1,1,0,474,92,92,0,33.7
metnarl,2021-05-06,1,1,0,39,46,35,11,3.3
milionchvilek,2021-05-06,4,1,3,152,181,107,74,19
MJureka,2021-05-06,9,9,0,1636,837,717,120,147.8
ODScz,2021-05-06,16,2,14,70,2022,569,1453,78.7
olgarichterova,2021-05-06,3,3,0,353,371,366,5,26.2
PiratIvanBartos,2021-05-06,1,1,0,723,335,314,21,157.5
PiratskaStrana,2021-05-06,6,1,5,143,851,351,500,36.3
Pospisil_Jiri,2021-05-06,3,2,1,878,282,241,41,58.4
SpoluKoalice,2021-05-06,17,0,17,0,1554,152,1402,28.2
STANcz,2021-05-06,5,2,3,64,462,130,332,8.2
TomasZdechovsky,2021-05-06,26,17,9,1948,3195,2347,848,167.6
tomio_cz,2021-05-06,6,6,0,317,527,527,0,24.6
TOP09cz,2021-05-06,15,0,15,0,1873,73,1800,10
VeslavM,2021-05-06,3,3,0,11,234,225,9,4.5
Vit_Rakusan,2021-05-06,1,1,0,694,123,108,15,66.6
volimtrikoloru,2021-05-06,4,3,1,40,95,89,6,3.6
vonpecka,2021-05-06,1,1,0,5,404,310,94,9.4
ZdenekHrib,2021-05-06,1,0,1,0,502,447,55,106.5
zeleni_cz,2021-05-06,1,1,0,47,362,161,201,3.9
alenaschillerov,2021-05-05,12,12,0,228,689,601,88,25.2
AndrejBabis,2021-05-05,7,1,6,108,1396,299,1097,56.4
honzabartosek,2021-05-05,2,2,0,60,249,249,0,30
Jan_Skopecek,2021-05-05,4,3,1,453,301,277,24,61.7
jana_cernochova,2021-05-05,6,6,0,237,373,358,15,31.4
JanLipavsky,2021-05-05,5,1,4,0,1173,237,936,33.5
jhamacek,2021-05-05,2,2,0,599,342,267,75,41.4
kalousekm,2021-05-05,7,7,0,6670,1511,1484,27,797.5
KarelHavlicek_,2021-05-05,4,3,1,92,377,239,138,11.5
kducsl,2021-05-05,20,2,18,38,2251,196,2055,7.1
market_a,2021-05-05,7,7,0,2785,543,453,90,439.8
MartinBaxa2,2021-05-05,1,1,0,1068,91,91,0,33.2
milionchvilek,2021-05-05,1,1,0,185,177,106,71,18.9
MJureka,2021-05-05,14,12,2,1621,828,708,120,146.1
ODScz,2021-05-05,26,3,23,1724,2006,567,1439,78.6
P_Fiala,2021-05-05,11,9,2,1162,443,295,148,134.6
PiratIvanBartos,2021-05-05,2,2,0,6,334,313,21,156.8
PiratskaStrana,2021-05-05,3,0,3,0,845,350,495,36.1
Pospisil_Jiri,2021-05-05,2,2,0,969,279,239,40,57.5
RobertSlachta,2021-05-05,1,0,1,0,107,82,25,2.8
SpoluKoalice,2021-05-05,20,3,17,410,1537,152,1385,28.2
STANcz,2021-05-05,2,0,2,0,457,128,329,8.1
TomasZdechovsky,2021-05-05,12,9,3,1330,3169,2330,839,165.6
tomio_cz,2021-05-05,2,2,0,199,521,521,0,24.3
TOP09cz,2021-05-05,10,0,10,0,1858,73,1785,10
VeslavM,2021-05-05,1,1,0,25,231,222,9,4.5
volimtrikoloru,2021-05-05,2,2,0,59,91,86,5,3.6
vonpecka,2021-05-05,7,6,1,42,403,309,94,9.4
ZdenekHrib,2021-05-05,4,4,0,457,501,447,54,106.5
zeleni_cz,2021-05-05,4,2,2,34,361,160,201,3.9
alenaschillerov,2021-05-04,16,16,0,85,677,589,88,25
AndrejBabis,2021-05-04,8,3,5,446,1389,298,1091,56.2
czKSCM,2021-05-04,1,0,1,0,65,18,47,0.2
honzabartosek,2021-05-04,1,1,0,173,247,247,0,29.9
Jan_Skopecek,2021-05-04,2,2,0,1421,297,274,23,61.3
jana_cernochova,2021-05-04,4,4,0,89,367,352,15,31.2
JanLipavsky,2021-05-04,17,7,10,612,1168,236,932,33.5
jhamacek,2021-05-04,4,4,0,481,340,265,75,40.8
kalousekm,2021-05-04,31,31,0,15245,1504,1477,27,790.8
KarelHavlicek_,2021-05-04,1,0,1,0,373,236,137,11.4
kducsl,2021-05-04,16,3,13,67,2231,194,2037,7.1
makupka,2021-05-04,1,1,0,1715,107,89,18,68.3
market_a,2021-05-04,4,4,0,5752,536,446,90,437
MartinBaxa2,2021-05-04,3,3,0,525,90,90,0,32.1
metnarl,2021-05-04,2,1,1,59,45,34,11,3.3
milionchvilek,2021-05-04,5,3,2,419,176,105,71,18.7
MJureka,2021-05-04,3,2,1,574,814,696,118,144.5
ODScz,2021-05-04,26,1,25,4,1980,564,1416,76.9
P_Fiala,2021-05-04,8,4,4,2573,432,286,146,133.4
PiratIvanBartos,2021-05-04,4,4,0,2509,332,311,21,156.8
PiratskaStrana,2021-05-04,6,2,4,173,842,350,492,36.1
Pospisil_Jiri,2021-05-04,3,2,1,621,277,237,40,56.6
SpoluKoalice,2021-05-04,33,1,32,125,1517,149,1368,27.8
STANcz,2021-05-04,6,3,3,138,455,128,327,8.1
TomasCzernin,2021-05-04,1,1,0,842,103,100,3,69.5
TomasZdechovsky,2021-05-04,26,18,8,2859,3157,2321,836,164.3
tomio_cz,2021-05-04,2,2,0,102,519,519,0,24.1
TOP09cz,2021-05-04,25,2,23,103,1848,73,1775,10
Vit_Rakusan,2021-05-04,2,1,1,731,122,107,15,65.9
vonpecka,2021-05-04,8,3,5,47,396,303,93,9.4
ZdenekHrib,2021-05-04,9,5,4,1084,497,443,54,106
alenaschillerov,2021-05-03,3,3,0,145,661,573,88,24.9
AndrejBabis,2021-05-03,12,1,11,78,1381,295,1086,55.8
Jan_Skopecek,2021-05-03,2,2,0,210,295,272,23,59.9
jana_cernochova,2021-05-03,8,8,0,180,363,348,15,31.1
JanLipavsky,2021-05-03,5,1,4,525,1151,229,922,32.8
jhamacek,2021-05-03,1,0,1,0,336,261,75,40.4
kalousekm,2021-05-03,7,7,0,5030,1473,1446,27,775.6
KarelHavlicek_,2021-05-03,6,5,1,297,372,236,136,11.4
kducsl,2021-05-03,11,0,11,0,2215,191,2024,7
makupka,2021-05-03,1,1,0,301,106,88,18,66.5
market_a,2021-05-03,3,3,0,5351,532,442,90,431.2
metnarl,2021-05-03,2,0,2,0,43,33,10,3.2
milionchvilek,2021-05-03,3,2,1,395,171,102,69,18.3
MJureka,2021-05-03,1,1,0,161,811,694,117,143.9
ODScz,2021-05-03,7,0,7,0,1954,563,1391,76.9
P_Fiala,2021-05-03,1,1,0,175,424,282,142,130.8
PiratIvanBartos,2021-05-03,3,2,1,754,328,307,21,154.3
PiratskaStrana,2021-05-03,5,3,2,252,836,348,488,36
Pospisil_Jiri,2021-05-03,2,2,0,346,274,235,39,55.9
RobertSlachta,2021-05-03,1,0,1,0,106,82,24,2.8
SpoluKoalice,2021-05-03,9,0,9,0,1484,148,1336,27.6
STANcz,2021-05-03,8,1,7,14,449,125,324,8
TomasZdechovsky,2021-05-03,20,15,5,1787,3131,2303,828,161.5
tomio_cz,2021-05-03,4,4,0,252,517,517,0,24
TOP09cz,2021-05-03,12,0,12,0,1823,71,1752,9.9
VeslavM,2021-05-03,2,2,0,50,230,221,9,4.5
Vit_Rakusan,2021-05-03,2,2,0,380,120,106,14,65.1
vojtafilip,2021-05-03,2,2,0,181,47,47,0,3.5
volimtrikoloru,2021-05-03,3,3,0,3,89,84,5,3.5
vonpecka,2021-05-03,1,1,0,0,388,300,88,9.3
ZdenekHrib,2021-05-03,2,0,2,0,488,438,50,105
zeleni_cz,2021-05-03,2,1,1,23,357,158,199,3.8
alenaschillerov,2021-05-02,2,2,0,90,658,570,88,24.8
AndrejBabis,2021-05-02,8,8,0,1533,1369,294,1075,55.7
Jan_Skopecek,2021-05-02,4,3,1,207,293,270,23,59.6
jana_cernochova,2021-05-02,4,4,0,1276,355,340,15,30.9
JanLipavsky,2021-05-02,1,0,1,0,1146,228,918,32.3
jhamacek,2021-05-02,2,2,0,238,335,261,74,40.4
kalousekm,2021-05-02,10,10,0,1155,1466,1439,27,770.6
KarelHavlicek_,2021-05-02,1,0,1,0,366,231,135,11.1
kducsl,2021-05-02,6,0,6,0,2204,191,2013,7
Kuba_Martin,2021-05-02,4,4,0,25,774,774,0,103.5
market_a,2021-05-02,1,1,0,425,529,439,90,425.9
MartinBaxa2,2021-05-02,1,1,0,599,87,87,0,31.6
ODScz,2021-05-02,9,6,3,849,1947,563,1384,76.9
RobertSlachta,2021-05-02,2,2,0,27,105,82,23,2.8
SpoluKoalice,2021-05-02,18,0,18,0,1475,148,1327,27.6
STANcz,2021-05-02,1,0,1,0,441,124,317,7.9
TomasZdechovsky,2021-05-02,29,27,2,1737,3111,2288,823,159.7
TOP09cz,2021-05-02,13,0,13,0,1811,71,1740,9.9
VeslavM,2021-05-02,1,1,0,1,228,219,9,4.4
alenaschillerov,2021-05-01,1,1,0,69,656,568,88,24.7
AndrejBabis,2021-05-01,3,2,1,429,1361,286,1075,54.2
czKSCM,2021-05-01,1,0,1,0,64,18,46,0.2
general_pavel,2021-05-01,1,1,0,539,107,107,0,77.6
Jan_Skopecek,2021-05-01,4,4,0,1780,289,267,22,59.4
jana_cernochova,2021-05-01,1,1,0,18,351,336,15,29.6
JanLipavsky,2021-05-01,1,0,1,0,1145,228,917,32.3
jhamacek,2021-05-01,4,2,2,559,333,259,74,40.1
kalousekm,2021-05-01,2,2,0,2552,1456,1429,27,769.4
KarelHavlicek_,2021-05-01,1,1,0,102,365,231,134,11.1
kducsl,2021-05-01,8,0,8,0,2198,191,2007,7
makupka,2021-05-01,2,1,1,80,105,87,18,66.2
market_a,2021-05-01,2,1,1,1147,528,438,90,425.4
MJureka,2021-05-01,4,4,0,727,810,693,117,143.8
ODScz,2021-05-01,7,0,7,0,1938,557,1381,76.1
P_Fiala,2021-05-01,2,1,1,1082,423,281,142,130.6
Pospisil_Jiri,2021-05-01,1,1,0,202,272,233,39,55.6
SpoluKoalice,2021-05-01,11,0,11,0,1457,148,1309,27.6
STANcz,2021-05-01,1,0,1,0,440,124,316,7.9
TomasZdechovsky,2021-05-01,8,6,2,1405,3082,2261,821,157.9
tomio_cz,2021-05-01,3,3,0,178,513,513,0,23.7
TOP09cz,2021-05-01,6,0,6,0,1798,71,1727,9.9
VeslavM,2021-05-01,2,2,0,12,227,218,9,4.4
vonpecka,2021-05-01,2,1,1,35,387,299,88,9.3
zeleni_cz,2021-05-01,3,3,0,102,355,157,198,3.8
alenaschillerov,2021-04-30,4,4,0,68,655,567,88,24.6
AndrejBabis,2021-04-30,13,7,6,856,1358,284,1074,53.8
czKSCM,2021-04-30,1,0,1,0,63,18,45,0.2
general_pavel,2021-04-30,1,1,0,442,106,106,0,77
honzabartosek,2021-04-30,2,2,0,250,246,246,0,29.7
Jan_Skopecek,2021-04-30,4,3,1,344,285,263,22,57.7
jana_cernochova,2021-04-30,13,13,0,491,350,335,15,29.6
JanLipavsky,2021-04-30,10,2,8,252,1144,228,916,32.3
jhamacek,2021-04-30,1,0,1,0,329,257,72,39.6
kalousekm,2021-04-30,9,9,0,2775,1454,1427,27,766.9
KarelHavlicek_,2021-04-30,1,1,0,42,364,230,134,11
kducsl,2021-04-30,15,0,15,0,2190,191,1999,7
Kuba_Martin,2021-04-30,1,1,0,70,770,770,0,103.5
makupka,2021-04-30,1,1,0,643,103,86,17,66.2
market_a,2021-04-30,5,4,1,7123,526,437,89,424.3
MartinBaxa2,2021-04-30,2,2,0,132,86,86,0,31
milionchvilek,2021-04-30,4,1,3,1,168,100,68,17.9
MJureka,2021-04-30,6,4,2,338,806,689,117,143.1
ODScz,2021-04-30,13,1,12,93,1931,557,1374,76.1
olgarichterova,2021-04-30,1,1,0,329,368,363,5,25.8
P_Fiala,2021-04-30,7,2,5,573,421,280,141,129.6
PiratIvanBartos,2021-04-30,1,0,1,0,325,305,20,153.5
PiratskaStrana,2021-04-30,8,2,6,195,831,345,486,35.7
Pospisil_Jiri,2021-04-30,2,2,0,423,271,232,39,55.4
SpoluKoalice,2021-04-30,11,4,7,439,1446,148,1298,27.6
STANcz,2021-04-30,5,0,5,0,439,124,315,7.9
TomasCzernin,2021-04-30,1,1,0,489,102,99,3,68.6
TomasZdechovsky,2021-04-30,20,17,3,911,3074,2255,819,156.5
tomio_cz,2021-04-30,2,2,0,47,510,510,0,23.6
TOP09cz,2021-04-30,17,1,16,24,1792,71,1721,9.9
VeslavM,2021-04-30,1,1,0,28,225,216,9,4.4
Vit_Rakusan,2021-04-30,1,1,0,1,118,104,14,64.8
vonpecka,2021-04-30,4,3,1,47,385,298,87,9.3
ZdenekHrib,2021-04-30,1,0,1,0,486,438,48,105
zeleni_cz,2021-04-30,1,1,0,38,352,154,198,3.7
alenaschillerov,2021-04-29,8,8,0,317,651,563,88,24.5
AndrejBabis,2021-04-29,10,1,9,139,1345,277,1068,52.9
czKSCM,2021-04-29,1,0,1,0,62,18,44,0.2
general_pavel,2021-04-29,2,2,0,285,105,105,0,76.6
honzabartosek,2021-04-29,1,1,0,17,244,244,0,29.5
Jan_Skopecek,2021-04-29,1,1,0,571,281,260,21,57.3
JanLipavsky,2021-04-29,12,0,12,0,1134,226,908,32.1
jhamacek,2021-04-29,3,0,3,0,328,257,71,39.6
kalousekm,2021-04-29,6,6,0,1262,1445,1418,27,764.1
KarelHavlicek_,2021-04-29,4,4,0,363,363,229,134,11
kducsl,2021-04-29,29,0,29,0,2175,191,1984,7
makupka,2021-04-29,1,1,0,295,102,85,17,65.5
market_a,2021-04-29,5,5,0,5691,521,433,88,417.2
MartinBaxa2,2021-04-29,1,1,0,102,84,84,0,30.9
milionchvilek,2021-04-29,19,15,4,1758,164,99,65,17.9
MJureka,2021-04-29,6,6,0,2441,800,685,115,142.7
ODScz,2021-04-29,21,4,17,297,1918,556,1362,76
olgarichterova,2021-04-29,1,1,0,53,367,362,5,25.5
PiratIvanBartos,2021-04-29,4,4,0,5006,324,305,19,153.5
PiratskaStrana,2021-04-29,6,3,3,1467,823,343,480,35.5
Pospisil_Jiri,2021-04-29,3,3,0,972,269,230,39,55
SpoluKoalice,2021-04-29,15,0,15,0,1435,144,1291,27.2
TomasCzernin,2021-04-29,1,1,0,26,101,98,3,68.1
TomasZdechovsky,2021-04-29,24,20,4,1146,3054,2238,816,155.6
tomio_cz,2021-04-29,3,3,0,260,508,508,0,23.5
TOP09cz,2021-04-29,16,1,15,91,1775,70,1705,9.9
Vit_Rakusan,2021-04-29,2,2,0,722,117,103,14,64.8
volimtrikoloru,2021-04-29,5,4,1,311,86,81,5,3.5
vonpecka,2021-04-29,6,6,0,154,381,295,86,9.2
ZdenekHrib,2021-04-29,3,3,0,1679,485,438,47,105
zeleni_cz,2021-04-29,2,0,2,0,351,153,198,3.7
alenaschillerov,2021-04-28,6,5,1,209,643,555,88,24.2
AndrejBabis,2021-04-28,11,4,7,508,1335,276,1059,52.8
Jan_Skopecek,2021-04-28,4,4,0,1680,280,259,21,56.7
jana_cernochova,2021-04-28,2,1,1,144,337,322,15,29.1
JanLipavsky,2021-04-28,13,0,13,0,1122,226,896,32.1
jhamacek,2021-04-28,1,0,1,0,325,257,68,39.6
kalousekm,2021-04-28,5,5,0,2801,1439,1412,27,762.8
KarelHavlicek_,2021-04-28,5,4,1,111,359,225,134,10.6
kducsl,2021-04-28,15,0,15,0,2146,191,1955,7
Kuba_Martin,2021-04-28,1,1,0,1,769,769,0,103.4
market_a,2021-04-28,9,9,0,2072,516,428,88,411.5
MartinBaxa2,2021-04-28,2,2,0,233,83,83,0,30.8
milionchvilek,2021-04-28,2,1,1,150,145,84,61,16.1
MJureka,2021-04-28,9,8,1,1549,794,679,115,140.3
ODScz,2021-04-28,27,0,27,0,1897,552,1345,75.7
olgarichterova,2021-04-28,1,0,1,0,366,361,5,25.4
P_Fiala,2021-04-28,6,4,2,2131,414,278,136,129
PavelSehnal64,2021-04-28,2,2,0,1,35,35,0,0.3
PiratIvanBartos,2021-04-28,3,3,0,1301,320,301,19,148.5
PiratskaStrana,2021-04-28,8,2,6,231,817,340,477,34.1
Pospisil_Jiri,2021-04-28,2,2,0,729,266,227,39,54
SpoluKoalice,2021-04-28,16,1,15,9,1420,144,1276,27.2
TomasCzernin,2021-04-28,1,1,0,318,100,97,3,68.1
TomasZdechovsky,2021-04-28,56,45,11,2938,3030,2218,812,154.5
tomio_cz,2021-04-28,2,2,0,116,505,505,0,23.3
TOP09cz,2021-04-28,17,1,16,323,1759,69,1690,9.8
VeslavM,2021-04-28,2,2,0,8,224,215,9,4.4
volimtrikoloru,2021-04-28,1,1,0,72,81,77,4,3.2
vonpecka,2021-04-28,8,6,2,215,375,289,86,9.1
zeleni_cz,2021-04-28,1,0,1,0,349,153,196,3.7
alenaschillerov,2021-04-27,5,4,1,44,637,550,87,24
AndrejBabis,2021-04-27,8,0,8,0,1324,272,1052,52.3
general_pavel,2021-04-27,1,1,0,655,103,103,0,76.3
honzabartosek,2021-04-27,2,2,0,277,243,243,0,29.5
Jan_Skopecek,2021-04-27,2,2,0,442,276,255,21,55.1
jana_cernochova,2021-04-27,12,12,0,1952,335,321,14,29
JanLipavsky,2021-04-27,8,0,8,0,1109,226,883,32.1
jhamacek,2021-04-27,1,0,1,0,324,257,67,39.6
kalousekm,2021-04-27,20,20,0,8119,1434,1407,27,760
KarelHavlicek_,2021-04-27,4,3,1,84,354,221,133,10.5
kducsl,2021-04-27,22,2,20,143,2131,191,1940,7
Kuba_Martin,2021-04-27,3,3,0,919,768,768,0,103.4
makupka,2021-04-27,1,1,0,1526,101,84,17,65.2
market_a,2021-04-27,10,8,2,5046,507,419,88,409.4
MartinBaxa2,2021-04-27,1,1,0,1170,81,81,0,30.5
milionchvilek,2021-04-27,3,0,3,0,143,83,60,16
MJureka,2021-04-27,13,12,1,2970,785,671,114,138.7
ODScz,2021-04-27,32,0,32,0,1870,552,1318,75.7
P_Fiala,2021-04-27,9,4,5,1808,408,274,134,126.9
PavelSehnal64,2021-04-27,2,2,0,2,33,33,0,0.3
PiratskaStrana,2021-04-27,2,0,2,0,809,338,471,33.8
Pospisil_Jiri,2021-04-27,2,2,0,668,264,225,39,53.3
RobertSlachta,2021-04-27,2,1,1,20,103,80,23,2.8
SpoluKoalice,2021-04-27,41,6,35,1097,1404,143,1261,27.2
STANcz,2021-04-27,3,0,3,0,434,124,310,7.9
TomasZdechovsky,2021-04-27,64,50,14,2626,2974,2173,801,151.5
tomio_cz,2021-04-27,2,2,0,29,503,503,0,23.1
TOP09cz,2021-04-27,35,1,34,196,1742,68,1674,9.5
VeslavM,2021-04-27,7,6,1,553,222,213,9,4.4
vonpecka,2021-04-27,4,3,1,31,367,283,84,8.9
Zbynek_Stanjura,2021-04-27,2,1,1,712,15,12,3,14.1
ZdenekHrib,2021-04-27,2,2,0,440,482,435,47,103.3
zeleni_cz,2021-04-27,1,1,0,37,348,153,195,3.7
alenaschillerov,2021-04-26,11,11,0,354,632,546,86,24
AndrejBabis,2021-04-26,20,3,17,852,1316,272,1044,52.3
czKSCM,2021-04-26,1,0,1,0,61,18,43,0.2
honzabartosek,2021-04-26,2,2,0,89,241,241,0,29.2
Jan_Skopecek,2021-04-26,1,1,0,724,274,253,21,54.6
jana_cernochova,2021-04-26,3,3,0,49,323,309,14,27
JanLipavsky,2021-04-26,11,0,11,0,1101,226,875,32.1
kalousekm,2021-04-26,10,10,0,6428,1414,1387,27,751.9
KarelHavlicek_,2021-04-26,8,5,3,229,350,218,132,10.4
kducsl,2021-04-26,16,0,16,0,2109,189,1920,6.9
makupka,2021-04-26,1,1,0,1069,100,83,17,63.7
market_a,2021-04-26,5,5,0,7878,497,411,86,404.4
milionchvilek,2021-04-26,1,1,0,247,140,83,57,16
MJureka,2021-04-26,8,8,0,334,772,659,113,135.8
ODScz,2021-04-26,12,4,8,39,1838,552,1286,75.7
olgarichterova,2021-04-26,1,1,0,160,365,361,4,25.4
P_Fiala,2021-04-26,1,1,0,681,399,270,129,125
PiratIvanBartos,2021-04-26,6,6,0,1179,317,298,19,147.2
PiratskaStrana,2021-04-26,6,3,3,257,807,338,469,33.8
Pospisil_Jiri,2021-04-26,2,2,0,674,262,223,39,52.6
SpoluKoalice,2021-04-26,12,0,12,0,1363,137,1226,26.1
STANcz,2021-04-26,4,0,4,0,431,124,307,7.9
TomasCzernin,2021-04-26,3,3,0,1665,99,96,3,67.8
TomasZdechovsky,2021-04-26,28,17,11,1161,2910,2123,787,148.9
tomio_cz,2021-04-26,4,4,0,330,501,501,0,23.1
TOP09cz,2021-04-26,27,1,26,103,1707,67,1640,9.3
VeslavM,2021-04-26,8,8,0,31,215,207,8,3.8
Vit_Rakusan,2021-04-26,1,1,0,506,115,101,14,64
vojtafilip,2021-04-26,1,1,0,208,45,45,0,3.4
volimtrikoloru,2021-04-26,3,3,0,139,80,76,4,3.1
vonpecka,2021-04-26,3,2,1,61,363,280,83,8.8
ZdenekHrib,2021-04-26,3,1,2,2710,480,433,47,102.8
zeleni_cz,2021-04-26,1,1,0,26,347,152,195,3.6
alenaschillerov,2021-04-25,3,2,1,59,621,535,86,23.6
AndrejBabis,2021-04-25,4,4,0,572,1296,269,1027,51.4
czKSCM,2021-04-25,1,0,1,0,60,18,42,0.2
general_pavel,2021-04-25,4,4,0,4614,102,102,0,75.6
honzabartosek,2021-04-25,4,4,0,2556,239,239,0,29.1
Jan_Skopecek,2021-04-25,1,1,0,1219,273,252,21,53.9
jana_cernochova,2021-04-25,12,12,0,5356,320,306,14,27
JanLipavsky,2021-04-25,22,0,22,0,1090,226,864,32.1
jhamacek,2021-04-25,4,4,0,404,323,257,66,39.6
kalousekm,2021-04-25,14,14,0,16142,1404,1377,27,745.5
KarelHavlicek_,2021-04-25,1,0,1,0,342,213,129,10.2
kducsl,2021-04-25,26,0,26,0,2093,189,1904,6.9
Kuba_Martin,2021-04-25,1,1,0,1633,765,765,0,102.5
makupka,2021-04-25,1,1,0,649,99,82,17,62.6
market_a,2021-04-25,4,4,0,10233,492,406,86,396.5
milionchvilek,2021-04-25,9,6,3,1253,139,82,57,15.7
MJureka,2021-04-25,16,13,3,5052,764,651,113,135.4
ODScz,2021-04-25,22,5,17,1547,1826,548,1278,75.6
olgarichterova,2021-04-25,1,1,0,166,364,360,4,25.3
P_Fiala,2021-04-25,3,3,0,2454,398,269,129,124.4
PiratIvanBartos,2021-04-25,1,1,0,2279,311,292,19,146
PiratskaStrana,2021-04-25,3,1,2,3,801,335,466,33.6
Pospisil_Jiri,2021-04-25,5,5,0,1400,260,221,39,51.9
RobertSlachta,2021-04-25,3,3,0,47,101,79,22,2.7
SpoluKoalice,2021-04-25,20,1,19,629,1351,137,1214,26.1
STANcz,2021-04-25,8,0,8,0,427,124,303,7.9
TomasCzernin,2021-04-25,3,3,0,4589,96,93,3,66.1
TomasZdechovsky,2021-04-25,28,23,5,2766,2882,2106,776,147.7
tomio_cz,2021-04-25,1,1,0,22,497,497,0,22.8
TOP09cz,2021-04-25,31,0,31,0,1680,66,1614,9.2
VeslavM,2021-04-25,6,6,0,33,207,199,8,3.8
Vit_Rakusan,2021-04-25,7,5,2,3343,114,100,14,63.5
vonpecka,2021-04-25,5,2,3,91,360,278,82,8.8
Zbynek_Stanjura,2021-04-25,1,1,0,319,13,11,2,13.4
alenaschillerov,2021-04-24,3,2,1,285,618,533,85,23.6
AndrejBabis,2021-04-24,4,2,2,454,1292,265,1027,50.8
general_pavel,2021-04-24,1,1,0,301,98,98,0,71
Jan_Skopecek,2021-04-24,2,2,0,2104,272,251,21,52.7
jana_cernochova,2021-04-24,1,1,0,10,308,294,14,21.6
JanLipavsky,2021-04-24,7,1,6,12,1068,226,842,32.1
jhamacek,2021-04-24,3,1,2,292,319,253,66,39.1
kalousekm,2021-04-24,2,2,0,3847,1390,1363,27,729.3
KarelHavlicek_,2021-04-24,1,0,1,0,341,213,128,10.2
kducsl,2021-04-24,3,0,3,0,2067,189,1878,6.9
makupka,2021-04-24,1,1,0,479,98,81,17,62
market_a,2021-04-24,3,3,0,6525,488,402,86,386.3
MJureka,2021-04-24,6,6,0,431,748,638,110,130.4
ODScz,2021-04-24,10,1,9,23,1804,543,1261,74.1
P_Fiala,2021-04-24,2,2,0,3002,395,266,129,121.9
PavelSehnal64,2021-04-24,1,1,0,1,31,31,0,0.3
PiratskaStrana,2021-04-24,1,1,0,120,798,334,464,33.6
SpoluKoalice,2021-04-24,13,0,13,0,1331,136,1195,25.5
STANcz,2021-04-24,6,1,5,21,419,124,295,7.9
TomasZdechovsky,2021-04-24,21,19,2,2390,2854,2083,771,145
tomio_cz,2021-04-24,5,5,0,297,496,496,0,22.8
TOP09cz,2021-04-24,2,0,2,0,1649,66,1583,9.2
VeslavM,2021-04-24,3,3,0,3,201,193,8,3.8
Vit_Rakusan,2021-04-24,2,2,0,758,107,95,12,60.2
volimtrikoloru,2021-04-24,2,1,1,45,77,73,4,3
vonpecka,2021-04-24,1,0,1,0,355,276,79,8.7
ZdenekHrib,2021-04-24,2,1,1,343,477,432,45,100.1
alenaschillerov,2021-04-23,5,5,0,84,615,531,84,23.3
AndrejBabis,2021-04-23,11,6,5,1112,1288,263,1025,50.4
general_pavel,2021-04-23,1,1,0,215,97,97,0,70.7
honzabartosek,2021-04-23,6,6,0,520,235,235,0,26.6
Jan_Skopecek,2021-04-23,4,4,0,1098,270,249,21,50.6
jana_cernochova,2021-04-23,12,12,0,1310,307,293,14,21.6
JanLipavsky,2021-04-23,15,3,12,19,1061,225,836,32.1
jhamacek,2021-04-23,3,0,3,0,316,252,64,38.9
kalousekm,2021-04-23,6,6,0,7918,1388,1361,27,725.5
KarelHavlicek_,2021-04-23,6,4,2,105,340,213,127,10.2
kducsl,2021-04-23,25,6,19,80,2064,189,1875,6.9
Kuba_Martin,2021-04-23,1,1,0,7,764,764,0,100.9
market_a,2021-04-23,5,4,1,2496,485,399,86,379.7
MartinBaxa2,2021-04-23,1,1,0,293,80,80,0,29.4
milionchvilek,2021-04-23,6,5,1,1468,130,76,54,14.5
MJureka,2021-04-23,11,11,0,3610,742,632,110,129.9
ODScz,2021-04-23,28,3,25,2818,1794,542,1252,74.1
P_Fiala,2021-04-23,5,4,1,3538,393,264,129,118.9
PavelSehnal64,2021-04-23,1,1,0,0,30,30,0,0.3
PiratIvanBartos,2021-04-23,9,9,0,7129,310,291,19,143.7
PiratskaStrana,2021-04-23,16,12,4,1242,797,333,464,33.5
Pospisil_Jiri,2021-04-23,3,3,0,581,255,216,39,50.5
RobertSlachta,2021-04-23,3,3,0,98,98,76,22,2.7
SpoluKoalice,2021-04-23,16,1,15,874,1318,136,1182,25.5
STANcz,2021-04-23,7,4,3,415,413,123,290,7.9
TomasCzernin,2021-04-23,2,2,0,635,93,90,3,61.5
TomasZdechovsky,2021-04-23,20,15,5,2008,2833,2064,769,142.6
tomio_cz,2021-04-23,4,4,0,188,491,491,0,22.5
TOP09cz,2021-04-23,18,0,18,0,1647,66,1581,9.2
Vit_Rakusan,2021-04-23,3,3,0,453,105,93,12,59.4
volimtrikoloru,2021-04-23,2,2,0,85,75,72,3,3
vonpecka,2021-04-23,14,14,0,49,354,276,78,8.7
ZdenekHrib,2021-04-23,7,6,1,2281,475,431,44,99.8
zeleni_cz,2021-04-23,1,1,0,19,346,151,195,3.6
alenaschillerov,2021-04-22,11,9,2,325,610,526,84,23.2
AndrejBabis,2021-04-22,14,5,9,1809,1277,257,1020,49.3
general_pavel,2021-04-22,4,4,0,3858,96,96,0,70.5
honzabartosek,2021-04-22,2,2,0,198,229,229,0,26
Jan_Skopecek,2021-04-22,2,2,0,206,266,245,21,49.5
jana_cernochova,2021-04-22,3,3,0,401,295,281,14,20.3
JanLipavsky,2021-04-22,17,3,14,534,1046,222,824,32
jhamacek,2021-04-22,4,3,1,288,313,252,61,38.9
kalousekm,2021-04-22,9,9,0,3721,1382,1355,27,717.6
KarelHavlicek_,2021-04-22,3,2,1,175,334,209,125,10.1
kducsl,2021-04-22,15,3,12,101,2039,183,1856,6.8
makupka,2021-04-22,1,1,0,2319,97,80,17,61.5
market_a,2021-04-22,6,3,3,2306,480,395,85,377.2
MartinBaxa2,2021-04-22,1,1,0,67,79,79,0,29.1
metnarl,2021-04-22,2,2,0,74,41,33,8,3.2
milionchvilek,2021-04-22,2,1,1,20,124,71,53,13
MJureka,2021-04-22,8,7,1,2562,731,621,110,126.3
ODScz,2021-04-22,24,2,22,1437,1766,539,1227,71.2
olgarichterova,2021-04-22,3,3,0,15,363,359,4,25.1
P_Fiala,2021-04-22,8,6,2,4109,388,260,128,115.4
PavelSehnal64,2021-04-22,1,1,0,0,29,29,0,0.3
PiratIvanBartos,2021-04-22,6,6,0,4590,301,282,19,136.6
PiratskaStrana,2021-04-22,13,6,7,232,781,321,460,32.2
Pospisil_Jiri,2021-04-22,4,4,0,1260,252,213,39,49.9
RobertSlachta,2021-04-22,4,3,1,59,95,73,22,2.6
SpoluKoalice,2021-04-22,22,0,22,0,1302,135,1167,24.6
STANcz,2021-04-22,3,0,3,0,406,119,287,7.5
TomasZdechovsky,2021-04-22,13,11,2,4424,2813,2049,764,140.6
tomio_cz,2021-04-22,7,7,0,308,487,487,0,22.3
TOP09cz,2021-04-22,30,1,29,74,1629,66,1563,9.2
VeslavM,2021-04-22,1,1,0,20,198,190,8,3.8
volimtrikoloru,2021-04-22,3,3,0,139,73,70,3,2.9
vonpecka,2021-04-22,2,1,1,17,340,262,78,8.6
Zbynek_Stanjura,2021-04-22,2,0,2,0,12,10,2,13
ZdenekHrib,2021-04-22,13,12,1,1042,468,425,43,97.5
zeleni_cz,2021-04-22,1,1,0,43,345,150,195,3.6
alenaschillerov,2021-04-21,8,8,0,145,599,517,82,22.9
AndrejBabis,2021-04-21,14,1,13,95,1263,252,1011,47.5
czKSCM,2021-04-21,2,1,1,4,59,18,41,0.2
general_pavel,2021-04-21,2,2,0,418,92,92,0,66.6
honzabartosek,2021-04-21,5,5,0,546,227,227,0,25.8
Jan_Skopecek,2021-04-21,3,3,0,682,264,243,21,49.3
jana_cernochova,2021-04-21,8,8,0,187,292,278,14,19.9
JanLipavsky,2021-04-21,20,8,12,899,1029,219,810,31.5
jhamacek,2021-04-21,7,2,5,412,309,249,60,38.6
kalousekm,2021-04-21,12,12,0,6437,1373,1346,27,713.8
KarelHavlicek_,2021-04-21,2,2,0,50,331,207,124,9.9
kducsl,2021-04-21,20,4,16,106,2024,180,1844,6.7
makupka,2021-04-21,1,1,0,113,96,79,17,59.2
market_a,2021-04-21,3,3,0,3772,474,392,82,374.9
MartinBaxa2,2021-04-21,1,1,0,493,78,78,0,29
milionchvilek,2021-04-21,2,1,1,108,122,70,52,13
MJureka,2021-04-21,6,5,1,680,723,614,109,123.8
ODScz,2021-04-21,21,0,21,0,1742,537,1205,69.8
olgarichterova,2021-04-21,7,7,0,144,360,356,4,25.1
P_Fiala,2021-04-21,8,2,6,1114,380,254,126,111.3
PiratIvanBartos,2021-04-21,2,2,0,997,295,276,19,132
PiratskaStrana,2021-04-21,11,2,9,332,768,315,453,32
Pospisil_Jiri,2021-04-21,2,1,1,178,248,209,39,48.7
SpoluKoalice,2021-04-21,12,0,12,0,1280,135,1145,24.6
STANcz,2021-04-21,5,0,5,0,403,119,284,7.5
TomasCzernin,2021-04-21,2,2,0,614,91,88,3,60.9
TomasZdechovsky,2021-04-21,13,7,6,968,2800,2038,762,136.2
tomio_cz,2021-04-21,4,4,0,181,480,480,0,22
TOP09cz,2021-04-21,25,2,23,292,1599,65,1534,9.1
VeslavM,2021-04-21,6,6,0,26,197,189,8,3.7
Vit_Rakusan,2021-04-21,3,3,0,577,102,90,12,59
volimtrikoloru,2021-04-21,2,2,0,76,70,67,3,2.7
vonpecka,2021-04-21,2,1,1,116,338,261,77,8.6
ZdenekHrib,2021-04-21,4,4,0,3858,455,413,42,96.5
zeleni_cz,2021-04-21,1,0,1,0,344,149,195,3.5
alenaschillerov,2021-04-20,6,6,0,112,591,509,82,22.7
AndrejBabis,2021-04-20,10,2,8,184,1249,251,998,47.4
general_pavel,2021-04-20,1,1,0,816,90,90,0,66.2
honzabartosek,2021-04-20,3,3,0,459,222,222,0,25.3
Jan_Skopecek,2021-04-20,2,2,0,452,261,240,21,48.6
jana_cernochova,2021-04-20,1,1,0,131,284,270,14,19.7
JanLipavsky,2021-04-20,23,5,18,278,1009,211,798,30.6
kalousekm,2021-04-20,44,44,0,14781,1361,1334,27,707.4
KarelHavlicek_,2021-04-20,3,2,1,83,329,205,124,9.8
kducsl,2021-04-20,9,4,5,129,2004,176,1828,6.6
Kuba_Martin,2021-04-20,1,1,0,2,763,763,0,100.9
makupka,2021-04-20,2,2,0,151,95,78,17,59.1
market_a,2021-04-20,6,5,1,6411,471,389,82,371.2
MartinBaxa2,2021-04-20,1,1,0,250,77,77,0,28.5
milionchvilek,2021-04-20,4,0,4,0,120,69,51,12.9
MJureka,2021-04-20,1,1,0,43,717,609,108,123.1
ODScz,2021-04-20,55,27,28,2059,1721,537,1184,69.8
olgarichterova,2021-04-20,4,4,0,719,353,349,4,25
P_Fiala,2021-04-20,9,0,9,0,372,252,120,110.2
PavelSehnal64,2021-04-20,1,1,0,1,28,28,0,0.3
PiratIvanBartos,2021-04-20,5,5,0,4027,293,274,19,131
PiratskaStrana,2021-04-20,10,2,8,468,757,313,444,31.6
Pospisil_Jiri,2021-04-20,4,4,0,1259,246,208,38,48.5
RobertSlachta,2021-04-20,1,1,0,14,91,70,21,2.5
SpoluKoalice,2021-04-20,26,2,24,503,1268,135,1133,24.6
STANcz,2021-04-20,4,0,4,0,398,119,279,7.5
TomasCzernin,2021-04-20,1,1,0,1492,89,86,3,60.3
TomasZdechovsky,2021-04-20,20,13,7,1358,2787,2031,756,135.2
tomio_cz,2021-04-20,4,4,0,243,476,476,0,21.8
TOP09cz,2021-04-20,37,3,34,376,1574,63,1511,8.8
VeslavM,2021-04-20,2,2,0,44,191,183,8,3.7
Vit_Rakusan,2021-04-20,3,3,0,930,99,87,12,58.4
volimtrikoloru,2021-04-20,3,3,0,69,68,65,3,2.7
vonpecka,2021-04-20,7,5,2,37,336,260,76,8.5
ZdenekHrib,2021-04-20,7,5,2,367,451,409,42,92.6
zeleni_cz,2021-04-20,1,1,0,78,343,149,194,3.5
alenaschillerov,2021-04-19,11,10,1,261,585,503,82,22.6
AndrejBabis,2021-04-19,12,1,11,195,1239,249,990,47.2
general_pavel,2021-04-19,2,2,0,4526,89,89,0,65.4
honzabartosek,2021-04-19,3,3,0,760,219,219,0,24.8
Jan_Skopecek,2021-04-19,2,2,0,350,259,238,21,48.1
JanLipavsky,2021-04-19,32,6,26,1280,986,206,780,30.3
jhamacek,2021-04-19,11,10,1,531,302,247,55,38.2
kalousekm,2021-04-19,20,20,0,20900,1317,1290,27,692.6
KarelHavlicek_,2021-04-19,4,3,1,102,326,203,123,9.8
kducsl,2021-04-19,20,4,16,432,1995,172,1823,6.5
Kuba_Martin,2021-04-19,2,2,0,1518,762,762,0,100.9
makupka,2021-04-19,1,1,0,2360,93,76,17,58.9
market_a,2021-04-19,4,3,1,8737,465,384,81,364.7
MartinBaxa2,2021-04-19,1,1,0,555,76,76,0,28.3
metnarl,2021-04-19,2,2,0,486,39,31,8,3.2
milionchvilek,2021-04-19,1,0,1,0,116,69,47,12.9
MJureka,2021-04-19,8,7,1,4066,716,608,108,123
ODScz,2021-04-19,34,6,28,3469,1666,510,1156,67.7
P_Fiala,2021-04-19,10,7,3,3377,363,252,111,110.2
PiratIvanBartos,2021-04-19,6,5,1,2241,288,269,19,127
PiratskaStrana,2021-04-19,6,1,5,1060,747,311,436,31.2
Pospisil_Jiri,2021-04-19,6,5,1,2213,242,204,38,47.2
SpoluKoalice,2021-04-19,26,2,24,362,1242,133,1109,24.1
STANcz,2021-04-19,10,6,4,1665,394,119,275,7.5
TomasCzernin,2021-04-19,4,4,0,3448,88,85,3,58.8
TomasZdechovsky,2021-04-19,22,16,6,2485,2767,2018,749,133.8
tomio_cz,2021-04-19,4,4,0,239,472,472,0,21.5
TOP09cz,2021-04-19,20,1,19,70,1537,60,1477,8.4
VeslavM,2021-04-19,1,0,1,0,189,181,8,3.7
Vit_Rakusan,2021-04-19,2,2,0,1263,96,84,12,57.5
vonpecka,2021-04-19,2,0,2,0,329,255,74,8.5
Zbynek_Stanjura,2021-04-19,1,1,0,1661,10,10,0,13
ZdenekHrib,2021-04-19,11,9,2,965,444,404,40,92.2
zeleni_cz,2021-04-19,1,0,1,0,342,148,194,3.5
alenaschillerov,2021-04-18,4,2,2,2,574,493,81,22.4
AndrejBabis,2021-04-18,6,3,3,504,1227,248,979,47
czKSCM,2021-04-18,1,1,0,8,57,17,40,0.2
general_pavel,2021-04-18,2,2,0,5847,87,87,0,60.9
honzabartosek,2021-04-18,19,19,0,2148,216,216,0,24.1
Jan_Skopecek,2021-04-18,2,2,0,74,257,236,21,47.8
jana_cernochova,2021-04-18,9,9,0,7669,283,269,14,19.6
JanLipavsky,2021-04-18,47,12,35,1318,954,200,754,29
jhamacek,2021-04-18,8,7,1,1505,291,237,54,37.6
kalousekm,2021-04-18,10,10,0,21870,1297,1270,27,671.7
KarelHavlicek_,2021-04-18,1,0,1,0,322,200,122,9.7
kducsl,2021-04-18,47,4,43,310,1975,168,1807,6
makupka,2021-04-18,1,1,0,234,92,75,17,56.6
market_a,2021-04-18,11,6,5,10808,461,381,80,356
MartinBaxa2,2021-04-18,2,2,0,276,75,75,0,27.7
milionchvilek,2021-04-18,1,1,0,141,115,69,46,12.9
MJureka,2021-04-18,13,11,2,6190,708,601,107,119
ODScz,2021-04-18,26,0,26,0,1632,504,1128,64.3
P_Fiala,2021-04-18,10,6,4,2748,353,245,108,106.8
PiratskaStrana,2021-04-18,3,0,3,0,741,310,431,30.1
Pospisil_Jiri,2021-04-18,7,4,3,1797,236,199,37,45
RobertSlachta,2021-04-18,3,3,0,58,90,69,21,2.5
SpoluKoalice,2021-04-18,30,8,22,592,1216,131,1085,23.7
STANcz,2021-04-18,16,7,9,48,384,113,271,5.8
TomasCzernin,2021-04-18,4,4,0,12638,84,81,3,55.4
TomasZdechovsky,2021-04-18,37,28,9,2774,2745,2002,743,131.3
tomio_cz,2021-04-18,8,8,0,337,468,468,0,21.3
TOP09cz,2021-04-18,12,0,12,0,1517,59,1458,8.4
VeslavM,2021-04-18,5,5,0,129,188,181,7,3.7
Vit_Rakusan,2021-04-18,5,4,1,7012,94,82,12,56.2
vojtafilip,2021-04-18,2,2,0,128,44,44,0,3.2
volimtrikoloru,2021-04-18,1,0,1,0,65,62,3,2.6
vonpecka,2021-04-18,1,0,1,0,327,255,72,8.5
zeleni_cz,2021-04-18,1,1,0,59,341,148,193,3.5
alenaschillerov,2021-04-17,5,5,0,404,570,491,79,22.4
AndrejBabis,2021-04-17,8,6,2,3851,1221,245,976,46.5
general_pavel,2021-04-17,1,1,0,3823,85,85,0,55
honzabartosek,2021-04-17,12,12,0,1715,197,197,0,21.9
Jan_Skopecek,2021-04-17,2,2,0,190,255,234,21,47.7
jana_cernochova,2021-04-17,9,9,0,1891,274,260,14,11.9
JanLipavsky,2021-04-17,21,6,15,902,907,188,719,27.7
jhamacek,2021-04-17,2,1,1,523,283,230,53,36.1
kalousekm,2021-04-17,7,6,1,17,1287,1260,27,649.9
kducsl,2021-04-17,33,1,32,378,1928,164,1764,5.7
Kuba_Martin,2021-04-17,1,1,0,30,760,760,0,99.3
makupka,2021-04-17,2,2,0,3869,91,74,17,56.3
market_a,2021-04-17,16,9,7,9485,450,375,75,345.2
MartinBaxa2,2021-04-17,1,1,0,614,73,73,0,27.4
milionchvilek,2021-04-17,4,3,1,801,114,68,46,12.8
MJureka,2021-04-17,20,17,3,7691,695,590,105,112.8
ODScz,2021-04-17,23,4,19,519,1606,504,1102,64.3
olgarichterova,2021-04-17,1,0,1,0,349,345,4,24.2
P_Fiala,2021-04-17,6,5,1,3584,343,239,104,104
PiratIvanBartos,2021-04-17,1,1,0,2661,282,264,18,124.8
PiratskaStrana,2021-04-17,6,0,6,0,738,310,428,30.1
Pospisil_Jiri,2021-04-17,3,2,1,763,229,195,34,43.2
RobertSlachta,2021-04-17,1,1,0,146,87,66,21,2.5
SpoluKoalice,2021-04-17,22,1,21,658,1186,123,1063,23.1
STANcz,2021-04-17,5,1,4,51,368,106,262,5.8
TomasCzernin,2021-04-17,2,2,0,733,80,77,3,42.7
TomasZdechovsky,2021-04-17,45,37,8,4414,2708,1974,734,128.6
tomio_cz,2021-04-17,8,8,0,487,460,460,0,21
TOP09cz,2021-04-17,12,0,12,0,1505,59,1446,8.4
VeslavM,2021-04-17,3,3,0,363,183,176,7,3.5
Vit_Rakusan,2021-04-17,1,1,0,1482,89,78,11,49.2
volimtrikoloru,2021-04-17,3,3,0,82,64,62,2,2.6
vonpecka,2021-04-17,1,0,1,0,326,255,71,8.5
Zbynek_Stanjura,2021-04-17,1,1,0,2610,9,9,0,11.4
ZdenekHrib,2021-04-17,4,2,2,3888,433,395,38,91.3
alenaschillerov,2021-04-16,7,7,0,147,565,486,79,21.9
AndrejBabis,2021-04-16,20,9,11,674,1213,239,974,42.6
general_pavel,2021-04-16,1,1,0,248,84,84,0,51.2
honzabartosek,2021-04-16,9,9,0,592,185,185,0,20.2
Jan_Skopecek,2021-04-16,3,3,0,564,253,232,21,47.5
jana_cernochova,2021-04-16,6,6,0,254,265,251,14,10
JanLipavsky,2021-04-16,11,3,8,155,886,182,704,26.8
kalousekm,2021-04-16,22,22,0,6774,1280,1254,26,649.8
KarelHavlicek_,2021-04-16,5,5,0,237,321,200,121,9.7
kducsl,2021-04-16,12,2,10,80,1895,163,1732,5.3
Kuba_Martin,2021-04-16,3,3,0,1400,759,759,0,99.3
makupka,2021-04-16,1,1,0,211,89,72,17,52.4
market_a,2021-04-16,4,4,0,4952,434,366,68,335.7
MartinBaxa2,2021-04-16,3,3,0,456,72,72,0,26.8
milionchvilek,2021-04-16,3,3,0,230,110,65,45,12
MJureka,2021-04-16,13,12,1,3008,675,573,102,105.1
ODScz,2021-04-16,15,2,13,61,1583,500,1083,63.8
olgarichterova,2021-04-16,1,0,1,0,348,345,3,24.2
P_Fiala,2021-04-16,3,0,3,0,337,234,103,100.4
PiratIvanBartos,2021-04-16,2,2,0,3,281,263,18,122.1
PiratskaStrana,2021-04-16,3,1,2,411,732,310,422,30.1
Pospisil_Jiri,2021-04-16,2,2,0,360,226,193,33,42.5
RobertSlachta,2021-04-16,2,2,0,15,86,65,21,2.3
SpoluKoalice,2021-04-16,21,0,21,0,1164,122,1042,22.5
STANcz,2021-04-16,4,1,3,5,363,105,258,5.7
TomasCzernin,2021-04-16,1,1,0,455,78,75,3,42
TomasZdechovsky,2021-04-16,12,9,3,504,2663,1937,726,124.2
tomio_cz,2021-04-16,2,2,0,81,452,452,0,20.5
TOP09cz,2021-04-16,20,1,19,443,1493,59,1434,8.4
volimtrikoloru,2021-04-16,2,2,0,141,61,59,2,2.5
ZdenekHrib,2021-04-16,1,0,1,0,429,393,36,87.4
zeleni_cz,2021-04-16,1,1,0,56,340,147,193,3.4
alenaschillerov,2021-04-15,7,7,0,195,558,479,79,21.8
AndrejBabis,2021-04-15,12,3,9,228,1193,230,963,42
general_pavel,2021-04-15,2,2,0,1706,83,83,0,51
Jan_Skopecek,2021-04-15,4,4,0,618,250,229,21,47
jana_cernochova,2021-04-15,10,10,0,309,259,245,14,9.8
JanLipavsky,2021-04-15,16,2,14,93,875,179,696,26.7
jhamacek,2021-04-15,1,1,0,63,281,229,52,35.6
kalousekm,2021-04-15,29,28,1,15653,1258,1232,26,643.1
KarelHavlicek_,2021-04-15,5,2,3,70,316,195,121,9.4
kducsl,2021-04-15,15,4,11,158,1883,161,1722,5.3
makupka,2021-04-15,1,1,0,327,88,71,17,52.2
market_a,2021-04-15,13,12,1,3831,430,362,68,330.8
MartinBaxa2,2021-04-15,3,3,0,606,69,69,0,26.4
MJureka,2021-04-15,3,3,0,477,662,561,101,102.1
ODScz,2021-04-15,30,7,23,1645,1568,498,1070,63.7
olgarichterova,2021-04-15,6,6,0,210,347,345,2,24.2
P_Fiala,2021-04-15,5,3,2,825,334,234,100,100.4
PiratIvanBartos,2021-04-15,6,6,0,3202,279,261,18,122.1
PiratskaStrana,2021-04-15,7,5,2,1293,729,309,420,29.7
Pospisil_Jiri,2021-04-15,4,3,1,215,224,191,33,42.1
SpoluKoalice,2021-04-15,19,1,18,262,1143,122,1021,22.5
STANcz,2021-04-15,5,1,4,9,359,104,255,5.7
TomasCzernin,2021-04-15,2,2,0,617,77,74,3,41.5
TomasZdechovsky,2021-04-15,23,18,5,688,2651,1928,723,123.7
tomio_cz,2021-04-15,7,7,0,214,450,450,0,20.4
TOP09cz,2021-04-15,24,3,21,307,1473,58,1415,7.9
Vit_Rakusan,2021-04-15,1,1,0,1245,88,77,11,47.7
volimtrikoloru,2021-04-15,2,2,0,59,59,57,2,2.4
vonpecka,2021-04-15,7,3,4,10,325,255,70,8.5
Zbynek_Stanjura,2021-04-15,1,1,0,757,8,8,0,8.8
alenaschillerov,2021-04-14,13,9,4,145,551,472,79,21.6
AndrejBabis,2021-04-14,18,4,14,484,1181,227,954,41.7
general_pavel,2021-04-14,2,2,0,3180,81,81,0,49.3
honzabartosek,2021-04-14,3,3,0,65,176,176,0,19.6
Jan_Skopecek,2021-04-14,4,3,1,2472,246,225,21,46.3
jana_cernochova,2021-04-14,5,4,1,33,249,235,14,9.5
JanLipavsky,2021-04-14,18,9,9,2895,859,177,682,26.6
jhamacek,2021-04-14,7,6,1,1817,280,228,52,35.5
kalousekm,2021-04-14,18,17,1,4449,1229,1204,25,627.4
KarelHavlicek_,2021-04-14,3,2,1,42,311,193,118,9.4
kducsl,2021-04-14,8,0,8,0,1868,157,1711,5.1
Kuba_Martin,2021-04-14,1,1,0,2,756,756,0,97.9
market_a,2021-04-14,4,2,2,4273,417,350,67,326.9
metnarl,2021-04-14,2,1,1,83,37,29,8,2.7
milionchvilek,2021-04-14,2,0,2,0,107,62,45,11.7
MJureka,2021-04-14,2,2,0,962,659,558,101,101.6
ODScz,2021-04-14,10,2,8,150,1538,491,1047,62
P_Fiala,2021-04-14,3,1,2,414,329,231,98,99.6
PavelSehnal64,2021-04-14,2,2,0,1,27,27,0,0.3
PiratIvanBartos,2021-04-14,2,1,1,566,273,255,18,118.9
PiratskaStrana,2021-04-14,6,2,4,538,722,304,418,28.4
Pospisil_Jiri,2021-04-14,2,1,1,354,220,188,32,41.9
SpoluKoalice,2021-04-14,19,1,18,5,1124,121,1003,22.2
STANcz,2021-04-14,4,1,3,62,354,103,251,5.7
TomasZdechovsky,2021-04-14,55,45,10,856,2628,1910,718,123
tomio_cz,2021-04-14,6,6,0,215,443,443,0,20.2
TOP09cz,2021-04-14,19,2,17,20,1449,55,1394,7.6
vonpecka,2021-04-14,6,6,0,104,318,252,66,8.5
zeleni_cz,2021-04-14,4,2,2,115,339,146,193,3.3
alenaschillerov,2021-04-13,11,11,0,74,538,463,75,21.5
AndrejBabis,2021-04-13,8,0,8,0,1163,223,940,41.2
czKSCM,2021-04-13,1,1,0,27,56,16,40,0.2
general_pavel,2021-04-13,1,1,0,200,79,79,0,46.1
honzabartosek,2021-04-13,6,6,0,5858,173,173,0,19.6
Jan_Skopecek,2021-04-13,5,5,0,1515,242,222,20,43.9
jana_cernochova,2021-04-13,5,5,0,61,244,231,13,9.4
JanLipavsky,2021-04-13,39,14,25,1134,841,168,673,23.7
jhamacek,2021-04-13,2,2,0,354,273,222,51,33.7
kalousekm,2021-04-13,18,18,0,15975,1211,1187,24,623
KarelHavlicek_,2021-04-13,4,2,2,61,308,191,117,9.3
kducsl,2021-04-13,24,8,16,354,1860,157,1703,5.1
Kuba_Martin,2021-04-13,2,2,0,801,755,755,0,97.9
makupka,2021-04-13,1,1,0,211,87,70,17,51.9
market_a,2021-04-13,4,2,2,2787,413,348,65,322.7
MartinBaxa2,2021-04-13,2,2,0,891,66,66,0,25.8
metnarl,2021-04-13,1,0,1,0,35,28,7,2.6
milionchvilek,2021-04-13,2,1,1,74,105,62,43,11.7
MJureka,2021-04-13,9,5,4,750,657,556,101,100.7
ODScz,2021-04-13,27,10,17,1768,1528,489,1039,61.9
olgarichterova,2021-04-13,1,1,0,39,341,339,2,24
P_Fiala,2021-04-13,7,5,2,3092,326,230,96,99.2
PavelSehnal64,2021-04-13,1,1,0,2,25,25,0,0.3
PiratIvanBartos,2021-04-13,1,1,0,265,271,254,17,118.3
PiratskaStrana,2021-04-13,2,1,1,236,716,302,414,27.9
Pospisil_Jiri,2021-04-13,4,4,0,400,218,187,31,41.5
SpoluKoalice,2021-04-13,20,2,18,158,1105,120,985,22.2
STANcz,2021-04-13,6,5,1,321,350,102,248,5.7
TomasZdechovsky,2021-04-13,17,11,6,944,2573,1865,708,122.1
tomio_cz,2021-04-13,8,8,0,160,437,437,0,20
TOP09cz,2021-04-13,33,3,30,888,1430,53,1377,7.6
VeslavM,2021-04-13,5,5,0,1,180,173,7,3.2
vojtafilip,2021-04-13,1,1,0,71,42,42,0,3
vonpecka,2021-04-13,3,3,0,152,312,246,66,8.4
Zbynek_Stanjura,2021-04-13,1,1,0,283,7,7,0,8
ZdenekHrib,2021-04-13,15,14,1,357,428,393,35,87.4
zeleni_cz,2021-04-13,1,1,0,66,335,144,191,3.2
alenaschillerov,2021-04-12,15,14,1,247,527,452,75,21.4
AndrejBabis,2021-04-12,16,0,16,0,1155,223,932,41.2
czKSCM,2021-04-12,2,1,1,2,55,15,40,0.2
Jan_Skopecek,2021-04-12,3,3,0,744,237,217,20,42.4
jana_cernochova,2021-04-12,2,2,0,50,239,226,13,9.4
JanLipavsky,2021-04-12,9,1,8,496,802,154,648,22.6
kalousekm,2021-04-12,17,16,1,4489,1193,1169,24,607
KarelHavlicek_,2021-04-12,2,2,0,42,304,189,115,9.2
kducsl,2021-04-12,16,0,16,0,1836,149,1687,4.7
Kuba_Martin,2021-04-12,2,2,0,2595,753,753,0,97.1
market_a,2021-04-12,1,1,0,4538,409,346,63,319.9
MartinBaxa2,2021-04-12,1,1,0,135,64,64,0,24.9
metnarl,2021-04-12,1,0,1,0,34,28,6,2.6
milionchvilek,2021-04-12,2,2,0,157,103,61,42,11.6
MJureka,2021-04-12,2,2,0,387,648,551,97,99.9
ODScz,2021-04-12,13,5,8,1,1501,479,1022,60.1
olgarichterova,2021-04-12,1,1,0,82,340,338,2,24
P_Fiala,2021-04-12,3,3,0,1036,319,225,94,96.1
PiratIvanBartos,2021-04-12,2,2,0,1152,270,253,17,118.1
PiratskaStrana,2021-04-12,8,1,7,138,714,301,413,27.6
Pospisil_Jiri,2021-04-12,2,2,0,384,214,183,31,41.1
RobertSlachta,2021-04-12,2,2,0,64,84,63,21,2.3
SpoluKoalice,2021-04-12,15,0,15,0,1085,118,967,22
STANcz,2021-04-12,7,1,6,75,344,97,247,5.3
TomasZdechovsky,2021-04-12,28,23,5,1040,2556,1854,702,121.2
tomio_cz,2021-04-12,5,5,0,161,429,429,0,19.8
TOP09cz,2021-04-12,17,0,17,0,1397,50,1347,6.7
VeslavM,2021-04-12,1,0,1,0,175,168,7,3.2
Vit_Rakusan,2021-04-12,3,3,0,2268,87,76,11,46.5
vojtafilip,2021-04-12,2,2,0,74,41,41,0,3
vonpecka,2021-04-12,4,4,0,294,309,243,66,8.2
ZdenekHrib,2021-04-12,1,1,0,1986,413,379,34,87
zeleni_cz,2021-04-12,2,2,0,434,334,143,191,3.2
alenaschillerov,2021-04-11,1,1,0,28,512,438,74,21.1
AndrejBabis,2021-04-11,2,1,1,136,1139,223,916,41.2
honzabartosek,2021-04-11,1,1,0,66,167,167,0,13.7
Jan_Skopecek,2021-04-11,6,6,0,227,234,214,20,41.6
JanLipavsky,2021-04-11,1,0,1,0,793,153,640,22.1
jhamacek,2021-04-11,1,1,0,234,271,220,51,33.4
kalousekm,2021-04-11,25,24,1,8963,1176,1153,23,602.5
KarelHavlicek_,2021-04-11,1,0,1,0,302,187,115,9.2
kducsl,2021-04-11,19,4,15,240,1820,149,1671,4.7
makupka,2021-04-11,5,1,4,1134,86,69,17,51.7
market_a,2021-04-11,5,4,1,2514,408,345,63,315.3
MJureka,2021-04-11,5,4,1,3766,646,549,97,99.5
ODScz,2021-04-11,25,16,9,4481,1488,474,1014,60.1
olgarichterova,2021-04-11,1,1,0,2,339,337,2,23.9
P_Fiala,2021-04-11,15,0,15,0,316,222,94,95.1
Pospisil_Jiri,2021-04-11,1,1,0,684,212,181,31,40.8
RobertSlachta,2021-04-11,5,2,3,80,82,61,21,2.2
SpoluKoalice,2021-04-11,32,8,24,1169,1070,118,952,22
STANcz,2021-04-11,4,1,3,359,337,96,241,5.3
TomasCzernin,2021-04-11,3,3,0,4838,75,72,3,40.9
TomasZdechovsky,2021-04-11,31,27,4,2551,2528,1831,697,120.1
tomio_cz,2021-04-11,4,4,0,326,424,424,0,19.7
TOP09cz,2021-04-11,17,1,16,238,1380,50,1330,6.7
VeslavM,2021-04-11,2,2,0,9,174,168,6,3.2
Vit_Rakusan,2021-04-11,2,2,0,356,84,73,11,44.2
vojtafilip,2021-04-11,2,2,0,166,39,39,0,2.9
alenaschillerov,2021-04-10,4,4,0,65,511,437,74,21.1
AndrejBabis,2021-04-10,2,0,2,0,1137,222,915,41.1
general_pavel,2021-04-10,1,1,0,792,78,78,0,45.9
honzabartosek,2021-04-10,1,1,0,135,166,166,0,13.6
Jan_Skopecek,2021-04-10,5,5,0,1709,228,208,20,41.4
JanLipavsky,2021-04-10,7,2,5,100,792,153,639,22.1
kalousekm,2021-04-10,5,5,0,4866,1151,1129,22,593.5
kducsl,2021-04-10,12,0,12,0,1801,145,1656,4.5
Kuba_Martin,2021-04-10,2,2,0,2,751,751,0,94.5
makupka,2021-04-10,3,2,1,1099,81,68,13,50.6
market_a,2021-04-10,3,3,0,2159,403,341,62,312.8
MartinBaxa2,2021-04-10,2,2,0,477,63,63,0,24.7
MJureka,2021-04-10,3,3,0,1118,641,545,96,95.8
ODScz,2021-04-10,6,0,6,0,1463,458,1005,55.6
P_Fiala,2021-04-10,1,0,1,0,301,222,79,95.1
PavelSehnal64,2021-04-10,1,1,0,1,24,24,0,0.3
SpoluKoalice,2021-04-10,5,0,5,0,1038,110,928,20.9
TomasZdechovsky,2021-04-10,29,28,1,1504,2497,1804,693,117.6
tomio_cz,2021-04-10,4,4,0,225,420,420,0,19.3
TOP09cz,2021-04-10,1,0,1,0,1363,49,1314,6.5
vonpecka,2021-04-10,2,2,0,166,305,239,66,7.9
alenaschillerov,2021-04-09,3,3,0,110,507,433,74,21
AndrejBabis,2021-04-09,16,2,14,215,1135,222,913,41.1
honzabartosek,2021-04-09,3,3,0,63,165,165,0,13.5
Jan_Skopecek,2021-04-09,2,2,0,529,223,203,20,39.7
JanLipavsky,2021-04-09,12,2,10,223,785,151,634,22
kalousekm,2021-04-09,8,6,2,4605,1146,1124,22,588.7
KarelHavlicek_,2021-04-09,1,1,0,38,301,187,114,9.2
kducsl,2021-04-09,12,0,12,0,1789,145,1644,4.5
Kuba_Martin,2021-04-09,7,7,0,3550,749,749,0,94.5
makupka,2021-04-09,1,1,0,1849,78,66,12,49.5
market_a,2021-04-09,6,4,2,2749,400,338,62,310.7
metnarl,2021-04-09,1,1,0,75,33,28,5,2.6
milionchvilek,2021-04-09,4,1,3,287,101,59,42,11.5
MJureka,2021-04-09,6,5,1,812,638,542,96,94.6
ODScz,2021-04-09,8,1,7,0,1457,458,999,55.6
P_Fiala,2021-04-09,4,3,1,2243,300,222,78,95.1
PavelSehnal64,2021-04-09,3,3,0,3,23,23,0,0.3
PiratskaStrana,2021-04-09,2,0,2,0,706,300,406,27.5
Pospisil_Jiri,2021-04-09,3,3,0,2530,211,180,31,40.1
SpoluKoalice,2021-04-09,11,1,10,384,1033,110,923,20.9
STANcz,2021-04-09,3,1,2,89,333,95,238,4.9
TomasCzernin,2021-04-09,5,5,0,3487,72,69,3,36.1
TomasZdechovsky,2021-04-09,13,12,1,1076,2468,1776,692,116.1
tomio_cz,2021-04-09,2,2,0,78,416,416,0,19.1
TOP09cz,2021-04-09,22,0,22,0,1362,49,1313,6.5
zeleni_cz,2021-04-09,1,0,1,0,332,141,191,2.7
alenaschillerov,2021-04-08,2,2,0,103,504,430,74,20.9
AndrejBabis,2021-04-08,7,0,7,0,1119,220,899,40.9
czKSCM,2021-04-08,1,0,1,0,53,14,39,0.2
general_pavel,2021-04-08,2,2,0,356,77,77,0,45.1
honzabartosek,2021-04-08,2,2,0,496,162,162,0,13.4
Jan_Skopecek,2021-04-08,1,1,0,759,221,201,20,39.1
jana_cernochova,2021-04-08,1,1,0,154,237,224,13,9.3
JanLipavsky,2021-04-08,9,0,9,0,773,149,624,21.7
jhamacek,2021-04-08,2,1,1,6,270,219,51,33.1
kalousekm,2021-04-08,29,28,1,11827,1138,1118,20,584.1
KarelHavlicek_,2021-04-08,2,0,2,0,300,186,114,9.2
kducsl,2021-04-08,16,1,15,7,1777,145,1632,4.5
Kuba_Martin,2021-04-08,2,2,0,2277,742,742,0,91
makupka,2021-04-08,2,1,1,2267,77,65,12,47.6
market_a,2021-04-08,4,2,2,4926,394,334,60,307.9
milionchvilek,2021-04-08,3,3,0,290,97,58,39,11.2
MJureka,2021-04-08,6,6,0,2425,632,537,95,93.8
ODScz,2021-04-08,12,1,11,26,1449,457,992,55.6
olgarichterova,2021-04-08,6,6,0,126,338,336,2,23.9
P_Fiala,2021-04-08,2,1,1,745,296,219,77,92.8
PavelSehnal64,2021-04-08,1,1,0,1,20,20,0,0.3
PiratIvanBartos,2021-04-08,7,7,0,2343,268,251,17,116.9
PiratskaStrana,2021-04-08,9,2,7,125,704,300,404,27.5
Pospisil_Jiri,2021-04-08,1,1,0,103,208,177,31,37.5
RobertSlachta,2021-04-08,1,1,0,99,77,59,18,2.2
SpoluKoalice,2021-04-08,6,0,6,0,1022,109,913,20.5
STANcz,2021-04-08,5,1,4,34,330,94,236,4.8
TomasZdechovsky,2021-04-08,8,5,3,1131,2455,1764,691,115
tomio_cz,2021-04-08,1,1,0,16,414,414,0,19
TOP09cz,2021-04-08,15,0,15,0,1340,49,1291,6.5
VeslavM,2021-04-08,6,6,0,179,172,166,6,3.2
volimtrikoloru,2021-04-08,2,2,0,26,57,55,2,2.3
vonpecka,2021-04-08,1,0,1,0,303,237,66,7.8
zeleni_cz,2021-04-08,3,1,2,28,331,141,190,2.7
alenaschillerov,2021-04-07,4,3,1,40,502,428,74,20.8
AndrejBabis,2021-04-07,6,0,6,0,1112,220,892,40.9
general_pavel,2021-04-07,2,2,0,720,75,75,0,44.7
honzabartosek,2021-04-07,2,2,0,285,160,160,0,12.9
Jan_Skopecek,2021-04-07,2,2,0,1074,220,200,20,38.4
jana_cernochova,2021-04-07,2,2,0,53,236,223,13,9.2
JanLipavsky,2021-04-07,22,9,13,379,764,149,615,21.7
jhamacek,2021-04-07,5,5,0,383,268,218,50,33.1
kalousekm,2021-04-07,15,15,0,7850,1109,1090,19,572.2
KarelHavlicek_,2021-04-07,4,1,3,20,298,186,112,9.2
kducsl,2021-04-07,29,1,28,102,1761,144,1617,4.5
makupka,2021-04-07,1,1,0,1780,75,64,11,45.4
market_a,2021-04-07,3,3,0,7136,390,332,58,303
MartinBaxa2,2021-04-07,1,1,0,51,61,61,0,24.2
metnarl,2021-04-07,1,1,0,43,32,27,5,2.5
milionchvilek,2021-04-07,3,3,0,477,94,55,39,10.9
MJureka,2021-04-07,11,7,4,2337,626,531,95,91.4
ODScz,2021-04-07,28,10,18,2263,1437,456,981,55.6
olgarichterova,2021-04-07,1,1,0,118,332,330,2,23.8
P_Fiala,2021-04-07,4,4,0,2769,294,218,76,92.1
PavelSehnal64,2021-04-07,2,2,0,5,19,19,0,0.3
PiratskaStrana,2021-04-07,9,2,7,431,695,298,397,27.4
Pospisil_Jiri,2021-04-07,3,3,0,998,207,176,31,37.4
SpoluKoalice,2021-04-07,19,0,19,0,1016,109,907,20.5
STANcz,2021-04-07,5,1,4,22,325,93,232,4.8
TomasCzernin,2021-04-07,1,1,0,379,67,64,3,32.6
TomasZdechovsky,2021-04-07,19,15,4,1787,2447,1759,688,113.9
tomio_cz,2021-04-07,6,6,0,251,413,413,0,19
TOP09cz,2021-04-07,29,1,28,81,1325,49,1276,6.5
Vit_Rakusan,2021-04-07,4,4,0,737,82,71,11,43.9
volimtrikoloru,2021-04-07,2,2,0,39,55,53,2,2.3
vonpecka,2021-04-07,6,3,3,32,302,237,65,7.8
ZdenekHrib,2021-04-07,1,1,0,433,412,378,34,85
alenaschillerov,2021-04-06,8,7,1,178,498,425,73,20.8
AndrejBabis,2021-04-06,8,0,8,0,1106,220,886,40.9
general_pavel,2021-04-06,3,3,0,2640,73,73,0,44
Jan_Skopecek,2021-04-06,7,7,0,793,218,198,20,37.3
jana_cernochova,2021-04-06,1,1,0,462,234,221,13,9.1
JanLipavsky,2021-04-06,4,0,4,0,742,140,602,21.4
jhamacek,2021-04-06,2,2,0,284,263,213,50,32.7
kalousekm,2021-04-06,26,25,1,4750,1094,1075,19,564.4
KarelHavlicek_,2021-04-06,3,2,1,223,294,185,109,9.2
kducsl,2021-04-06,22,4,18,83,1732,143,1589,4.4
Kuba_Martin,2021-04-06,3,3,0,7,740,740,0,88.7
makupka,2021-04-06,1,1,0,353,74,63,11,43.6
market_a,2021-04-06,4,4,0,4486,387,329,58,295.8
MartinBaxa2,2021-04-06,3,3,0,812,60,60,0,24.2
milionchvilek,2021-04-06,4,3,1,1821,91,52,39,10.4
MJureka,2021-04-06,4,4,0,2346,615,524,91,89.1
ODScz,2021-04-06,23,8,15,358,1409,446,963,53.4
P_Fiala,2021-04-06,3,3,0,1459,290,214,76,89.3
PiratskaStrana,2021-04-06,5,2,3,777,686,296,390,26.9
Pospisil_Jiri,2021-04-06,2,2,0,418,204,173,31,36.4
SpoluKoalice,2021-04-06,27,0,27,0,997,109,888,20.5
STANcz,2021-04-06,6,0,6,0,320,92,228,4.8
TomasCzernin,2021-04-06,1,1,0,635,66,63,3,32.2
TomasZdechovsky,2021-04-06,20,16,4,3516,2428,1744,684,112.1
tomio_cz,2021-04-06,4,4,0,44,407,407,0,18.8
TOP09cz,2021-04-06,20,0,20,0,1296,48,1248,6.4
Vit_Rakusan,2021-04-06,3,3,0,1209,78,67,11,43.1
vojtafilip,2021-04-06,1,1,0,124,37,37,0,2.7
zeleni_cz,2021-04-06,1,0,1,0,328,140,188,2.7
alenaschillerov,2021-04-05,2,2,0,441,490,418,72,20.6
AndrejBabis,2021-04-05,4,3,1,179,1098,220,878,40.9
Jan_Skopecek,2021-04-05,1,1,0,92,211,191,20,36.5
jana_cernochova,2021-04-05,1,1,0,2,233,220,13,8.7
kalousekm,2021-04-05,18,18,0,2157,1068,1050,18,559.6
kducsl,2021-04-05,3,0,3,0,1710,139,1571,4.3
ODScz,2021-04-05,2,0,2,0,1386,438,948,53
SpoluKoalice,2021-04-05,4,0,4,0,970,109,861,20.5
STANcz,2021-04-05,1,0,1,0,314,92,222,4.8
TomasCzernin,2021-04-05,1,1,0,254,65,62,3,31.6
TomasZdechovsky,2021-04-05,19,15,4,1988,2408,1728,680,108.6
VeslavM,2021-04-05,6,6,0,1,166,160,6,3
vojtafilip,2021-04-05,1,1,0,178,36,36,0,2.6
zeleni_cz,2021-04-05,1,0,1,0,327,140,187,2.7
AndrejBabis,2021-04-04,1,1,0,166,1094,217,877,40.7
Jan_Skopecek,2021-04-04,2,2,0,982,210,190,20,36.4
jana_cernochova,2021-04-04,1,1,0,275,232,219,13,8.7
JanLipavsky,2021-04-04,1,0,1,0,738,140,598,21.4
jhamacek,2021-04-04,3,3,0,33,261,211,50,32.5
kalousekm,2021-04-04,7,7,0,541,1050,1032,18,557.5
kducsl,2021-04-04,5,0,5,0,1707,139,1568,4.3
ODScz,2021-04-04,2,1,1,1,1384,438,946,53
olgarichterova,2021-04-04,1,1,0,5,331,329,2,23.7
Pospisil_Jiri,2021-04-04,1,1,0,592,202,171,31,36
RobertSlachta,2021-04-04,1,1,0,14,76,58,18,2.1
SpoluKoalice,2021-04-04,3,0,3,0,966,109,857,20.5
TomasZdechovsky,2021-04-04,13,11,2,1337,2389,1713,676,106.6
tomio_cz,2021-04-04,4,4,0,435,403,403,0,18.7
TOP09cz,2021-04-04,23,0,23,0,1276,48,1228,6.4
VeslavM,2021-04-04,8,8,0,134,160,154,6,3
zeleni_cz,2021-04-04,1,0,1,0,326,140,186,2.7
alenaschillerov,2021-04-03,1,1,0,2,488,416,72,20.2
AndrejBabis,2021-04-03,4,3,1,1139,1093,216,877,40.5
Jan_Skopecek,2021-04-03,5,5,0,1772,208,188,20,35.4
jana_cernochova,2021-04-03,1,1,0,21,231,218,13,8.4
JanLipavsky,2021-04-03,16,1,15,90,737,140,597,21.4
jhamacek,2021-04-03,5,5,0,556,258,208,50,32.4
kalousekm,2021-04-03,4,4,0,137,1043,1025,18,556.9
kducsl,2021-04-03,11,0,11,0,1702,139,1563,4.3
market_a,2021-04-03,5,3,2,3071,383,325,58,291.4
milionchvilek,2021-04-03,3,1,2,121,87,49,38,8.6
MJureka,2021-04-03,5,5,0,4214,611,520,91,86.7
ODScz,2021-04-03,1,1,0,969,1382,437,945,53
RobertSlachta,2021-04-03,1,0,1,0,75,57,18,2
SpoluKoalice,2021-04-03,8,0,8,0,963,109,854,20.5
STANcz,2021-04-03,1,0,1,0,313,92,221,4.8
TomasZdechovsky,2021-04-03,13,10,3,3372,2376,1702,674,105.2
tomio_cz,2021-04-03,6,6,0,156,399,399,0,18.3
TOP09cz,2021-04-03,2,0,2,0,1253,48,1205,6.4
VeslavM,2021-04-03,4,4,0,3,152,146,6,2.8
volimtrikoloru,2021-04-03,1,1,0,32,53,51,2,2.2
alenaschillerov,2021-04-02,3,1,2,214,487,415,72,20.2
AndrejBabis,2021-04-02,12,8,4,2399,1089,213,876,39.4
czKSCM,2021-04-02,1,0,1,0,52,14,38,0.2
general_pavel,2021-04-02,1,1,0,1551,70,70,0,41.4
Jan_Skopecek,2021-04-02,1,1,0,2540,203,183,20,33.7
JanLipavsky,2021-04-02,19,4,15,633,721,139,582,21.3
jhamacek,2021-04-02,2,2,0,1742,253,203,50,31.9
kalousekm,2021-04-02,24,23,1,6076,1039,1021,18,556.8
KarelHavlicek_,2021-04-02,1,0,1,0,291,183,108,8.9
kducsl,2021-04-02,12,1,11,45,1691,139,1552,4.3
market_a,2021-04-02,4,3,1,4337,378,322,56,288.3
metnarl,2021-04-02,1,1,0,52,31,26,5,2.5
milionchvilek,2021-04-02,1,0,1,0,84,48,36,8.5
MJureka,2021-04-02,2,2,0,1636,606,515,91,82.5
ODScz,2021-04-02,10,2,8,985,1381,436,945,52
olgarichterova,2021-04-02,1,0,1,0,330,328,2,23.7
P_Fiala,2021-04-02,5,3,2,1345,287,211,76,87.9
PiratskaStrana,2021-04-02,3,2,1,786,681,294,387,26.2
Pospisil_Jiri,2021-04-02,2,2,0,620,201,170,31,35.4
RobertSlachta,2021-04-02,1,1,0,0,74,57,17,2
SpoluKoalice,2021-04-02,17,0,17,0,955,109,846,20.5
STANcz,2021-04-02,3,1,2,0,312,92,220,4.8
TomasCzernin,2021-04-02,1,1,0,658,64,61,3,31.3
TomasZdechovsky,2021-04-02,24,16,8,1985,2363,1692,671,101.9
tomio_cz,2021-04-02,1,1,0,28,393,393,0,18.1
TOP09cz,2021-04-02,2,0,2,0,1251,48,1203,6.4
vonpecka,2021-04-02,1,1,0,158,296,234,62,7.7
alenaschillerov,2021-04-01,9,6,3,110,484,414,70,20
AndrejBabis,2021-04-01,5,1,4,240,1077,205,872,37
czKSCM,2021-04-01,1,0,1,0,51,14,37,0.2
honzabartosek,2021-04-01,5,5,0,54,158,158,0,12.7
Jan_Skopecek,2021-04-01,4,3,1,1569,202,182,20,31.1
JanLipavsky,2021-04-01,14,1,13,24,702,135,567,20.6
jhamacek,2021-04-01,2,2,0,242,251,201,50,30.1
kalousekm,2021-04-01,13,13,0,10554,1015,998,17,550.7
KarelHavlicek_,2021-04-01,3,1,2,14,290,183,107,8.9
kducsl,2021-04-01,16,3,13,39,1679,138,1541,4.3
makupka,2021-04-01,1,1,0,1192,73,62,11,43.2
market_a,2021-04-01,10,8,2,4247,374,319,55,284
MartinBaxa2,2021-04-01,1,1,0,143,57,57,0,23.4
metnarl,2021-04-01,4,3,1,80,30,25,5,2.4
milionchvilek,2021-04-01,3,1,2,39,83,48,35,8.5
MJureka,2021-04-01,9,9,0,2535,604,513,91,80.9
ODScz,2021-04-01,20,5,15,14,1371,434,937,51
olgarichterova,2021-04-01,2,2,0,182,329,328,1,23.7
P_Fiala,2021-04-01,3,2,1,2487,282,208,74,86.5
PiratIvanBartos,2021-04-01,3,3,0,2865,261,244,17,114.6
PiratskaStrana,2021-04-01,8,3,5,359,678,292,386,25.4
Pospisil_Jiri,2021-04-01,1,1,0,274,199,168,31,34.8
SpoluKoalice,2021-04-01,11,3,8,738,938,109,829,20.5
STANcz,2021-04-01,2,2,0,31,309,91,218,4.8
TomasZdechovsky,2021-04-01,28,21,7,1819,2339,1676,663,99.9
tomio_cz,2021-04-01,4,4,0,208,392,392,0,18.1
TOP09cz,2021-04-01,22,1,21,54,1249,48,1201,6.4
volimtrikoloru,2021-04-01,2,2,0,322,52,50,2,2.2
vonpecka,2021-04-01,3,3,0,646,295,233,62,7.6
ZdenekHrib,2021-04-01,4,4,0,2916,411,377,34,84.6
zeleni_cz,2021-04-01,2,2,0,48,325,140,185,2.7
alenaschillerov,2021-03-31,8,7,1,287,475,408,67,19.8
AndrejBabis,2021-03-31,10,0,10,0,1072,204,868,36.8
czKSCM,2021-03-31,1,0,1,0,50,14,36,0.2
general_pavel,2021-03-31,1,1,0,822,69,69,0,39.8
honzabartosek,2021-03-31,3,3,0,26,153,153,0,12.6
Jan_Skopecek,2021-03-31,5,5,0,2475,198,179,19,29.6
jana_cernochova,2021-03-31,19,18,1,220,230,217,13,8.4
JanLipavsky,2021-03-31,12,1,11,15,688,134,554,20.6
kalousekm,2021-03-31,13,13,0,1727,1002,985,17,540.2
KarelHavlicek_,2021-03-31,1,0,1,0,287,182,105,8.9
kducsl,2021-03-31,15,3,12,52,1663,135,1528,4.2
makupka,2021-03-31,1,1,0,1832,72,61,11,42
market_a,2021-03-31,6,5,1,3381,364,311,53,279.7
MartinBaxa2,2021-03-31,1,1,0,200,56,56,0,23.2
MJureka,2021-03-31,5,4,1,145,595,504,91,78.3
ODScz,2021-03-31,16,2,14,1556,1351,429,922,51
P_Fiala,2021-03-31,3,0,3,0,279,206,73,84
PiratIvanBartos,2021-03-31,5,5,0,1918,258,241,17,111.7
PiratskaStrana,2021-03-31,8,3,5,467,670,289,381,25
Pospisil_Jiri,2021-03-31,1,1,0,202,198,167,31,34.5
RobertSlachta,2021-03-31,1,1,0,77,73,56,17,2
SpoluKoalice,2021-03-31,25,4,21,548,927,106,821,19.8
STANcz,2021-03-31,5,1,4,31,307,89,218,4.7
TomasZdechovsky,2021-03-31,10,4,6,47,2311,1655,656,98.1
tomio_cz,2021-03-31,4,4,0,298,388,388,0,17.9
TOP09cz,2021-03-31,23,3,20,114,1227,47,1180,6.3
VeslavM,2021-03-31,2,2,0,11,148,142,6,2.8
Vit_Rakusan,2021-03-31,3,3,0,938,75,64,11,41.9
volimtrikoloru,2021-03-31,1,1,0,100,50,48,2,1.9
vonpecka,2021-03-31,1,0,1,0,292,230,62,6.9
ZdenekHrib,2021-03-31,9,9,0,3401,407,373,34,81.7
alenaschillerov,2021-03-30,6,6,0,206,467,401,66,19.6
AndrejBabis,2021-03-30,6,0,6,0,1062,204,858,36.8
honzabartosek,2021-03-30,1,1,0,9,150,150,0,12.6
Jan_Skopecek,2021-03-30,2,2,0,414,193,174,19,27.1
jana_cernochova,2021-03-30,5,5,0,195,211,199,12,8.1
JanLipavsky,2021-03-30,17,8,9,835,676,133,543,20.6
kalousekm,2021-03-30,10,10,0,2857,989,972,17,538.4
KarelHavlicek_,2021-03-30,2,1,1,61,286,182,104,8.9
kducsl,2021-03-30,6,0,6,0,1648,132,1516,4.2
Kuba_Martin,2021-03-30,2,2,0,1,737,737,0,88.7
market_a,2021-03-30,7,6,1,1193,358,306,52,276.3
metnarl,2021-03-30,1,1,0,136,26,22,4,2.4
milionchvilek,2021-03-30,2,0,2,0,80,47,33,8.5
MJureka,2021-03-30,3,3,0,145,590,500,90,78.2
ODScz,2021-03-30,14,3,11,1,1335,427,908,49.5
P_Fiala,2021-03-30,3,2,1,1213,276,206,70,84
PiratIvanBartos,2021-03-30,2,2,0,3383,253,236,17,109.8
PiratskaStrana,2021-03-30,5,1,4,369,662,286,376,24.6
SpoluKoalice,2021-03-30,18,1,17,107,902,102,800,19.2
STANcz,2021-03-30,1,1,0,229,302,88,214,4.7
TomasZdechovsky,2021-03-30,13,10,3,1005,2301,1651,650,98
TOP09cz,2021-03-30,12,0,12,0,1204,44,1160,6.2
VeslavM,2021-03-30,1,1,0,0,146,140,6,2.8
vojtafilip,2021-03-30,1,1,0,60,35,35,0,2.4
volimtrikoloru,2021-03-30,1,1,0,36,49,47,2,1.8
vonpecka,2021-03-30,2,2,0,19,291,230,61,6.9
ZdenekHrib,2021-03-30,2,2,0,257,398,364,34,78.3
zeleni_cz,2021-03-30,1,1,0,21,323,138,185,2.7
alenaschillerov,2021-03-29,11,11,0,226,461,395,66,19.4
AndrejBabis,2021-03-29,14,1,13,1158,1056,204,852,36.8
czKSCM,2021-03-29,2,0,2,0,49,14,35,0.2
general_pavel,2021-03-29,1,1,0,646,68,68,0,39
honzabartosek,2021-03-29,2,2,0,868,149,149,0,12.6
Jan_Skopecek,2021-03-29,4,4,0,1253,191,172,19,26.7
JanLipavsky,2021-03-29,27,6,21,1085,659,125,534,19.8
jhamacek,2021-03-29,4,4,0,942,249,199,50,29.9
kalousekm,2021-03-29,19,19,0,5201,979,962,17,535.6
KarelHavlicek_,2021-03-29,3,1,2,5,284,181,103,8.9
kducsl,2021-03-29,15,0,15,0,1642,132,1510,4.2
Kuba_Martin,2021-03-29,3,3,0,2,735,735,0,88.7
makupka,2021-03-29,2,2,0,486,71,60,11,40.2
market_a,2021-03-29,6,6,0,4924,351,300,51,275.1
metnarl,2021-03-29,1,1,0,344,25,21,4,2.2
milionchvilek,2021-03-29,2,2,0,174,78,47,31,8.5
MJureka,2021-03-29,2,2,0,833,587,497,90,78
ODScz,2021-03-29,17,4,13,1979,1321,424,897,49.5
olgarichterova,2021-03-29,29,29,0,2475,327,326,1,23.5
P_Fiala,2021-03-29,2,2,0,2054,273,204,69,82.8
PiratIvanBartos,2021-03-29,8,8,0,2992,251,234,17,106.4
PiratskaStrana,2021-03-29,6,0,6,0,657,285,372,24.2
Pospisil_Jiri,2021-03-29,3,3,0,791,197,166,31,34.3
SpoluKoalice,2021-03-29,13,0,13,0,884,101,783,19.1
STANcz,2021-03-29,1,1,0,35,301,87,214,4.5
TomasCzernin,2021-03-29,2,2,0,726,63,60,3,30.7
TomasZdechovsky,2021-03-29,16,8,8,747,2288,1641,647,97
tomio_cz,2021-03-29,7,7,0,161,384,384,0,17.6
TOP09cz,2021-03-29,19,0,19,0,1192,44,1148,6.2
VeslavM,2021-03-29,1,1,0,18,145,139,6,2.8
vonpecka,2021-03-29,1,1,0,10,289,228,61,6.9
zeleni_cz,2021-03-29,1,0,1,0,322,137,185,2.6
alenaschillerov,2021-03-28,7,5,2,196,450,384,66,19.1
AndrejBabis,2021-03-28,7,5,2,696,1042,203,839,35.6
general_pavel,2021-03-28,2,2,0,2350,67,67,0,38.4
honzabartosek,2021-03-28,3,3,0,38,147,147,0,11.7
Jan_Skopecek,2021-03-28,2,2,0,366,187,168,19,25.4
jana_cernochova,2021-03-28,2,2,0,3,206,194,12,7.9
JanLipavsky,2021-03-28,5,0,5,0,632,119,513,18.7
jhamacek,2021-03-28,1,1,0,151,245,195,50,28.9
kalousekm,2021-03-28,9,9,0,5680,960,943,17,530.4
KarelHavlicek_,2021-03-28,1,0,1,0,281,180,101,8.8
kducsl,2021-03-28,10,0,10,0,1627,132,1495,4.2
Kuba_Martin,2021-03-28,2,2,0,1435,732,732,0,88.7
market_a,2021-03-28,2,2,0,875,345,294,51,270.2
ODScz,2021-03-28,12,3,9,351,1304,420,884,47.5
P_Fiala,2021-03-28,5,4,1,1072,271,202,69,80.8
PiratskaStrana,2021-03-28,1,1,0,95,651,285,366,24.2
Pospisil_Jiri,2021-03-28,2,2,0,670,194,163,31,33.5
RobertSlachta,2021-03-28,1,1,0,20,72,55,17,2
SpoluKoalice,2021-03-28,18,1,17,472,871,101,770,19.1
STANcz,2021-03-28,3,1,2,20,300,86,214,4.4
TomasZdechovsky,2021-03-28,19,17,2,2190,2272,1633,639,96.3
tomio_cz,2021-03-28,3,3,0,80,377,377,0,17.4
TOP09cz,2021-03-28,11,0,11,0,1173,44,1129,6.2
VeslavM,2021-03-28,5,5,0,0,144,138,6,2.8
vonpecka,2021-03-28,2,0,2,0,288,227,61,6.9
zeleni_cz,2021-03-28,1,0,1,0,321,137,184,2.6
alenaschillerov,2021-03-27,4,3,1,81,443,379,64,18.9
AndrejBabis,2021-03-27,4,1,3,623,1035,198,837,34.9
honzabartosek,2021-03-27,2,2,0,557,144,144,0,11.7
Jan_Skopecek,2021-03-27,6,6,0,1046,185,166,19,25.1
JanLipavsky,2021-03-27,17,3,14,898,627,119,508,18.7
kalousekm,2021-03-27,38,38,0,12165,951,934,17,524.7
KarelHavlicek_,2021-03-27,2,1,1,46,280,180,100,8.8
kducsl,2021-03-27,10,0,10,0,1617,132,1485,4.2
Kuba_Martin,2021-03-27,3,3,0,1893,730,730,0,87.2
makupka,2021-03-27,1,1,0,723,69,58,11,39.7
market_a,2021-03-27,7,7,0,2517,343,292,51,269.3
MJureka,2021-03-27,12,12,0,2754,585,495,90,77.2
ODScz,2021-03-27,6,1,5,988,1292,417,875,47.1
PiratskaStrana,2021-03-27,1,1,0,239,650,284,366,24.1
SpoluKoalice,2021-03-27,6,0,6,0,853,100,753,18.6
STANcz,2021-03-27,2,0,2,0,297,85,212,4.4
TomasZdechovsky,2021-03-27,22,20,2,726,2253,1616,637,94.1
tomio_cz,2021-03-27,7,7,0,233,374,374,0,17.3
TOP09cz,2021-03-27,6,0,6,0,1162,44,1118,6.2
VeslavM,2021-03-27,11,10,1,165,139,133,6,2.8
volimtrikoloru,2021-03-27,1,1,0,18,48,46,2,1.8
vonpecka,2021-03-27,2,1,1,100,286,227,59,6.9
ZdenekHrib,2021-03-27,1,1,0,119,396,362,34,78
zeleni_cz,2021-03-27,1,1,0,24,320,137,183,2.6
alenaschillerov,2021-03-26,5,4,1,337,439,376,63,18.9
AndrejBabis,2021-03-26,13,4,9,381,1031,197,834,34.3
czKSCM,2021-03-26,1,1,0,23,47,14,33,0.2
general_pavel,2021-03-26,1,1,0,1656,65,65,0,36
honzabartosek,2021-03-26,4,4,0,309,142,142,0,11.1
Jan_Skopecek,2021-03-26,3,3,0,704,179,160,19,24
JanLipavsky,2021-03-26,9,0,9,0,610,116,494,17.8
jhamacek,2021-03-26,3,3,0,261,244,194,50,28.8
kalousekm,2021-03-26,17,17,0,12595,913,896,17,512.5
KarelHavlicek_,2021-03-26,5,2,3,37,278,179,99,8.8
kducsl,2021-03-26,19,2,17,67,1607,132,1475,4.2
Kuba_Martin,2021-03-26,4,4,0,7,727,727,0,85.3
makupka,2021-03-26,2,1,1,307,68,57,11,39
market_a,2021-03-26,9,7,2,6563,336,285,51,266.8
MartinBaxa2,2021-03-26,1,1,0,994,55,55,0,23
milionchvilek,2021-03-26,4,2,2,146,76,45,31,8.3
MJureka,2021-03-26,16,16,0,2088,573,483,90,74.4
ODScz,2021-03-26,32,10,22,1196,1286,416,870,46.2
P_Fiala,2021-03-26,9,6,3,2846,266,198,68,79.7
PiratIvanBartos,2021-03-26,1,1,0,5,243,226,17,103.4
PiratskaStrana,2021-03-26,6,2,4,53,649,283,366,23.9
RobertSlachta,2021-03-26,1,1,0,52,71,54,17,1.9
SpoluKoalice,2021-03-26,28,6,22,1597,847,100,747,18.6
STANcz,2021-03-26,4,0,4,0,295,85,210,4.4
TomasCzernin,2021-03-26,1,1,0,350,61,58,3,29.9
TomasZdechovsky,2021-03-26,13,7,6,604,2231,1596,635,93.3
tomio_cz,2021-03-26,15,15,0,304,367,367,0,17.1
TOP09cz,2021-03-26,17,1,16,88,1156,44,1112,6.2
vojtafilip,2021-03-26,1,1,0,33,34,34,0,2.4
volimtrikoloru,2021-03-26,1,1,0,30,47,45,2,1.7
vonpecka,2021-03-26,4,4,0,76,284,226,58,6.8
zeleni_cz,2021-03-26,2,2,0,36,319,136,183,2.6
alenaschillerov,2021-03-25,7,7,0,131,434,372,62,18.5
AndrejBabis,2021-03-25,13,4,9,667,1018,193,825,33.9
general_pavel,2021-03-25,2,2,0,235,64,64,0,34.4
Jan_Skopecek,2021-03-25,2,2,0,334,176,157,19,23.3
jana_cernochova,2021-03-25,8,8,0,52,204,192,12,7.9
JanLipavsky,2021-03-25,12,6,6,3019,601,116,485,17.8
jhamacek,2021-03-25,2,2,0,247,241,191,50,28.5
kalousekm,2021-03-25,20,20,0,6300,896,879,17,499.9
KarelHavlicek_,2021-03-25,3,1,2,39,273,177,96,8.8
kducsl,2021-03-25,19,1,18,12,1588,130,1458,4.1
market_a,2021-03-25,9,7,2,3301,327,278,49,260.3
MartinBaxa2,2021-03-25,1,1,0,1202,54,54,0,22
milionchvilek,2021-03-25,4,2,2,313,72,43,29,8.1
MJureka,2021-03-25,8,6,2,2445,557,467,90,72.4
ODScz,2021-03-25,20,4,16,532,1254,406,848,45
olgarichterova,2021-03-25,4,4,0,137,298,297,1,21
P_Fiala,2021-03-25,3,3,0,745,257,192,65,76.8
PiratIvanBartos,2021-03-25,7,7,0,3626,242,225,17,103.4
PiratskaStrana,2021-03-25,8,1,7,57,643,281,362,23.8
Pospisil_Jiri,2021-03-25,2,2,0,2249,192,161,31,32.9
SpoluKoalice,2021-03-25,11,1,10,214,819,94,725,17
STANcz,2021-03-25,3,1,2,49,291,85,206,4.4
TomasCzernin,2021-03-25,1,1,0,869,60,57,3,29.6
TomasZdechovsky,2021-03-25,26,17,9,638,2218,1589,629,92.7
TOP09cz,2021-03-25,11,0,11,0,1139,43,1096,6.1
VeslavM,2021-03-25,1,1,0,4,128,123,5,2.6
Vit_Rakusan,2021-03-25,1,0,1,0,72,61,11,41
vonpecka,2021-03-25,6,5,1,40,280,222,58,6.7
ZdenekHrib,2021-03-25,8,8,0,914,395,361,34,77.9
zeleni_cz,2021-03-25,3,1,2,30,317,134,183,2.6
alenaschillerov,2021-03-24,15,15,0,364,427,365,62,18.4
AndrejBabis,2021-03-24,19,5,14,686,1005,189,816,33.2
czKSCM,2021-03-24,1,1,0,8,46,13,33,0.2
honzabartosek,2021-03-24,2,2,0,6,138,138,0,10.8
Jan_Skopecek,2021-03-24,2,2,0,221,174,155,19,23
jana_cernochova,2021-03-24,3,3,0,30,196,184,12,7.9
JanLipavsky,2021-03-24,7,1,6,3,589,110,479,14.8
jhamacek,2021-03-24,9,7,2,417,239,189,50,28.3
kalousekm,2021-03-24,12,12,0,3286,876,859,17,493.6
KarelHavlicek_,2021-03-24,2,1,1,34,270,176,94,8.7
kducsl,2021-03-24,26,3,23,122,1569,129,1440,4.1
Kuba_Martin,2021-03-24,4,4,0,948,723,723,0,85.3
makupka,2021-03-24,2,1,1,212,66,56,10,38.7
market_a,2021-03-24,6,5,1,6393,318,271,47,257
MartinBaxa2,2021-03-24,2,2,0,102,53,53,0,20.8
metnarl,2021-03-24,1,0,1,0,24,20,4,1.9
milionchvilek,2021-03-24,4,3,1,269,68,41,27,7.8
MJureka,2021-03-24,7,6,1,820,549,461,88,69.9
ODScz,2021-03-24,18,8,10,3,1234,402,832,44.4
olgarichterova,2021-03-24,2,2,0,337,294,293,1,20.9
P_Fiala,2021-03-24,3,2,1,534,254,189,65,76.1
PiratIvanBartos,2021-03-24,6,6,0,1931,235,218,17,99.8
PiratskaStrana,2021-03-24,8,2,6,201,635,280,355,23.7
Pospisil_Jiri,2021-03-24,2,2,0,196,190,159,31,30.6
SpoluKoalice,2021-03-24,11,4,7,546,808,93,715,16.8
STANcz,2021-03-24,6,1,5,4,288,84,204,4.4
TomasZdechovsky,2021-03-24,28,20,8,777,2192,1572,620,92.1
tomio_cz,2021-03-24,7,7,0,549,352,352,0,16.8
TOP09cz,2021-03-24,14,0,14,0,1128,43,1085,6.1
VeslavM,2021-03-24,1,1,0,27,127,122,5,2.6
vonpecka,2021-03-24,6,6,0,168,274,217,57,6.7
ZdenekHrib,2021-03-24,1,1,0,19,387,353,34,77
zeleni_cz,2021-03-24,1,0,1,0,314,133,181,2.5
alenaschillerov,2021-03-23,4,4,0,218,412,350,62,18
AndrejBabis,2021-03-23,8,1,7,106,986,184,802,32.6
Jan_Skopecek,2021-03-23,2,2,0,872,172,153,19,22.8
jana_cernochova,2021-03-23,2,2,0,237,193,181,12,7.9
JanLipavsky,2021-03-23,3,0,3,0,582,109,473,14.8
jhamacek,2021-03-23,6,6,0,644,230,182,48,27.9
kalousekm,2021-03-23,13,13,0,6689,864,847,17,490.4
KarelHavlicek_,2021-03-23,4,3,1,190,268,175,93,8.7
kducsl,2021-03-23,14,2,12,35,1543,126,1417,4
Kuba_Martin,2021-03-23,7,7,0,2077,719,719,0,84.4
makupka,2021-03-23,1,1,0,263,64,55,9,38.5
market_a,2021-03-23,3,3,0,6275,312,266,46,250.6
MartinBaxa2,2021-03-23,1,1,0,56,51,51,0,20.7
milionchvilek,2021-03-23,7,4,3,261,64,38,26,7.6
MJureka,2021-03-23,1,1,0,216,542,455,87,69.1
ODScz,2021-03-23,21,6,15,798,1216,394,822,44.4
olgarichterova,2021-03-23,1,1,0,557,292,291,1,20.5
P_Fiala,2021-03-23,9,4,5,1337,251,187,64,75.6
PiratIvanBartos,2021-03-23,1,1,0,467,229,212,17,97.8
PiratskaStrana,2021-03-23,8,2,6,137,627,278,349,23.5
Pospisil_Jiri,2021-03-23,2,2,0,352,188,157,31,30.4
SpoluKoalice,2021-03-23,13,2,11,254,797,89,708,16.3
STANcz,2021-03-23,6,1,5,32,282,83,199,4.4
TomasCzernin,2021-03-23,4,4,0,1593,59,56,3,28.7
TomasZdechovsky,2021-03-23,36,25,11,582,2164,1552,612,91.3
tomio_cz,2021-03-23,5,5,0,113,345,345,0,16.3
TOP09cz,2021-03-23,21,0,21,0,1114,43,1071,6.1
VeslavM,2021-03-23,2,2,0,58,126,121,5,2.6
Vit_Rakusan,2021-03-23,1,1,0,240,71,61,10,41
vonpecka,2021-03-23,4,4,0,90,268,211,57,6.5
ZdenekHrib,2021-03-23,2,2,0,1557,386,352,34,77
zeleni_cz,2021-03-23,4,2,2,42,313,133,180,2.5
alenaschillerov,2021-03-22,16,16,0,463,408,346,62,17.8
AndrejBabis,2021-03-22,24,5,19,604,978,183,795,32.4
czKSCM,2021-03-22,1,0,1,0,45,12,33,0.1
general_pavel,2021-03-22,1,1,0,367,62,62,0,34.1
honzabartosek,2021-03-22,2,2,0,35,136,136,0,10.8
Jan_Skopecek,2021-03-22,4,4,0,1424,170,151,19,21.9
jana_cernochova,2021-03-22,1,1,0,52,191,179,12,7.6
JanLipavsky,2021-03-22,9,1,8,120,579,109,470,14.8
jhamacek,2021-03-22,4,4,0,122,224,176,48,27.2
kalousekm,2021-03-22,13,13,0,7648,851,834,17,483.7
KarelHavlicek_,2021-03-22,4,3,1,120,264,172,92,8.5
kducsl,2021-03-22,20,0,20,0,1529,124,1405,3.9
Kuba_Martin,2021-03-22,6,6,0,2914,712,712,0,82.3
makupka,2021-03-22,1,1,0,1058,63,54,9,38.2
market_a,2021-03-22,4,3,1,6081,309,263,46,244.3
milionchvilek,2021-03-22,13,9,4,3401,57,34,23,7.3
MJureka,2021-03-22,5,5,0,1178,541,454,87,68.9
ODScz,2021-03-22,14,1,13,27,1195,388,807,43.6
P_Fiala,2021-03-22,3,3,0,1075,242,183,59,74.2
PiratIvanBartos,2021-03-22,4,4,0,2118,228,211,17,97.4
PiratskaStrana,2021-03-22,8,2,6,527,619,276,343,23.4
Pospisil_Jiri,2021-03-22,6,5,1,1562,186,155,31,30.1
SpoluKoalice,2021-03-22,18,0,18,0,784,87,697,16
STANcz,2021-03-22,1,0,1,0,276,82,194,4.3
TomasCzernin,2021-03-22,2,2,0,836,55,52,3,27.1
TomasZdechovsky,2021-03-22,30,26,4,1829,2128,1527,601,90.7
tomio_cz,2021-03-22,3,3,0,226,340,340,0,16.1
TOP09cz,2021-03-22,29,3,26,159,1093,43,1050,6.1
Vit_Rakusan,2021-03-22,1,1,0,495,70,60,10,40.7
vojtafilip,2021-03-22,1,1,0,112,33,33,0,2.3
volimtrikoloru,2021-03-22,5,5,0,196,46,44,2,1.7
vonpecka,2021-03-22,7,6,1,359,264,207,57,6.4
ZdenekHrib,2021-03-22,6,5,1,973,384,350,34,75.4
zeleni_cz,2021-03-22,3,1,2,26,309,131,178,2.5
alenaschillerov,2021-03-21,2,0,2,0,392,330,62,17.3
AndrejBabis,2021-03-21,8,5,3,647,954,178,776,31.8
Jan_Skopecek,2021-03-21,4,4,0,1516,166,147,19,20.5
jana_cernochova,2021-03-21,1,1,0,152,190,178,12,7.6
JanLipavsky,2021-03-21,3,0,3,0,570,108,462,14.6
kalousekm,2021-03-21,21,21,0,5866,838,821,17,476
KarelHavlicek_,2021-03-21,1,0,1,0,260,169,91,8.4
kducsl,2021-03-21,4,0,4,0,1509,124,1385,3.9
market_a,2021-03-21,1,1,0,312,305,260,45,238.2
milionchvilek,2021-03-21,2,1,1,817,44,25,19,3.9
MJureka,2021-03-21,4,4,0,38,536,449,87,67.7
ODScz,2021-03-21,8,6,2,855,1181,387,794,43.6
olgarichterova,2021-03-21,1,1,0,128,291,290,1,20
P_Fiala,2021-03-21,1,0,1,0,239,180,59,73.2
PiratskaStrana,2021-03-21,2,0,2,0,611,274,337,22.9
Pospisil_Jiri,2021-03-21,1,1,0,31,180,150,30,28.5
RobertSlachta,2021-03-21,1,1,0,22,70,53,17,1.9
SpoluKoalice,2021-03-21,6,0,6,0,766,87,679,16
STANcz,2021-03-21,1,0,1,0,275,82,193,4.3
TomasZdechovsky,2021-03-21,10,8,2,746,2098,1501,597,88.9
tomio_cz,2021-03-21,8,8,0,385,337,337,0,15.9
TOP09cz,2021-03-21,1,0,1,0,1064,40,1024,6
VeslavM,2021-03-21,2,2,0,1,124,119,5,2.6
vojtafilip,2021-03-21,1,1,0,31,32,32,0,2.2
vonpecka,2021-03-21,3,2,1,52,257,201,56,6.1
ZdenekHrib,2021-03-21,2,0,2,0,378,345,33,74.5
zeleni_cz,2021-03-21,1,0,1,0,306,130,176,2.5
alenaschillerov,2021-03-20,2,1,1,32,390,330,60,17.3
general_pavel,2021-03-20,1,1,0,437,61,61,0,33.7
Jan_Skopecek,2021-03-20,3,3,0,1149,162,143,19,18.9
jana_cernochova,2021-03-20,3,3,0,22,189,177,12,7.4
JanLipavsky,2021-03-20,1,0,1,0,567,108,459,14.6
jhamacek,2021-03-20,1,1,0,47,220,172,48,27.1
kalousekm,2021-03-20,9,9,0,2610,817,800,17,470.2
kducsl,2021-03-20,11,0,11,0,1505,124,1381,3.9
Kuba_Martin,2021-03-20,15,15,0,1556,706,706,0,79.4
market_a,2021-03-20,2,1,1,82,304,259,45,237.9
metnarl,2021-03-20,1,1,0,26,23,20,3,1.9
milionchvilek,2021-03-20,2,0,2,0,42,24,18,3.1
MJureka,2021-03-20,2,2,0,911,532,445,87,67.7
ODScz,2021-03-20,4,0,4,0,1173,381,792,42.7
olgarichterova,2021-03-20,2,2,0,906,290,289,1,19.8
P_Fiala,2021-03-20,1,1,0,945,238,180,58,73.2
PiratIvanBartos,2021-03-20,2,2,0,4857,224,207,17,95.3
PiratskaStrana,2021-03-20,3,0,3,0,609,274,335,22.9
SpoluKoalice,2021-03-20,8,0,8,0,760,87,673,16
TomasZdechovsky,2021-03-20,16,14,2,1448,2088,1493,595,88.2
tomio_cz,2021-03-20,2,2,0,91,329,329,0,15.5
VeslavM,2021-03-20,3,2,1,126,122,117,5,2.6
vonpecka,2021-03-20,1,1,0,2,254,199,55,6
alenaschillerov,2021-03-19,4,3,1,91,388,329,59,17.3
AndrejBabis,2021-03-19,7,2,5,191,946,173,773,31.2
general_pavel,2021-03-19,1,1,0,310,60,60,0,33.3
honzabartosek,2021-03-19,1,1,0,177,134,134,0,10.8
Jan_Skopecek,2021-03-19,5,2,3,66,159,140,19,17.8
jana_cernochova,2021-03-19,2,2,0,72,186,174,12,7.4
JanLipavsky,2021-03-19,6,1,5,447,566,108,458,14.6
jhamacek,2021-03-19,4,3,1,338,219,171,48,27.1
kalousekm,2021-03-19,13,13,0,9063,808,791,17,467.5
KarelHavlicek_,2021-03-19,2,2,0,55,259,169,90,8.4
kducsl,2021-03-19,9,1,8,52,1494,124,1370,3.9
market_a,2021-03-19,2,2,0,2548,302,258,44,237.8
milionchvilek,2021-03-19,1,1,0,118,40,24,16,3.1
MJureka,2021-03-19,4,1,3,0,530,443,87,66.8
ODScz,2021-03-19,15,3,12,7,1169,381,788,42.7
olgarichterova,2021-03-19,1,1,0,23,288,287,1,18.9
P_Fiala,2021-03-19,7,7,0,3093,237,179,58,72.2
PiratIvanBartos,2021-03-19,2,2,0,534,222,205,17,90.4
PiratskaStrana,2021-03-19,3,1,2,145,606,274,332,22.9
Pospisil_Jiri,2021-03-19,1,1,0,84,179,149,30,28.5
SpoluKoalice,2021-03-19,3,0,3,0,752,87,665,16
STANcz,2021-03-19,1,0,1,0,274,82,192,4.3
TomasZdechovsky,2021-03-19,6,4,2,317,2072,1479,593,86.7
tomio_cz,2021-03-19,4,4,0,157,327,327,0,15.4
TOP09cz,2021-03-19,6,0,6,0,1063,40,1023,6
VeslavM,2021-03-19,1,1,0,22,119,115,4,2.4
vonpecka,2021-03-19,5,4,1,2,253,198,55,6
Zbynek_Stanjura,2021-03-19,1,1,0,1906,6,6,0,7.7
ZdenekHrib,2021-03-19,2,2,0,78,376,345,31,74.5
zeleni_cz,2021-03-19,3,1,2,22,305,130,175,2.5
alenaschillerov,2021-03-18,3,3,0,98,384,326,58,17.2
AndrejBabis,2021-03-18,12,2,10,132,939,171,768,31
honzabartosek,2021-03-18,4,4,0,288,133,133,0,10.6
Jan_Skopecek,2021-03-18,6,6,0,547,154,138,16,17.7
jana_cernochova,2021-03-18,15,15,0,363,184,172,12,7.3
JanLipavsky,2021-03-18,11,6,5,289,560,107,453,14.2
jhamacek,2021-03-18,4,3,1,963,215,168,47,26.7
kalousekm,2021-03-18,19,19,0,5885,795,778,17,458.5
KarelHavlicek_,2021-03-18,3,2,1,98,257,167,90,8.3
kducsl,2021-03-18,11,0,11,0,1485,123,1362,3.9
Kuba_Martin,2021-03-18,1,1,0,22,691,691,0,77.8
makupka,2021-03-18,1,1,0,262,62,53,9,37.1
market_a,2021-03-18,5,5,0,3481,300,256,44,235.3
milionchvilek,2021-03-18,5,3,2,203,39,23,16,3
MJureka,2021-03-18,13,11,2,478,526,442,84,66.8
ODScz,2021-03-18,16,4,12,8,1154,378,776,42.7
olgarichterova,2021-03-18,3,3,0,4731,287,286,1,18.9
P_Fiala,2021-03-18,3,3,0,583,230,172,58,69.1
PiratIvanBartos,2021-03-18,3,3,0,701,220,203,17,89.9
PiratskaStrana,2021-03-18,5,1,4,120,603,273,330,22.7
Pospisil_Jiri,2021-03-18,1,1,0,81,178,148,30,28.4
SpoluKoalice,2021-03-18,20,2,18,102,749,87,662,16
STANcz,2021-03-18,7,1,6,29,273,82,191,4.3
TomasZdechovsky,2021-03-18,25,21,4,764,2066,1475,591,86.4
tomio_cz,2021-03-18,5,5,0,129,323,323,0,15.3
TOP09cz,2021-03-18,19,1,18,66,1057,40,1017,6
VeslavM,2021-03-18,1,1,0,55,118,114,4,2.4
vonpecka,2021-03-18,3,3,0,70,248,194,54,6
ZdenekHrib,2021-03-18,4,4,0,3242,374,343,31,74.4
zeleni_cz,2021-03-18,4,1,3,19,302,129,173,2.5
alenaschillerov,2021-03-17,5,3,2,86,381,323,58,17.1
AndrejBabis,2021-03-17,10,1,9,92,927,169,758,30.9
czKSCM,2021-03-17,1,0,1,0,44,12,32,0.1
honzabartosek,2021-03-17,1,1,0,55,129,129,0,10.3
Jan_Skopecek,2021-03-17,4,4,0,329,148,132,16,17.2
jana_cernochova,2021-03-17,7,7,0,157,169,157,12,7
JanLipavsky,2021-03-17,7,1,6,1392,549,101,448,13.9
jhamacek,2021-03-17,6,5,1,61,211,165,46,25.8
kalousekm,2021-03-17,10,9,1,3702,776,759,17,452.6
KarelHavlicek_,2021-03-17,1,1,0,81,254,165,89,8.2
kducsl,2021-03-17,26,2,24,11,1474,123,1351,3.9
Kuba_Martin,2021-03-17,4,4,0,1,690,690,0,77.8
makupka,2021-03-17,2,2,0,751,61,52,9,36.9
market_a,2021-03-17,8,7,1,4966,295,251,44,231.8
metnarl,2021-03-17,1,1,0,113,22,19,3,1.9
milionchvilek,2021-03-17,2,1,1,142,34,20,14,2.8
MJureka,2021-03-17,13,12,1,1148,513,431,82,66.3
ODScz,2021-03-17,31,9,22,61,1138,374,764,42.7
olgarichterova,2021-03-17,1,1,0,1,284,283,1,14.2
P_Fiala,2021-03-17,5,4,1,2038,227,169,58,68.5
PiratIvanBartos,2021-03-17,9,9,0,2449,217,200,17,89.2
PiratskaStrana,2021-03-17,14,3,11,616,598,272,326,22.6
Pospisil_Jiri,2021-03-17,1,1,0,119,177,147,30,28.3
RobertSlachta,2021-03-17,1,1,0,40,69,52,17,1.9
SpoluKoalice,2021-03-17,24,3,21,146,729,85,644,15.9
STANcz,2021-03-17,10,6,4,115,266,81,185,4.3
TomasCzernin,2021-03-17,1,1,0,592,53,50,3,26.3
TomasZdechovsky,2021-03-17,20,14,6,876,2041,1454,587,85.6
tomio_cz,2021-03-17,1,1,0,133,318,318,0,15.2
TOP09cz,2021-03-17,15,1,14,84,1038,39,999,5.9
VeslavM,2021-03-17,6,6,0,165,117,113,4,2.4
Vit_Rakusan,2021-03-17,1,1,0,331,69,59,10,40.2
vojtafilip,2021-03-17,2,2,0,60,31,31,0,2.2
vonpecka,2021-03-17,3,3,0,114,245,191,54,5.9
ZdenekHrib,2021-03-17,1,1,0,50,370,339,31,71.1
zeleni_cz,2021-03-17,3,1,2,16,298,128,170,2.4
alenaschillerov,2021-03-16,5,5,0,86,376,320,56,17
AndrejBabis,2021-03-16,16,7,9,791,917,168,749,30.8
honzabartosek,2021-03-16,2,2,0,80,128,128,0,10.2
Jan_Skopecek,2021-03-16,1,1,0,38,144,128,16,16.9
JanLipavsky,2021-03-16,9,0,9,0,542,100,442,12.5
jhamacek,2021-03-16,1,1,0,192,205,160,45,25.7
kalousekm,2021-03-16,22,22,0,10702,766,750,16,448.9
KarelHavlicek_,2021-03-16,3,1,2,30,253,164,89,8.1
kducsl,2021-03-16,21,0,21,0,1448,121,1327,3.9
Kuba_Martin,2021-03-16,5,5,0,111,686,686,0,77.8
market_a,2021-03-16,2,2,0,933,287,244,43,226.8
milionchvilek,2021-03-16,3,1,2,74,32,19,13,2.6
MJureka,2021-03-16,3,3,0,382,500,419,81,65.1
ODScz,2021-03-16,14,8,6,0,1107,365,742,42.7
olgarichterova,2021-03-16,4,4,0,209,283,282,1,14.2
P_Fiala,2021-03-16,1,1,0,408,222,165,57,66.5
PiratIvanBartos,2021-03-16,2,2,0,1675,208,191,17,86.7
PiratskaStrana,2021-03-16,7,1,6,215,584,269,315,22
Pospisil_Jiri,2021-03-16,1,1,0,122,176,146,30,28.2
SpoluKoalice,2021-03-16,4,0,4,0,705,82,623,15.8
STANcz,2021-03-16,4,0,4,0,256,75,181,4.2
TomasZdechovsky,2021-03-16,31,16,15,373,2021,1440,581,84.8
tomio_cz,2021-03-16,1,1,0,139,317,317,0,15
TOP09cz,2021-03-16,8,0,8,0,1023,38,985,5.8
vonpecka,2021-03-16,4,3,1,154,242,188,54,5.8
ZdenekHrib,2021-03-16,5,5,0,349,369,338,31,71.1
zeleni_cz,2021-03-16,1,0,1,0,295,127,168,2.4
alenaschillerov,2021-03-15,5,5,0,377,371,315,56,16.9
AndrejBabis,2021-03-15,13,0,13,0,901,161,740,30
czKSCM,2021-03-15,2,2,0,13,43,12,31,0.1
Jan_Skopecek,2021-03-15,1,1,0,310,143,127,16,16.8
JanLipavsky,2021-03-15,3,0,3,0,533,100,433,12.5
jhamacek,2021-03-15,2,1,1,19,204,159,45,25.5
kalousekm,2021-03-15,21,21,0,5409,744,728,16,438.2
KarelHavlicek_,2021-03-15,4,4,0,166,250,163,87,8.1
kducsl,2021-03-15,13,0,13,0,1427,121,1306,3.9
Kuba_Martin,2021-03-15,2,2,0,1,681,681,0,77.7
makupka,2021-03-15,3,3,0,928,59,50,9,36.1
market_a,2021-03-15,5,5,0,3908,285,242,43,225.9
milionchvilek,2021-03-15,1,1,0,155,29,18,11,2.5
MJureka,2021-03-15,4,3,1,281,497,416,81,64.7
ODScz,2021-03-15,10,5,5,349,1093,357,736,42.7
olgarichterova,2021-03-15,1,1,0,3,279,278,1,14
P_Fiala,2021-03-15,3,1,2,492,221,164,57,66.1
PiratIvanBartos,2021-03-15,2,2,0,516,206,189,17,85
PiratskaStrana,2021-03-15,2,0,2,0,577,268,309,21.8
Pospisil_Jiri,2021-03-15,1,1,0,111,175,145,30,28.1
RobertSlachta,2021-03-15,2,2,0,97,68,51,17,1.8
SpoluKoalice,2021-03-15,9,0,9,0,701,82,619,15.8
STANcz,2021-03-15,5,3,2,27,252,75,177,4.2
TomasCzernin,2021-03-15,3,3,0,1121,52,49,3,25.7
TomasZdechovsky,2021-03-15,40,31,9,1366,1990,1424,566,84.4
tomio_cz,2021-03-15,2,2,0,33,316,316,0,14.9
TOP09cz,2021-03-15,15,1,14,1,1015,38,977,5.8
VeslavM,2021-03-15,3,3,0,9,111,107,4,2.2
Vit_Rakusan,2021-03-15,1,0,1,0,68,58,10,39.9
vonpecka,2021-03-15,5,2,3,139,238,185,53,5.7
ZdenekHrib,2021-03-15,10,10,0,3015,364,333,31,70.7
zeleni_cz,2021-03-15,2,0,2,0,294,127,167,2.4
alenaschillerov,2021-03-14,5,4,1,92,366,310,56,16.6
AndrejBabis,2021-03-14,3,1,2,420,888,161,727,30
honzabartosek,2021-03-14,1,1,0,46,126,126,0,10.2
Jan_Skopecek,2021-03-14,1,1,0,901,142,126,16,16.5
JanLipavsky,2021-03-14,5,0,5,0,530,100,430,12.5
kalousekm,2021-03-14,4,4,0,507,723,707,16,432.8
KarelHavlicek_,2021-03-14,2,1,1,60,246,159,87,8
kducsl,2021-03-14,4,0,4,0,1414,121,1293,3.9
Kuba_Martin,2021-03-14,1,1,0,81,679,679,0,77.7
market_a,2021-03-14,4,3,1,1498,280,237,43,222
milionchvilek,2021-03-14,2,0,2,0,28,17,11,2.4
MJureka,2021-03-14,2,2,0,191,493,413,80,64.5
ODScz,2021-03-14,21,12,9,1049,1083,352,731,42.3
P_Fiala,2021-03-14,3,2,1,725,218,163,55,65.6
PiratIvanBartos,2021-03-14,1,1,0,2496,204,187,17,84.5
PiratskaStrana,2021-03-14,4,2,2,388,575,268,307,21.8
RobertSlachta,2021-03-14,2,2,0,21,66,49,17,1.7
SpoluKoalice,2021-03-14,13,0,13,0,692,82,610,15.8
STANcz,2021-03-14,5,1,4,541,247,72,175,4.2
TomasCzernin,2021-03-14,1,1,0,503,49,46,3,24.6
TomasZdechovsky,2021-03-14,20,17,3,646,1950,1393,557,83
tomio_cz,2021-03-14,5,5,0,258,314,314,0,14.9
TOP09cz,2021-03-14,4,0,4,0,1000,37,963,5.8
VeslavM,2021-03-14,8,7,1,42,108,104,4,2.2
Vit_Rakusan,2021-03-14,1,1,0,777,67,58,9,39.9
zeleni_cz,2021-03-14,1,0,1,0,292,127,165,2.4
alenaschillerov,2021-03-13,2,0,2,0,361,306,55,16.5
AndrejBabis,2021-03-13,13,7,6,748,885,160,725,29.6
general_pavel,2021-03-13,1,1,0,1033,59,59,0,33
Jan_Skopecek,2021-03-13,2,2,0,222,141,125,16,15.6
jana_cernochova,2021-03-13,5,5,0,187,162,150,12,6.8
JanLipavsky,2021-03-13,2,0,2,0,525,100,425,12.5
jhamacek,2021-03-13,5,4,1,58,202,158,44,25.5
kalousekm,2021-03-13,26,26,0,5354,719,703,16,432.3
KarelHavlicek_,2021-03-13,4,2,2,170,244,158,86,7.9
kducsl,2021-03-13,9,0,9,0,1410,121,1289,3.9
Kuba_Martin,2021-03-13,3,3,0,3,678,678,0,77.6
milionchvilek,2021-03-13,1,0,1,0,26,17,9,2.4
MJureka,2021-03-13,5,5,0,484,491,411,80,64.3
ODScz,2021-03-13,6,0,6,0,1062,340,722,41.3
olgarichterova,2021-03-13,3,3,0,5,278,277,1,14
P_Fiala,2021-03-13,1,0,1,0,215,161,54,64.9
PiratskaStrana,2021-03-13,1,1,0,290,571,266,305,21.4
RobertSlachta,2021-03-13,1,1,0,67,64,47,17,1.7
SpoluKoalice,2021-03-13,9,1,8,68,679,82,597,15.8
STANcz,2021-03-13,2,0,2,0,242,71,171,3.6
TomasZdechovsky,2021-03-13,24,20,4,1451,1930,1376,554,82.4
tomio_cz,2021-03-13,3,3,0,574,309,309,0,14.6
TOP09cz,2021-03-13,5,0,5,0,996,37,959,5.8
VeslavM,2021-03-13,3,3,0,16,100,97,3,2.1
ZdenekHrib,2021-03-13,18,18,0,2287,354,323,31,67.7
alenaschillerov,2021-03-12,8,8,0,319,359,306,53,16.5
AndrejBabis,2021-03-12,11,4,7,733,872,153,719,28.8
czKSCM,2021-03-12,1,0,1,0,41,10,31,0.1
general_pavel,2021-03-12,3,3,0,3411,58,58,0,32
honzabartosek,2021-03-12,1,1,0,2,125,125,0,10.1
Jan_Skopecek,2021-03-12,2,2,0,284,139,123,16,15.4
jana_cernochova,2021-03-12,1,1,0,412,157,145,12,6.6
JanLipavsky,2021-03-12,11,4,7,304,523,100,423,12.5
jhamacek,2021-03-12,1,1,0,304,197,154,43,25.4
kalousekm,2021-03-12,8,8,0,4344,693,677,16,426.9
KarelHavlicek_,2021-03-12,5,4,1,281,240,156,84,7.7
kducsl,2021-03-12,27,3,24,51,1401,121,1280,3.9
Kuba_Martin,2021-03-12,8,8,0,1744,675,675,0,77.6
makupka,2021-03-12,1,1,0,1513,56,47,9,35.2
market_a,2021-03-12,2,2,0,776,276,234,42,220.5
metnarl,2021-03-12,1,1,0,143,21,18,3,1.7
milionchvilek,2021-03-12,3,1,2,161,25,17,8,2.4
MJureka,2021-03-12,10,10,0,681,486,406,80,63.8
ODScz,2021-03-12,13,6,7,1537,1056,340,716,41.3
olgarichterova,2021-03-12,3,3,0,172,275,274,1,14
P_Fiala,2021-03-12,3,2,1,948,214,161,53,64.9
PiratIvanBartos,2021-03-12,3,3,0,505,203,186,17,82
PiratskaStrana,2021-03-12,22,13,9,1004,570,265,305,21.1
Pospisil_Jiri,2021-03-12,4,3,1,693,174,144,30,28
SpoluKoalice,2021-03-12,20,0,20,0,670,81,589,15.7
STANcz,2021-03-12,3,0,3,0,240,71,169,3.6
TomasCzernin,2021-03-12,1,1,0,178,48,45,3,24.1
TomasZdechovsky,2021-03-12,33,27,6,3599,1906,1356,550,80.9
tomio_cz,2021-03-12,4,4,0,477,306,306,0,14
TOP09cz,2021-03-12,13,2,11,830,991,37,954,5.8
VeslavM,2021-03-12,6,6,0,18,97,94,3,2.1
Vit_Rakusan,2021-03-12,3,3,0,479,66,57,9,39.1
vojtafilip,2021-03-12,1,1,0,119,29,29,0,2.1
volimtrikoloru,2021-03-12,1,1,0,67,41,39,2,1.5
vonpecka,2021-03-12,6,5,1,96,233,183,50,5.5
ZdenekHrib,2021-03-12,3,2,1,850,336,305,31,65.4
zeleni_cz,2021-03-12,2,1,1,69,291,127,164,2.4
alenaschillerov,2021-03-11,5,4,1,1243,351,298,53,16.2
AndrejBabis,2021-03-11,13,4,9,449,861,149,712,28.1
general_pavel,2021-03-11,1,1,0,322,55,55,0,28.6
honzabartosek,2021-03-11,3,3,0,291,124,124,0,10.1
Jan_Skopecek,2021-03-11,4,4,0,1039,137,121,16,15.1
JanLipavsky,2021-03-11,6,0,6,0,512,96,416,12.2
kalousekm,2021-03-11,7,7,0,2881,685,669,16,422.6
KarelHavlicek_,2021-03-11,2,2,0,53,235,152,83,7.4
kducsl,2021-03-11,19,0,19,0,1374,118,1256,3.8
Kuba_Martin,2021-03-11,3,3,0,651,667,667,0,75.9
makupka,2021-03-11,1,1,0,2,55,46,9,33.7
market_a,2021-03-11,3,3,0,3131,274,232,42,219.7
MJureka,2021-03-11,2,1,1,937,476,396,80,63.1
ODScz,2021-03-11,19,5,14,33,1043,334,709,39.7
olgarichterova,2021-03-11,3,3,0,4,272,271,1,13.8
P_Fiala,2021-03-11,3,3,0,2179,211,159,52,63.9
PiratskaStrana,2021-03-11,10,3,7,269,548,252,296,20.1
Pospisil_Jiri,2021-03-11,2,2,0,174,170,141,29,27.3
SpoluKoalice,2021-03-11,13,1,12,164,650,81,569,15.7
STANcz,2021-03-11,2,0,2,0,237,71,166,3.6
TomasZdechovsky,2021-03-11,38,26,12,684,1873,1329,544,77.3
tomio_cz,2021-03-11,2,2,0,88,302,302,0,13.5
TOP09cz,2021-03-11,10,0,10,0,978,35,943,5
VeslavM,2021-03-11,2,2,0,22,91,88,3,2.1
Vit_Rakusan,2021-03-11,1,0,1,0,63,54,9,38.6
vonpecka,2021-03-11,3,2,1,61,227,178,49,5.4
zeleni_cz,2021-03-11,2,1,1,17,289,126,163,2.4
alenaschillerov,2021-03-10,8,7,1,291,346,294,52,14.9
AndrejBabis,2021-03-10,15,5,10,1307,848,145,703,27.6
general_pavel,2021-03-10,2,2,0,1797,54,54,0,28.2
honzabartosek,2021-03-10,5,5,0,632,121,121,0,9.8
Jan_Skopecek,2021-03-10,1,1,0,149,133,117,16,14.1
JanLipavsky,2021-03-10,11,2,9,1758,506,96,410,12.2
jhamacek,2021-03-10,1,0,1,0,196,153,43,25.1
kalousekm,2021-03-10,3,3,0,6257,678,662,16,419.7
KarelHavlicek_,2021-03-10,6,3,3,126,233,150,83,7.4
kducsl,2021-03-10,38,4,34,115,1355,118,1237,3.8
Kuba_Martin,2021-03-10,4,4,0,7058,664,664,0,75.2
makupka,2021-03-10,2,1,1,1527,54,45,9,33.7
market_a,2021-03-10,5,5,0,9292,271,229,42,216.6
MartinBaxa2,2021-03-10,3,3,0,811,50,50,0,20.7
metnarl,2021-03-10,2,1,1,33,20,17,3,1.6
milionchvilek,2021-03-10,1,0,1,0,22,16,6,2.2
MJureka,2021-03-10,17,15,2,2673,474,395,79,62.2
ODScz,2021-03-10,35,11,24,1887,1024,329,695,39.7
olgarichterova,2021-03-10,6,6,0,218,269,268,1,13.8
P_Fiala,2021-03-10,10,4,6,3313,208,156,52,61.7
PiratIvanBartos,2021-03-10,1,1,0,3618,200,183,17,81.5
PiratskaStrana,2021-03-10,10,3,7,706,538,249,289,19.8
Pospisil_Jiri,2021-03-10,2,2,0,829,168,139,29,27.1
SpoluKoalice,2021-03-10,23,6,17,1130,637,80,557,15.5
STANcz,2021-03-10,8,3,5,122,235,71,164,3.6
TomasCzernin,2021-03-10,5,5,0,3821,47,44,3,23.9
TomasZdechovsky,2021-03-10,37,25,12,1348,1835,1303,532,76.6
tomio_cz,2021-03-10,9,9,0,342,300,300,0,13.5
TOP09cz,2021-03-10,22,1,21,82,968,35,933,5
VeslavM,2021-03-10,1,1,0,38,89,86,3,2.1
Vit_Rakusan,2021-03-10,2,1,1,1895,62,54,8,38.6
ZdenekHrib,2021-03-10,2,1,1,121,333,303,30,64.6
zeleni_cz,2021-03-10,6,2,4,105,287,125,162,2.3
alenaschillerov,2021-03-09,7,4,3,93,338,287,51,14.6
AndrejBabis,2021-03-09,16,8,8,1673,833,140,693,26.3
honzabartosek,2021-03-09,2,2,0,163,116,116,0,9.2
Jan_Skopecek,2021-03-09,9,9,0,352,132,116,16,13.9
jana_cernochova,2021-03-09,2,2,0,58,156,144,12,6.2
JanLipavsky,2021-03-09,6,0,6,0,495,94,401,10.4
jhamacek,2021-03-09,3,2,1,364,195,153,42,25.1
kalousekm,2021-03-09,12,12,0,3806,675,659,16,413.4
KarelHavlicek_,2021-03-09,5,3,2,140,227,147,80,7.3
kducsl,2021-03-09,27,6,21,270,1317,114,1203,3.7
Kuba_Martin,2021-03-09,4,4,0,379,660,660,0,68.2
market_a,2021-03-09,6,6,0,4434,266,224,42,207.3
MartinBaxa2,2021-03-09,1,1,0,186,47,47,0,19.9
MJureka,2021-03-09,3,2,1,26,457,380,77,59.5
ODScz,2021-03-09,23,7,16,1908,989,318,671,37.8
olgarichterova,2021-03-09,11,11,0,142,263,262,1,13.6
P_Fiala,2021-03-09,2,2,0,1711,198,152,46,58.4
PiratskaStrana,2021-03-09,7,0,7,0,528,246,282,19.1
Pospisil_Jiri,2021-03-09,2,2,0,221,166,137,29,26.3
RobertSlachta,2021-03-09,1,0,1,0,63,46,17,1.6
SpoluKoalice,2021-03-09,18,2,16,3,614,74,540,14.4
STANcz,2021-03-09,2,1,1,40,227,68,159,3.5
TomasCzernin,2021-03-09,1,1,0,214,42,39,3,20.1
TomasZdechovsky,2021-03-09,23,13,10,1164,1798,1278,520,75.3
tomio_cz,2021-03-09,6,6,0,146,291,291,0,13.1
TOP09cz,2021-03-09,19,0,19,0,946,34,912,4.9
vojtafilip,2021-03-09,1,1,0,107,28,28,0,2
volimtrikoloru,2021-03-09,2,2,0,50,40,38,2,1.4
vonpecka,2021-03-09,1,1,0,31,224,176,48,5.4
ZdenekHrib,2021-03-09,12,12,0,1425,331,302,29,64.5
zeleni_cz,2021-03-09,2,0,2,0,281,123,158,2.2
alenaschillerov,2021-03-08,7,7,0,364,331,283,48,14.5
AndrejBabis,2021-03-08,17,2,15,793,817,132,685,24.7
czKSCM,2021-03-08,1,0,1,0,40,10,30,0.1
general_pavel,2021-03-08,1,1,0,173,52,52,0,26.4
Jan_Skopecek,2021-03-08,2,2,0,211,123,107,16,13.6
JanLipavsky,2021-03-08,5,0,5,0,489,94,395,10.4
jhamacek,2021-03-08,2,2,0,401,192,151,41,24.8
kalousekm,2021-03-08,13,13,0,7189,663,647,16,409.6
KarelHavlicek_,2021-03-08,5,4,1,162,222,144,78,7.1
kducsl,2021-03-08,17,1,16,21,1290,108,1182,3.4
Kuba_Martin,2021-03-08,7,7,0,2363,656,656,0,67.8
makupka,2021-03-08,1,1,0,1374,52,44,8,32.2
market_a,2021-03-08,2,2,0,768,260,218,42,202.8
MJureka,2021-03-08,6,5,1,874,454,378,76,59.5
ODScz,2021-03-08,9,3,6,0,966,311,655,35.9
P_Fiala,2021-03-08,4,1,3,529,196,150,46,56.7
PiratIvanBartos,2021-03-08,5,5,0,1023,199,182,17,77.9
PiratskaStrana,2021-03-08,7,3,4,198,521,246,275,19.1
Pospisil_Jiri,2021-03-08,2,1,1,60,164,135,29,26
SpoluKoalice,2021-03-08,11,2,9,973,596,72,524,14.4
STANcz,2021-03-08,2,0,2,0,225,67,158,3.5
TomasCzernin,2021-03-08,2,0,2,0,41,38,3,19.9
TomasZdechovsky,2021-03-08,17,11,6,557,1775,1265,510,74.1
tomio_cz,2021-03-08,13,13,0,680,285,285,0,13
TOP09cz,2021-03-08,35,0,35,0,927,34,893,4.9
Vit_Rakusan,2021-03-08,1,0,1,0,60,53,7,36.8
vojtafilip,2021-03-08,1,1,0,82,27,27,0,1.9
vonpecka,2021-03-08,3,1,2,15,223,175,48,5.3
ZdenekHrib,2021-03-08,3,3,0,508,319,290,29,63
zeleni_cz,2021-03-08,5,0,5,0,279,123,156,2.2
alenaschillerov,2021-03-07,4,4,0,383,324,276,48,14.2
AndrejBabis,2021-03-07,8,2,6,492,800,130,670,23.9
czKSCM,2021-03-07,1,1,0,7,39,10,29,0.1
honzabartosek,2021-03-07,1,1,0,56,114,114,0,9
Jan_Skopecek,2021-03-07,1,1,0,100,121,105,16,13.3
JanLipavsky,2021-03-07,5,0,5,0,484,94,390,10.4
jhamacek,2021-03-07,4,2,2,1271,190,149,41,24.4
kalousekm,2021-03-07,14,14,0,13641,650,634,16,402.4
KarelHavlicek_,2021-03-07,3,2,1,100,217,140,77,7
kducsl,2021-03-07,21,7,14,312,1273,107,1166,3.4
Kuba_Martin,2021-03-07,6,6,0,12,649,649,0,65.4
market_a,2021-03-07,2,2,0,5134,258,216,42,202.1
MartinBaxa2,2021-03-07,1,1,0,2246,46,46,0,19.7
ODScz,2021-03-07,10,7,3,171,957,308,649,35.9
olgarichterova,2021-03-07,1,1,0,233,252,251,1,13.4
P_Fiala,2021-03-07,1,1,0,394,192,149,43,56.2
Pospisil_Jiri,2021-03-07,2,1,1,259,162,134,28,26
RobertSlachta,2021-03-07,1,1,0,20,62,46,16,1.6
SpoluKoalice,2021-03-07,8,0,8,0,585,70,515,13.4
TomasZdechovsky,2021-03-07,22,16,6,724,1758,1254,504,73.6
tomio_cz,2021-03-07,3,3,0,283,272,272,0,12.3
TOP09cz,2021-03-07,2,0,2,0,892,34,858,4.9
vojtafilip,2021-03-07,1,1,0,35,26,26,0,1.8
AndrejBabis,2021-03-06,2,1,1,145,792,128,664,23.4
general_pavel,2021-03-06,2,2,0,1209,51,51,0,26.3
jana_cernochova,2021-03-06,31,29,2,531,154,142,12,6.2
JanLipavsky,2021-03-06,1,0,1,0,479,94,385,10.4
jhamacek,2021-03-06,3,1,2,12,186,147,39,23.1
kalousekm,2021-03-06,3,3,0,67,636,620,16,388.8
kducsl,2021-03-06,15,0,15,0,1252,100,1152,3.1
Kuba_Martin,2021-03-06,12,12,0,376,643,643,0,65.4
metnarl,2021-03-06,1,1,0,44,18,16,2,1.6
MJureka,2021-03-06,5,5,0,455,448,373,75,58.6
ODScz,2021-03-06,8,3,5,9,947,301,646,35.7
P_Fiala,2021-03-06,4,4,0,1710,191,148,43,55.8
PiratskaStrana,2021-03-06,1,1,0,127,514,243,271,18.9
Pospisil_Jiri,2021-03-06,1,1,0,213,160,133,27,25.7
SpoluKoalice,2021-03-06,8,0,8,0,577,70,507,13.4
TomasZdechovsky,2021-03-06,19,15,4,928,1736,1238,498,72.9
tomio_cz,2021-03-06,3,3,0,271,269,269,0,12
VeslavM,2021-03-06,1,1,0,12,88,85,3,2
ZdenekHrib,2021-03-06,7,7,0,1228,316,287,29,62.5
zeleni_cz,2021-03-06,1,0,1,0,274,123,151,2.2
alenaschillerov,2021-03-05,5,4,1,78,320,272,48,13.8
AndrejBabis,2021-03-05,11,4,7,327,790,127,663,23.2
general_pavel,2021-03-05,3,3,0,2151,49,49,0,25.1
honzabartosek,2021-03-05,4,4,0,281,113,113,0,9
Jan_Skopecek,2021-03-05,1,1,0,137,120,104,16,13.2
JanLipavsky,2021-03-05,9,0,9,0,478,94,384,10.4
jhamacek,2021-03-05,2,1,1,115,183,146,37,23.1
kalousekm,2021-03-05,4,4,0,8500,633,617,16,388.7
KarelHavlicek_,2021-03-05,7,7,0,95,214,138,76,6.9
kducsl,2021-03-05,24,3,21,170,1237,100,1137,3.1
Kuba_Martin,2021-03-05,11,11,0,3585,631,631,0,65
market_a,2021-03-05,5,4,1,4456,256,214,42,196.9
MartinBaxa2,2021-03-05,1,1,0,181,45,45,0,17.4
MJureka,2021-03-05,11,10,1,539,443,368,75,58.1
ODScz,2021-03-05,9,0,9,0,939,298,641,35.7
olgarichterova,2021-03-05,4,4,0,239,251,250,1,13.2
P_Fiala,2021-03-05,4,0,4,0,187,144,43,54.1
PiratIvanBartos,2021-03-05,2,1,1,345,194,177,17,76.9
PiratskaStrana,2021-03-05,13,10,3,1028,513,242,271,18.8
Pospisil_Jiri,2021-03-05,1,1,0,114,159,132,27,25.5
SpoluKoalice,2021-03-05,9,1,8,170,569,70,499,13.4
STANcz,2021-03-05,7,1,6,104,223,67,156,3.5
TomasCzernin,2021-03-05,1,1,0,198,39,38,1,19.9
TomasZdechovsky,2021-03-05,30,18,12,1105,1717,1223,494,71.9
tomio_cz,2021-03-05,7,7,0,253,266,266,0,11.7
TOP09cz,2021-03-05,18,0,18,0,890,34,856,4.9
VeslavM,2021-03-05,10,10,0,6,87,84,3,2
Vit_Rakusan,2021-03-05,1,1,0,197,59,53,6,36.8
vonpecka,2021-03-05,2,2,0,254,220,174,46,5.3
ZdenekHrib,2021-03-05,1,1,0,84,309,280,29,61.3
zeleni_cz,2021-03-05,2,1,1,27,273,123,150,2.2
alenaschillerov,2021-03-04,7,7,0,128,315,268,47,13.7
AndrejBabis,2021-03-04,12,2,10,488,779,123,656,22.9
czKSCM,2021-03-04,1,0,1,0,38,9,29,0.1
general_pavel,2021-03-04,1,1,0,1201,46,46,0,22.9
honzabartosek,2021-03-04,1,1,0,51,109,109,0,8.7
Jan_Skopecek,2021-03-04,1,1,0,1269,119,103,16,13.1
JanLipavsky,2021-03-04,5,0,5,0,469,94,375,10.4
jhamacek,2021-03-04,2,1,1,148,181,145,36,23
kalousekm,2021-03-04,5,5,0,1253,629,613,16,380.2
KarelHavlicek_,2021-03-04,3,2,1,95,207,131,76,6.8
kducsl,2021-03-04,31,3,28,70,1213,97,1116,2.9
Kuba_Martin,2021-03-04,5,5,0,17,620,620,0,61.5
makupka,2021-03-04,1,1,0,1094,51,43,8,30.8
market_a,2021-03-04,6,5,1,5999,251,210,41,192.5
MartinBaxa2,2021-03-04,1,1,0,46,44,44,0,17.3
milionchvilek,2021-03-04,2,1,1,491,21,16,5,2.2
MJureka,2021-03-04,7,6,1,1151,432,358,74,57.6
ODScz,2021-03-04,21,8,13,14,930,298,632,35.7
olgarichterova,2021-03-04,8,8,0,647,247,246,1,13
P_Fiala,2021-03-04,8,8,0,2223,183,144,39,54.1
PavelSehnal64,2021-03-04,1,1,0,17,17,17,0,0.3
PiratIvanBartos,2021-03-04,7,7,0,3761,192,176,16,76.5
PiratskaStrana,2021-03-04,9,1,8,181,500,232,268,17.8
Pospisil_Jiri,2021-03-04,3,2,1,405,158,131,27,25.4
SpoluKoalice,2021-03-04,21,4,17,239,560,69,491,13.3
STANcz,2021-03-04,3,1,2,229,216,66,150,3.4
TomasZdechovsky,2021-03-04,32,19,13,1004,1687,1205,482,70.8
tomio_cz,2021-03-04,9,9,0,489,259,259,0,11.5
TOP09cz,2021-03-04,19,0,19,0,872,34,838,4.9
VeslavM,2021-03-04,2,2,0,12,77,74,3,2
volimtrikoloru,2021-03-04,7,7,0,583,38,36,2,1.4
vonpecka,2021-03-04,10,8,2,78,218,172,46,5.1
ZdenekHrib,2021-03-04,2,2,0,1093,308,279,29,61.2
zeleni_cz,2021-03-04,2,1,1,16,271,122,149,2.2
alenaschillerov,2021-03-03,6,6,0,108,308,261,47,13.6
AndrejBabis,2021-03-03,14,3,11,1448,767,121,646,22.4
general_pavel,2021-03-03,4,4,0,5699,45,45,0,21.7
honzabartosek,2021-03-03,10,10,0,174,108,108,0,8.6
jana_cernochova,2021-03-03,3,3,0,106,123,113,10,5.6
JanLipavsky,2021-03-03,15,4,11,153,464,94,370,10.4
jhamacek,2021-03-03,3,3,0,778,179,144,35,22.8
kalousekm,2021-03-03,15,15,0,10945,624,608,16,379
KarelHavlicek_,2021-03-03,5,2,3,163,204,129,75,6.7
kducsl,2021-03-03,25,3,22,10,1182,94,1088,2.9
Kuba_Martin,2021-03-03,7,7,0,63,615,615,0,61.4
makupka,2021-03-03,1,1,0,2000,50,42,8,29.7
market_a,2021-03-03,7,6,1,3001,245,205,40,186.5
MartinBaxa2,2021-03-03,2,2,0,2361,43,43,0,17.2
milionchvilek,2021-03-03,2,1,1,178,19,15,4,1.7
MJureka,2021-03-03,6,5,1,1793,425,352,73,56.5
ODScz,2021-03-03,25,11,14,19,909,290,619,35.7
olgarichterova,2021-03-03,6,6,0,45,239,238,1,12.3
P_Fiala,2021-03-03,4,3,1,1788,175,136,39,51.9
PiratskaStrana,2021-03-03,14,7,7,189,491,231,260,17.6
Pospisil_Jiri,2021-03-03,1,1,0,614,155,129,26,25
SpoluKoalice,2021-03-03,18,2,16,195,539,65,474,13
STANcz,2021-03-03,3,0,3,0,213,65,148,3.1
TomasCzernin,2021-03-03,1,1,0,97,38,37,1,19.7
TomasZdechovsky,2021-03-03,33,25,8,1455,1655,1186,469,69.8
tomio_cz,2021-03-03,6,6,0,69,250,250,0,11
TOP09cz,2021-03-03,24,1,23,11,853,34,819,4.9
Vit_Rakusan,2021-03-03,2,2,0,222,58,52,6,36.6
volimtrikoloru,2021-03-03,1,0,1,0,31,29,2,0.8
vonpecka,2021-03-03,5,5,0,26,208,164,44,5
ZdenekHrib,2021-03-03,3,2,1,228,306,277,29,60.1
zeleni_cz,2021-03-03,5,2,3,55,269,121,148,2.2
alenaschillerov,2021-03-02,10,8,2,159,302,255,47,13.5
AndrejBabis,2021-03-02,16,1,15,352,753,118,635,21
honzabartosek,2021-03-02,5,5,0,205,98,98,0,8.5
Jan_Skopecek,2021-03-02,4,3,1,1008,118,102,16,11.8
jana_cernochova,2021-03-02,4,4,0,234,120,110,10,5.5
JanLipavsky,2021-03-02,6,1,5,578,449,90,359,10.3
jhamacek,2021-03-02,3,1,2,197,176,141,35,22
kalousekm,2021-03-02,17,16,1,9030,609,593,16,368
KarelHavlicek_,2021-03-02,1,1,0,201,199,127,72,6.5
kducsl,2021-03-02,27,6,21,281,1157,91,1066,2.9
Kuba_Martin,2021-03-02,6,6,0,26,608,608,0,61.4
makupka,2021-03-02,2,2,0,868,49,41,8,27.7
market_a,2021-03-02,5,5,0,2825,238,199,39,183.5
MartinBaxa2,2021-03-02,2,2,0,681,41,41,0,14.9
metnarl,2021-03-02,1,1,0,40,17,15,2,1.5
milionchvilek,2021-03-02,1,1,0,158,17,14,3,1.6
MJureka,2021-03-02,10,10,0,1478,419,347,72,54.7
ODScz,2021-03-02,14,0,14,0,884,279,605,35.7
olgarichterova,2021-03-02,6,6,0,627,233,232,1,12.3
P_Fiala,2021-03-02,3,2,1,465,171,133,38,50.1
PavelSehnal64,2021-03-02,1,1,0,213,16,16,0,0.2
PiratIvanBartos,2021-03-02,2,2,0,18,185,169,16,72.8
PiratskaStrana,2021-03-02,40,36,4,449,477,224,253,17.4
Pospisil_Jiri,2021-03-02,5,5,0,691,154,128,26,24.4
SpoluKoalice,2021-03-02,25,0,25,0,521,63,458,12.8
STANcz,2021-03-02,4,0,4,0,210,65,145,3.1
TomasCzernin,2021-03-02,2,2,0,1053,37,36,1,19.6
TomasZdechovsky,2021-03-02,67,50,17,1427,1622,1161,461,68.4
tomio_cz,2021-03-02,12,12,0,404,244,244,0,10.9
TOP09cz,2021-03-02,14,1,13,9,829,33,796,4.9
Vit_Rakusan,2021-03-02,2,2,0,427,56,50,6,36.3
vonpecka,2021-03-02,6,6,0,156,203,159,44,5
ZdenekHrib,2021-03-02,5,5,0,704,303,275,28,59.9
zeleni_cz,2021-03-02,1,1,0,34,264,119,145,2.1
alenaschillerov,2021-03-01,6,6,0,175,292,247,45,13.3
AndrejBabis,2021-03-01,19,5,14,528,737,117,620,20.6
honzabartosek,2021-03-01,8,8,0,246,93,93,0,8.2
Jan_Skopecek,2021-03-01,3,3,0,390,114,99,15,10.8
jana_cernochova,2021-03-01,5,5,0,880,116,106,10,5.3
JanLipavsky,2021-03-01,2,0,2,0,443,89,354,9.7
jhamacek,2021-03-01,5,3,2,250,173,140,33,21.8
kalousekm,2021-03-01,12,11,1,4853,592,577,15,359
KarelHavlicek_,2021-03-01,2,1,1,163,198,126,72,6.3
kducsl,2021-03-01,25,2,23,36,1130,85,1045,2.6
Kuba_Martin,2021-03-01,11,11,0,8,602,602,0,61.3
makupka,2021-03-01,2,1,1,3378,47,39,8,26.8
market_a,2021-03-01,2,2,0,5662,233,194,39,180.7
MartinBaxa2,2021-03-01,1,1,0,426,39,39,0,14.2
MJureka,2021-03-01,10,10,0,858,409,337,72,53.2
ODScz,2021-03-01,21,9,12,94,870,279,591,35.7
olgarichterova,2021-03-01,6,6,0,173,227,226,1,11.6
P_Fiala,2021-03-01,2,2,0,2590,168,131,37,49.6
PiratIvanBartos,2021-03-01,13,12,1,1536,183,167,16,72.8
PiratskaStrana,2021-03-01,6,1,5,199,437,188,249,17
Pospisil_Jiri,2021-03-01,1,1,0,247,149,123,26,23.7
SpoluKoalice,2021-03-01,15,1,14,136,496,63,433,12.8
STANcz,2021-03-01,3,1,2,28,206,65,141,3.1
TomasCzernin,2021-03-01,1,1,0,97,35,34,1,18.5
TomasZdechovsky,2021-03-01,33,22,11,1260,1555,1111,444,66.9
tomio_cz,2021-03-01,1,1,0,11,232,232,0,10.5
TOP09cz,2021-03-01,2,0,2,0,815,32,783,4.9
Vit_Rakusan,2021-03-01,4,3,1,529,54,48,6,35.9
vonpecka,2021-03-01,4,3,1,33,197,153,44,4.8
ZdenekHrib,2021-03-01,2,2,0,3,298,270,28,59.2
zeleni_cz,2021-03-01,2,2,0,85,263,118,145,2.1
alenaschillerov,2021-02-28,6,4,2,85,286,241,45,13.1
AndrejBabis,2021-02-28,6,3,3,790,718,112,606,20.1
honzabartosek,2021-02-28,1,1,0,31,85,85,0,8
Jan_Skopecek,2021-02-28,2,2,0,104,111,96,15,10.4
jhamacek,2021-02-28,4,3,1,178,168,137,31,21.6
kalousekm,2021-02-28,15,15,0,20480,580,566,14,354.2
kducsl,2021-02-28,18,3,15,49,1105,83,1022,2.5
Kuba_Martin,2021-02-28,1,1,0,537,591,591,0,61.3
makupka,2021-02-28,1,0,1,0,45,38,7,23.4
market_a,2021-02-28,3,3,0,1918,231,192,39,175
MJureka,2021-02-28,6,6,0,1061,399,327,72,52.3
ODScz,2021-02-28,25,20,5,2063,849,270,579,35.6
olgarichterova,2021-02-28,2,2,0,61,221,220,1,11.5
PiratskaStrana,2021-02-28,1,1,0,77,431,187,244,16.8
Pospisil_Jiri,2021-02-28,4,4,0,1180,148,122,26,23.4
RobertSlachta,2021-02-28,3,3,0,238,61,45,16,1.6
SpoluKoalice,2021-02-28,13,0,13,0,481,62,419,12.7
STANcz,2021-02-28,2,0,2,0,203,64,139,3.1
TomasCzernin,2021-02-28,1,1,0,255,34,33,1,18.4
TomasZdechovsky,2021-02-28,23,16,7,5968,1522,1089,433,65.7
tomio_cz,2021-02-28,2,2,0,89,231,231,0,10.5
TOP09cz,2021-02-28,12,1,11,286,813,32,781,4.9
vonpecka,2021-02-28,2,0,2,0,193,150,43,4.8
ZdenekHrib,2021-02-28,6,6,0,201,296,268,28,59.2
zeleni_cz,2021-02-28,2,0,2,0,261,116,145,2
alenaschillerov,2021-02-27,3,3,0,151,280,237,43,13.1
AndrejBabis,2021-02-27,12,3,9,302,712,109,603,19.3
czKSCM,2021-02-27,1,1,0,9,37,9,28,0.1
honzabartosek,2021-02-27,2,2,0,438,84,84,0,8
Jan_Skopecek,2021-02-27,9,9,0,533,109,94,15,10.3
jana_cernochova,2021-02-27,20,20,0,81,111,101,10,4.4
JanLipavsky,2021-02-27,8,1,7,14,441,89,352,9.7
jhamacek,2021-02-27,3,2,1,940,164,134,30,21.4
kalousekm,2021-02-27,11,11,0,8987,565,551,14,333.7
KarelHavlicek_,2021-02-27,2,2,0,231,196,125,71,6.1
kducsl,2021-02-27,15,0,15,0,1087,80,1007,2.5
Kuba_Martin,2021-02-27,1,1,0,810,590,590,0,60.8
market_a,2021-02-27,3,3,0,1600,228,189,39,173.1
MartinBaxa2,2021-02-27,1,1,0,567,38,38,0,13.8
MJureka,2021-02-27,7,7,0,650,393,321,72,51.3
ODScz,2021-02-27,9,0,9,0,824,250,574,33.5
olgarichterova,2021-02-27,4,4,0,297,219,218,1,11.4
P_Fiala,2021-02-27,3,3,0,2101,166,129,37,47
PiratskaStrana,2021-02-27,3,2,1,196,430,186,244,16.7
SpoluKoalice,2021-02-27,10,0,10,0,468,62,406,12.7
STANcz,2021-02-27,2,1,1,23,201,64,137,3.1
TomasZdechovsky,2021-02-27,17,11,6,1329,1499,1073,426,59.7
tomio_cz,2021-02-27,8,8,0,361,229,229,0,10.4
TOP09cz,2021-02-27,10,0,10,0,801,31,770,4.6
VeslavM,2021-02-27,1,1,0,15,75,72,3,2
vonpecka,2021-02-27,1,1,0,8,191,150,41,4.8
ZdenekHrib,2021-02-27,5,4,1,1465,290,262,28,59
zeleni_cz,2021-02-27,1,0,1,0,259,116,143,2
alenaschillerov,2021-02-26,8,8,0,219,277,234,43,12.9
AndrejBabis,2021-02-26,13,1,12,209,700,106,594,19
czKSCM,2021-02-26,1,0,1,0,36,8,28,0.1
general_pavel,2021-02-26,1,1,0,200,41,41,0,16
honzabartosek,2021-02-26,7,7,0,650,82,82,0,7.5
Jan_Skopecek,2021-02-26,6,5,1,526,100,85,15,9.8
jana_cernochova,2021-02-26,5,4,1,73,91,81,10,4.3
JanLipavsky,2021-02-26,7,0,7,0,433,88,345,9.7
jhamacek,2021-02-26,3,1,2,622,161,132,29,20.5
kalousekm,2021-02-26,6,6,0,7895,554,540,14,324.7
KarelHavlicek_,2021-02-26,5,4,1,138,194,123,71,5.9
kducsl,2021-02-26,34,5,29,488,1072,80,992,2.5
Kuba_Martin,2021-02-26,1,1,0,0,589,589,0,60
makupka,2021-02-26,1,1,0,2499,44,38,6,23.4
market_a,2021-02-26,7,5,2,4449,225,186,39,171.5
metnarl,2021-02-26,1,0,1,0,16,14,2,1.5
MJureka,2021-02-26,21,20,1,4859,386,314,72,50.6
ODScz,2021-02-26,33,13,20,26,815,250,565,33.5
olgarichterova,2021-02-26,2,2,0,52,215,214,1,11.1
P_Fiala,2021-02-26,7,7,0,2445,163,126,37,44.9
PiratIvanBartos,2021-02-26,13,13,0,4230,170,155,15,71.2
PiratskaStrana,2021-02-26,11,1,10,86,427,184,243,16.5
Pospisil_Jiri,2021-02-26,2,2,0,729,144,118,26,22.3
RobertSlachta,2021-02-26,1,1,0,61,58,42,16,1.4
SpoluKoalice,2021-02-26,29,1,28,148,458,62,396,12.7
STANcz,2021-02-26,2,0,2,0,199,63,136,3.1
TomasZdechovsky,2021-02-26,15,10,5,3371,1482,1062,420,58.4
tomio_cz,2021-02-26,3,3,0,124,221,221,0,10.1
TOP09cz,2021-02-26,21,1,20,1032,791,31,760,4.6
Vit_Rakusan,2021-02-26,2,2,0,3682,50,45,5,35.4
Zbynek_Stanjura,2021-02-26,1,1,0,2315,5,5,0,5.8
ZdenekHrib,2021-02-26,3,3,0,1194,285,258,27,57.5
zeleni_cz,2021-02-26,1,0,1,0,258,116,142,2
alenaschillerov,2021-02-25,4,4,0,73,269,226,43,12.7
AndrejBabis,2021-02-25,13,3,10,704,687,105,582,18.8
general_pavel,2021-02-25,1,1,0,205,40,40,0,15.8
honzabartosek,2021-02-25,5,5,0,100,75,75,0,6.9
Jan_Skopecek,2021-02-25,3,3,0,224,94,80,14,9.3
jhamacek,2021-02-25,2,1,1,74,158,131,27,19.8
kalousekm,2021-02-25,4,4,0,3732,548,534,14,316.8
KarelHavlicek_,2021-02-25,4,3,1,145,189,119,70,5.8
kducsl,2021-02-25,26,7,19,144,1038,75,963,2
Kuba_Martin,2021-02-25,1,1,0,0,588,588,0,60
makupka,2021-02-25,1,0,1,0,43,37,6,20.9
market_a,2021-02-25,3,3,0,6862,218,181,37,167
metnarl,2021-02-25,1,1,0,113,15,14,1,1.5
MJureka,2021-02-25,10,9,1,2074,365,294,71,45.8
ODScz,2021-02-25,27,14,13,561,782,237,545,33.5
olgarichterova,2021-02-25,8,8,0,55,213,212,1,11.1
P_Fiala,2021-02-25,3,3,0,1435,156,119,37,42.5
PavelSehnal64,2021-02-25,3,3,0,9,15,15,0,0
PiratskaStrana,2021-02-25,6,2,4,191,416,183,233,16.4
Pospisil_Jiri,2021-02-25,2,1,1,289,142,116,26,21.5
RobertSlachta,2021-02-25,1,1,0,42,57,41,16,1.3
SpoluKoalice,2021-02-25,16,1,15,523,429,61,368,12.5
STANcz,2021-02-25,1,1,0,19,197,63,134,3.1
TomasZdechovsky,2021-02-25,22,15,7,963,1467,1052,415,55
tomio_cz,2021-02-25,2,2,0,120,218,218,0,9.9
TOP09cz,2021-02-25,10,0,10,0,770,30,740,3.6
vonpecka,2021-02-25,8,8,0,252,190,149,41,4.8
ZdenekHrib,2021-02-25,1,1,0,34,282,255,27,56.3
zeleni_cz,2021-02-25,3,2,1,17,257,116,141,2
alenaschillerov,2021-02-24,5,5,0,135,265,222,43,12.6
AndrejBabis,2021-02-24,12,0,12,0,674,102,572,18.1
Jan_Skopecek,2021-02-24,1,1,0,228,91,77,14,9.1
jana_cernochova,2021-02-24,1,1,0,308,86,77,9,4.2
JanLipavsky,2021-02-24,5,0,5,0,426,88,338,9.7
jhamacek,2021-02-24,1,1,0,231,156,130,26,19.8
kalousekm,2021-02-24,18,18,0,4979,544,530,14,313.1
KarelHavlicek_,2021-02-24,3,2,1,284,185,116,69,5.6
kducsl,2021-02-24,23,2,21,38,1012,68,944,1.9
Kuba_Martin,2021-02-24,23,23,0,2125,587,587,0,60
makupka,2021-02-24,1,1,0,916,42,37,5,20.9
market_a,2021-02-24,2,1,1,1541,215,178,37,160.2
milionchvilek,2021-02-24,1,1,0,223,16,13,3,1.4
MJureka,2021-02-24,12,10,2,1781,355,285,70,43.7
ODScz,2021-02-24,22,10,12,540,755,223,532,32.9
P_Fiala,2021-02-24,5,4,1,1362,153,116,37,41
PavelSehnal64,2021-02-24,1,1,0,3,12,12,0,0
PiratIvanBartos,2021-02-24,5,5,0,629,157,142,15,67
PiratskaStrana,2021-02-24,6,2,4,111,410,181,229,16.2
Pospisil_Jiri,2021-02-24,1,1,0,99,140,115,25,21.2
SpoluKoalice,2021-02-24,18,0,18,0,413,60,353,12
STANcz,2021-02-24,3,2,1,65,196,62,134,3.1
TomasCzernin,2021-02-24,1,1,0,335,33,32,1,18.2
TomasZdechovsky,2021-02-24,32,18,14,1069,1445,1037,408,54
tomio_cz,2021-02-24,5,5,0,49,216,216,0,9.8
TOP09cz,2021-02-24,14,1,13,97,760,30,730,3.6
VeslavM,2021-02-24,1,1,0,4,74,71,3,2
Vit_Rakusan,2021-02-24,2,2,0,432,48,43,5,31.7
ZdenekHrib,2021-02-24,2,1,1,1618,281,254,27,56.3
zeleni_cz,2021-02-24,1,0,1,0,254,114,140,2
alenaschillerov,2021-02-23,14,13,1,168,260,217,43,12.5
AndrejBabis,2021-02-23,17,6,11,395,662,102,560,18.1
general_pavel,2021-02-23,1,1,0,695,39,39,0,15.6
honzabartosek,2021-02-23,1,1,0,89,70,70,0,6.8
jana_cernochova,2021-02-23,7,7,0,109,85,76,9,3.9
JanLipavsky,2021-02-23,3,0,3,0,421,88,333,9.7
jhamacek,2021-02-23,2,1,1,2235,155,129,26,19.5
kalousekm,2021-02-23,5,5,0,7889,526,512,14,308.1
KarelHavlicek_,2021-02-23,3,3,0,104,182,114,68,5.3
kducsl,2021-02-23,26,3,23,107,989,66,923,1.8
Kuba_Martin,2021-02-23,6,6,0,421,564,564,0,57.9
makupka,2021-02-23,1,1,0,1419,41,36,5,20
market_a,2021-02-23,5,5,0,2583,213,177,36,158.6
MartinBaxa2,2021-02-23,1,1,0,245,37,37,0,13.2
MJureka,2021-02-23,6,6,0,438,343,275,68,41.9
ODScz,2021-02-23,29,17,12,1036,733,213,520,32.4
P_Fiala,2021-02-23,4,4,0,533,148,112,36,39.7
PiratIvanBartos,2021-02-23,1,1,0,226,152,137,15,66.4
PiratskaStrana,2021-02-23,7,0,7,0,404,179,225,16.1
Pospisil_Jiri,2021-02-23,1,1,0,487,139,114,25,21.1
RobertSlachta,2021-02-23,3,3,0,77,56,40,16,1.3
SpoluKoalice,2021-02-23,17,3,14,244,395,60,335,12
STANcz,2021-02-23,2,2,0,38,193,60,133,3
TomasZdechovsky,2021-02-23,42,29,13,1083,1413,1019,394,53
tomio_cz,2021-02-23,3,3,0,231,211,211,0,9.8
TOP09cz,2021-02-23,20,1,19,43,746,29,717,3.5
VeslavM,2021-02-23,4,4,0,62,73,70,3,2
ZdenekHrib,2021-02-23,1,0,1,0,279,253,26,54.7
zeleni_cz,2021-02-23,2,0,2,0,253,114,139,2
alenaschillerov,2021-02-22,1,1,0,17,246,204,42,12.3
AndrejBabis,2021-02-22,12,1,11,521,645,96,549,17.7
czKSCM,2021-02-22,1,0,1,0,35,8,27,0.1
honzabartosek,2021-02-22,1,1,0,28,69,69,0,6.7
Jan_Skopecek,2021-02-22,1,1,0,60,90,76,14,8.8
jana_cernochova,2021-02-22,5,5,0,21,78,69,9,3.8
JanLipavsky,2021-02-22,3,2,1,43,418,88,330,9.7
jhamacek,2021-02-22,6,3,3,595,153,128,25,17.3
kalousekm,2021-02-22,3,3,0,465,521,507,14,300.2
KarelHavlicek_,2021-02-22,4,2,2,86,179,111,68,5.2
kducsl,2021-02-22,26,1,25,34,963,63,900,1.7
Kuba_Martin,2021-02-22,3,3,0,60,558,558,0,57.4
market_a,2021-02-22,3,3,0,3138,208,172,36,156
MartinBaxa2,2021-02-22,1,1,0,220,36,36,0,12.9
metnarl,2021-02-22,1,1,0,58,14,13,1,1.4
MJureka,2021-02-22,8,8,0,1213,337,269,68,41.5
ODScz,2021-02-22,20,12,8,37,704,196,508,31.4
olgarichterova,2021-02-22,6,6,0,732,205,204,1,11
P_Fiala,2021-02-22,2,2,0,1603,144,108,36,39.1
PiratskaStrana,2021-02-22,7,3,4,154,397,179,218,16.1
Pospisil_Jiri,2021-02-22,3,3,0,416,138,113,25,20.7
SpoluKoalice,2021-02-22,15,0,15,0,378,57,321,11.8
STANcz,2021-02-22,1,1,0,14,191,58,133,3
TomasZdechovsky,2021-02-22,41,35,6,2348,1371,990,381,51.9
tomio_cz,2021-02-22,3,3,0,144,208,208,0,9.5
TOP09cz,2021-02-22,11,0,11,0,726,28,698,3.4
VeslavM,2021-02-22,4,4,0,40,69,66,3,1.9
vojtafilip,2021-02-22,1,1,0,71,25,25,0,1.8
vonpecka,2021-02-22,2,2,0,38,182,141,41,4.5
ZdenekHrib,2021-02-22,3,0,3,0,278,253,25,54.7
zeleni_cz,2021-02-22,3,1,2,30,251,114,137,2
alenaschillerov,2021-02-21,2,1,1,47,245,203,42,12.3
AndrejBabis,2021-02-21,4,1,3,147,633,95,538,17.2
czKSCM,2021-02-21,1,1,0,3,34,8,26,0.1
Jan_Skopecek,2021-02-21,1,1,0,341,89,75,14,8.8
JanLipavsky,2021-02-21,11,3,8,139,415,86,329,9.7
kalousekm,2021-02-21,11,11,0,4736,518,504,14,299.7
KarelHavlicek_,2021-02-21,1,0,1,0,175,109,66,5.2
kducsl,2021-02-21,23,7,16,127,937,62,875,1.7
Kuba_Martin,2021-02-21,3,3,0,1144,555,555,0,57.4
market_a,2021-02-21,2,1,1,1828,205,169,36,152.9
MJureka,2021-02-21,7,7,0,864,329,261,68,40.2
ODScz,2021-02-21,18,12,6,289,684,184,500,31.3
P_Fiala,2021-02-21,1,1,0,245,142,106,36,37.5
PavelSehnal64,2021-02-21,2,2,0,6,11,11,0,0
Pospisil_Jiri,2021-02-21,2,2,0,2244,135,110,25,20.2
RobertSlachta,2021-02-21,1,1,0,16,53,37,16,1.2
SpoluKoalice,2021-02-21,10,0,10,0,363,57,306,11.8
STANcz,2021-02-21,1,0,1,0,190,57,133,2.9
TomasZdechovsky,2021-02-21,21,18,3,742,1330,955,375,49.5
TOP09cz,2021-02-21,6,0,6,0,715,28,687,3.4
VeslavM,2021-02-21,4,3,1,5,65,62,3,1.9
vojtafilip,2021-02-21,2,2,0,108,24,24,0,1.7
vonpecka,2021-02-21,1,1,0,1,180,139,41,4.5
zeleni_cz,2021-02-21,3,1,2,58,248,113,135,2
alenaschillerov,2021-02-20,5,3,2,884,243,202,41,12.2
AndrejBabis,2021-02-20,6,1,5,192,629,94,535,17
general_pavel,2021-02-20,2,2,0,1008,38,38,0,14.9
JanLipavsky,2021-02-20,7,4,3,307,404,83,321,9.5
jhamacek,2021-02-20,6,6,0,703,147,125,22,16.7
kalousekm,2021-02-20,3,3,0,2919,507,493,14,295
KarelHavlicek_,2021-02-20,2,1,1,55,174,109,65,5.2
kducsl,2021-02-20,7,0,7,0,914,55,859,1.5
Kuba_Martin,2021-02-20,20,20,0,508,552,552,0,56.2
makupka,2021-02-20,1,1,0,586,40,35,5,18.6
market_a,2021-02-20,4,3,1,3007,203,168,35,151.1
MartinBaxa2,2021-02-20,1,1,0,329,35,35,0,12.7
MJureka,2021-02-20,3,3,0,588,322,254,68,39.4
ODScz,2021-02-20,8,2,6,0,666,172,494,31
olgarichterova,2021-02-20,9,9,0,24,199,198,1,10.3
P_Fiala,2021-02-20,1,1,0,216,141,105,36,37.3
PiratskaStrana,2021-02-20,1,1,0,72,390,176,214,15.9
Pospisil_Jiri,2021-02-20,1,0,1,0,133,108,25,18
SpoluKoalice,2021-02-20,10,0,10,0,353,57,296,11.8
STANcz,2021-02-20,4,1,3,11,189,57,132,2.9
TomasZdechovsky,2021-02-20,11,6,5,2567,1309,937,372,48.8
tomio_cz,2021-02-20,6,6,0,162,205,205,0,9.4
TOP09cz,2021-02-20,3,0,3,0,709,28,681,3.4
VeslavM,2021-02-20,2,2,0,13,61,59,2,1.9
vonpecka,2021-02-20,4,4,0,4,179,138,41,4.5
zeleni_cz,2021-02-20,1,1,0,77,245,112,133,1.9
alenaschillerov,2021-02-19,3,2,1,59,238,199,39,11.4
AndrejBabis,2021-02-19,4,0,4,0,623,93,530,16.8
honzabartosek,2021-02-19,4,4,0,39,68,68,0,6.7
jana_cernochova,2021-02-19,1,1,0,3,73,64,9,3.8
JanLipavsky,2021-02-19,8,3,5,352,397,79,318,9.2
jhamacek,2021-02-19,4,4,0,386,141,119,22,16
kalousekm,2021-02-19,10,10,0,2426,504,490,14,292.1
KarelHavlicek_,2021-02-19,5,3,2,169,172,108,64,5.1
kducsl,2021-02-19,15,0,15,0,907,55,852,1.5
Kuba_Martin,2021-02-19,10,10,0,109,532,532,0,55.7
market_a,2021-02-19,4,3,1,708,199,165,34,148.1
MartinBaxa2,2021-02-19,3,3,0,914,34,34,0,12.4
MJureka,2021-02-19,4,2,2,43,319,251,68,38.8
ODScz,2021-02-19,11,2,9,3,658,170,488,31
olgarichterova,2021-02-19,2,2,0,245,190,189,1,10.2
P_Fiala,2021-02-19,1,1,0,707,140,104,36,37.1
PiratIvanBartos,2021-02-19,1,1,0,417,151,136,15,66.1
PiratskaStrana,2021-02-19,15,14,1,640,389,175,214,15.9
Pospisil_Jiri,2021-02-19,1,1,0,249,132,108,24,18
SpoluKoalice,2021-02-19,8,1,7,146,343,57,286,11.8
STANcz,2021-02-19,1,1,0,29,185,56,129,2.9
TomasCzernin,2021-02-19,1,1,0,969,32,31,1,17.8
TomasZdechovsky,2021-02-19,25,20,5,1089,1298,931,367,46.2
TOP09cz,2021-02-19,34,2,32,103,706,28,678,3.4
vonpecka,2021-02-19,9,6,3,54,175,134,41,4.5
ZdenekHrib,2021-02-19,14,14,0,4739,275,253,22,54.7
alenaschillerov,2021-02-18,9,8,1,417,235,197,38,11.3
AndrejBabis,2021-02-18,19,0,19,0,619,93,526,16.8
czKSCM,2021-02-18,4,0,4,0,33,7,26,0.1
honzabartosek,2021-02-18,4,4,0,131,64,64,0,6.6
Jan_Skopecek,2021-02-18,3,3,0,670,88,74,14,8.4
JanLipavsky,2021-02-18,10,3,7,295,389,76,313,8.9
jhamacek,2021-02-18,5,5,0,366,137,115,22,15.6
kalousekm,2021-02-18,21,20,1,9168,494,480,14,289.7
KarelHavlicek_,2021-02-18,2,2,0,78,167,105,62,4.9
kducsl,2021-02-18,43,3,40,81,892,55,837,1.5
Kuba_Martin,2021-02-18,29,29,0,101,522,522,0,55.6
makupka,2021-02-18,2,2,0,251,39,34,5,18
market_a,2021-02-18,7,6,1,5551,195,162,33,147.4
MartinBaxa2,2021-02-18,1,1,0,797,31,31,0,11.5
metnarl,2021-02-18,1,1,0,48,13,12,1,1.3
MJureka,2021-02-18,8,7,1,1986,315,249,66,38.8
ODScz,2021-02-18,28,14,14,62,647,168,479,31
olgarichterova,2021-02-18,2,2,0,151,188,187,1,10
P_Fiala,2021-02-18,9,5,4,1443,139,103,36,36.4
PavelSehnal64,2021-02-18,2,2,0,2,9,9,0,0
PiratIvanBartos,2021-02-18,12,11,1,1337,150,135,15,65.7
PiratskaStrana,2021-02-18,16,1,15,61,374,161,213,15.2
Pospisil_Jiri,2021-02-18,3,3,0,402,131,107,24,17.8
RobertSlachta,2021-02-18,5,5,0,230,52,36,16,1.2
SpoluKoalice,2021-02-18,24,2,22,430,335,56,279,11.6
STANcz,2021-02-18,4,3,1,57,184,55,129,2.9
TomasCzernin,2021-02-18,1,1,0,126,31,30,1,16.9
TomasZdechovsky,2021-02-18,20,10,10,467,1273,911,362,45.1
tomio_cz,2021-02-18,8,8,0,211,199,199,0,9.2
TOP09cz,2021-02-18,23,0,23,0,672,26,646,3.3
VeslavM,2021-02-18,1,1,0,4,59,57,2,1.9
vojtafilip,2021-02-18,1,1,0,82,22,22,0,1.6
volimtrikoloru,2021-02-18,2,2,0,130,30,29,1,0.8
vonpecka,2021-02-18,3,2,1,19,166,128,38,4.4
ZdenekHrib,2021-02-18,2,0,2,0,261,239,22,49.9
zeleni_cz,2021-02-18,4,1,3,28,244,111,133,1.8
alenaschillerov,2021-02-17,4,3,1,100,226,189,37,10.9
AndrejBabis,2021-02-17,11,0,11,0,600,93,507,16.8
general_pavel,2021-02-17,1,1,0,269,36,36,0,13.9
honzabartosek,2021-02-17,2,2,0,184,60,60,0,6.5
Jan_Skopecek,2021-02-17,2,2,0,68,85,71,14,7.8
JanLipavsky,2021-02-17,13,2,11,30,379,73,306,8.6
jhamacek,2021-02-17,2,2,0,19,132,110,22,15.3
kalousekm,2021-02-17,6,6,0,6429,473,460,13,280.5
KarelHavlicek_,2021-02-17,7,3,4,109,165,103,62,4.9
kducsl,2021-02-17,15,1,14,13,849,52,797,1.5
Kuba_Martin,2021-02-17,23,23,0,812,493,493,0,55.5
makupka,2021-02-17,1,1,0,106,37,32,5,17.8
market_a,2021-02-17,6,5,1,3287,188,156,32,141.8
metnarl,2021-02-17,1,1,0,72,12,11,1,1.3
MJureka,2021-02-17,8,7,1,1692,307,242,65,36.8
ODScz,2021-02-17,24,8,16,31,619,154,465,31
olgarichterova,2021-02-17,1,1,0,79,186,185,1,9.9
P_Fiala,2021-02-17,10,6,4,339,130,98,32,34.9
PiratIvanBartos,2021-02-17,5,4,1,747,138,124,14,64.4
PiratskaStrana,2021-02-17,12,3,9,69,358,160,198,15.2
Pospisil_Jiri,2021-02-17,1,1,0,125,128,104,24,17.3
RobertSlachta,2021-02-17,1,1,0,4,47,31,16,1
SpoluKoalice,2021-02-17,16,0,16,0,311,54,257,11.2
STANcz,2021-02-17,3,1,2,27,180,52,128,2.8
TomasCzernin,2021-02-17,1,1,0,268,30,29,1,16.7
TomasZdechovsky,2021-02-17,23,14,9,661,1253,901,352,44.7
tomio_cz,2021-02-17,7,7,0,151,191,191,0,9
TOP09cz,2021-02-17,14,0,14,0,649,26,623,3.3
VeslavM,2021-02-17,2,2,0,7,58,56,2,1.9
volimtrikoloru,2021-02-17,6,6,0,96,28,27,1,0.7
vonpecka,2021-02-17,5,3,2,93,163,126,37,4.4
ZdenekHrib,2021-02-17,2,0,2,0,259,239,20,49.9
alenaschillerov,2021-02-16,6,6,0,261,222,186,36,10.8
AndrejBabis,2021-02-16,11,1,10,286,589,93,496,16.8
Jan_Skopecek,2021-02-16,1,1,0,292,83,69,14,7.7
jana_cernochova,2021-02-16,3,3,0,427,72,63,9,3.8
JanLipavsky,2021-02-16,21,9,12,2288,366,71,295,8.5
jhamacek,2021-02-16,5,5,0,250,130,108,22,15.2
kalousekm,2021-02-16,14,14,0,8920,467,454,13,274.1
KarelHavlicek_,2021-02-16,5,4,1,335,158,100,58,4.7
kducsl,2021-02-16,20,0,20,0,834,51,783,1.5
Kuba_Martin,2021-02-16,26,26,0,131,470,470,0,54.7
makupka,2021-02-16,1,0,1,0,36,31,5,17.7
market_a,2021-02-16,6,4,2,2276,182,151,31,138.5
MJureka,2021-02-16,8,4,4,618,299,235,64,35.1
ODScz,2021-02-16,24,13,11,2869,595,146,449,30.9
P_Fiala,2021-02-16,11,5,6,1019,120,92,28,34.6
PavelSehnal64,2021-02-16,4,4,0,9,7,7,0,0
PiratIvanBartos,2021-02-16,9,9,0,2940,133,120,13,63.6
PiratskaStrana,2021-02-16,11,1,10,367,346,157,189,15.1
Pospisil_Jiri,2021-02-16,3,3,0,220,127,103,24,17.2
SpoluKoalice,2021-02-16,23,2,21,351,295,54,241,11.2
STANcz,2021-02-16,5,3,2,227,177,51,126,2.8
TomasZdechovsky,2021-02-16,21,17,4,1211,1230,887,343,44
tomio_cz,2021-02-16,3,3,0,43,184,184,0,8.9
TOP09cz,2021-02-16,21,1,20,3,635,26,609,3.3
Vit_Rakusan,2021-02-16,1,1,0,1959,46,41,5,31.3
volimtrikoloru,2021-02-16,9,9,0,121,22,21,1,0.6
vonpecka,2021-02-16,2,2,0,23,158,123,35,4.3
ZdenekHrib,2021-02-16,17,17,0,2434,257,239,18,49.9
zeleni_cz,2021-02-16,6,1,5,155,240,110,130,1.8
alenaschillerov,2021-02-15,10,9,1,391,216,180,36,10.5
AndrejBabis,2021-02-15,14,1,13,399,578,92,486,16.5
czKSCM,2021-02-15,1,0,1,0,29,7,22,0.1
honzabartosek,2021-02-15,1,1,0,3,58,58,0,6.3
Jan_Skopecek,2021-02-15,3,3,0,569,82,68,14,7.4
JanLipavsky,2021-02-15,6,1,5,35,345,62,283,6.2
jhamacek,2021-02-15,3,3,0,489,125,103,22,15
KarelHavlicek_,2021-02-15,4,4,0,92,153,96,57,4.4
kducsl,2021-02-15,7,0,7,0,814,51,763,1.5
Kuba_Martin,2021-02-15,17,17,0,132,444,444,0,54.6
market_a,2021-02-15,5,4,1,6027,176,147,29,136.2
MJureka,2021-02-15,5,2,3,648,291,231,60,34.5
ODScz,2021-02-15,7,3,4,1080,571,133,438,28.1
olgarichterova,2021-02-15,8,8,0,243,185,184,1,9.8
P_Fiala,2021-02-15,2,0,2,0,109,87,22,33.6
PavelSehnal64,2021-02-15,1,1,0,2,3,3,0,0
PiratIvanBartos,2021-02-15,1,1,0,1126,124,111,13,60.7
PiratskaStrana,2021-02-15,4,1,3,531,335,156,179,14.7
Pospisil_Jiri,2021-02-15,3,3,0,362,124,100,24,17
RobertSlachta,2021-02-15,1,0,1,0,46,30,16,1
SpoluKoalice,2021-02-15,7,1,6,197,272,52,220,10.9
STANcz,2021-02-15,1,0,1,0,172,48,124,2.6
TomasZdechovsky,2021-02-15,15,10,5,437,1209,870,339,42.8
tomio_cz,2021-02-15,4,4,0,190,181,181,0,8.8
TOP09cz,2021-02-15,9,0,9,0,614,25,589,3.3
VeslavM,2021-02-15,1,0,1,0,56,54,2,1.9
vojtafilip,2021-02-15,1,1,0,53,21,21,0,1.5
volimtrikoloru,2021-02-15,2,1,1,31,13,12,1,0.5
vonpecka,2021-02-15,1,1,0,51,156,121,35,4.3
ZdenekHrib,2021-02-15,2,2,0,95,240,222,18,47.5
zeleni_cz,2021-02-15,2,0,2,0,234,109,125,1.6
alenaschillerov,2021-02-14,3,2,1,398,206,171,35,10.1
AndrejBabis,2021-02-14,12,2,10,470,564,91,473,16.1
general_pavel,2021-02-14,3,3,0,338,35,35,0,13.6
JanLipavsky,2021-02-14,17,0,17,0,339,61,278,6.2
jhamacek,2021-02-14,15,13,2,943,122,100,22,14.5
kalousekm,2021-02-14,22,22,0,20182,453,440,13,265.1
KarelHavlicek_,2021-02-14,1,0,1,0,149,92,57,4.3
kducsl,2021-02-14,38,2,36,265,807,51,756,1.5
Kuba_Martin,2021-02-14,72,72,0,2761,427,427,0,54.4
market_a,2021-02-14,3,2,1,3027,171,143,28,130.2
MartinBaxa2,2021-02-14,2,2,0,626,30,30,0,10.7
MJureka,2021-02-14,23,13,10,2577,286,229,57,33.8
ODScz,2021-02-14,23,5,18,395,564,130,434,27
olgarichterova,2021-02-14,2,2,0,50,177,176,1,9.5
P_Fiala,2021-02-14,6,6,0,744,107,87,20,33.6
PiratIvanBartos,2021-02-14,2,2,0,2002,123,110,13,59.6
PiratskaStrana,2021-02-14,12,3,9,1277,331,155,176,14.2
Pospisil_Jiri,2021-02-14,3,1,2,115,121,97,24,16.6
RobertSlachta,2021-02-14,2,2,0,80,45,30,15,1
SpoluKoalice,2021-02-14,33,12,21,2724,265,51,214,10.7
STANcz,2021-02-14,4,2,2,570,171,48,123,2.6
TomasZdechovsky,2021-02-14,31,19,12,1787,1194,860,334,42.4
tomio_cz,2021-02-14,5,5,0,338,177,177,0,8.6
TOP09cz,2021-02-14,10,1,9,68,605,25,580,3.3
VeslavM,2021-02-14,6,6,0,14,55,54,1,1.9
Vit_Rakusan,2021-02-14,2,2,0,4546,45,40,5,29.3
vojtafilip,2021-02-14,2,2,0,187,20,20,0,1.5
vonpecka,2021-02-14,1,1,0,129,155,120,35,4.2
ZdenekHrib,2021-02-14,5,4,1,4161,238,220,18,47.4
AndrejBabis,2021-02-13,4,3,1,558,552,89,463,15.7
honzabartosek,2021-02-13,2,2,0,139,57,57,0,6.3
Jan_Skopecek,2021-02-13,1,1,0,374,79,65,14,6.8
jana_cernochova,2021-02-13,12,12,0,321,69,60,9,3.4
JanLipavsky,2021-02-13,9,1,8,14,322,61,261,6.2
jhamacek,2021-02-13,4,4,0,61,107,87,20,13.6
kalousekm,2021-02-13,5,4,1,5125,431,418,13,245
kducsl,2021-02-13,21,0,21,0,769,49,720,1.2
Kuba_Martin,2021-02-13,8,8,0,921,355,355,0,51.7
makupka,2021-02-13,1,0,1,0,35,31,4,17.7
market_a,2021-02-13,7,6,1,6249,168,141,27,127.2
MartinBaxa2,2021-02-13,1,1,0,1179,28,28,0,10.1
milionchvilek,2021-02-13,3,3,0,209,15,12,3,1.2
MJureka,2021-02-13,7,6,1,1064,263,216,47,31.2
ODScz,2021-02-13,4,0,4,0,541,125,416,26.6
P_Fiala,2021-02-13,1,0,1,0,101,81,20,32.8
PiratskaStrana,2021-02-13,2,0,2,0,319,152,167,12.9
SpoluKoalice,2021-02-13,12,0,12,0,232,39,193,7.9
STANcz,2021-02-13,1,0,1,0,167,46,121,2
TomasZdechovsky,2021-02-13,23,18,5,1466,1163,841,322,40.6
tomio_cz,2021-02-13,8,8,0,286,172,172,0,8.3
TOP09cz,2021-02-13,7,0,7,0,595,24,571,3.2
VeslavM,2021-02-13,6,6,0,1114,49,48,1,1.9
vonpecka,2021-02-13,2,2,0,48,154,119,35,4.1
ZdenekHrib,2021-02-13,3,3,0,3491,233,216,17,43.3
alenaschillerov,2021-02-12,8,5,3,488,203,169,34,9.7
AndrejBabis,2021-02-12,9,2,7,209,548,86,462,15.1
general_pavel,2021-02-12,5,5,0,366,32,32,0,13.3
jana_cernochova,2021-02-12,1,1,0,235,57,48,9,3.1
JanLipavsky,2021-02-12,24,3,21,35,313,60,253,6.2
jhamacek,2021-02-12,9,9,0,972,103,83,20,13.5
kalousekm,2021-02-12,13,13,0,11098,426,414,12,239.8
KarelHavlicek_,2021-02-12,1,1,0,52,148,92,56,4.3
kducsl,2021-02-12,16,3,13,36,748,49,699,1.2
Kuba_Martin,2021-02-12,12,12,0,75,347,347,0,50.8
makupka,2021-02-12,1,1,0,785,34,31,3,17.7
market_a,2021-02-12,3,3,0,1774,161,135,26,120.9
metnarl,2021-02-12,2,2,0,441,11,10,1,1.2
milionchvilek,2021-02-12,1,1,0,112,12,9,3,1
MJureka,2021-02-12,14,12,2,2241,256,210,46,30.2
ODScz,2021-02-12,25,13,12,31,537,125,412,26.6
P_Fiala,2021-02-12,5,4,1,819,100,81,19,32.8
PiratskaStrana,2021-02-12,11,5,6,1092,317,152,165,12.9
Pospisil_Jiri,2021-02-12,1,1,0,48,118,96,22,16.5
SpoluKoalice,2021-02-12,12,3,9,583,220,39,181,7.9
STANcz,2021-02-12,4,3,1,37,166,46,120,2
TomasZdechovsky,2021-02-12,26,20,6,1908,1140,823,317,39.1
tomio_cz,2021-02-12,7,7,0,249,164,164,0,8
TOP09cz,2021-02-12,15,2,13,539,588,24,564,3.2
Vit_Rakusan,2021-02-12,1,1,0,670,43,38,5,24.8
vonpecka,2021-02-12,4,4,0,875,152,117,35,4
ZdenekHrib,2021-02-12,4,4,0,7874,230,213,17,39.8
zeleni_cz,2021-02-12,4,1,3,20,232,109,123,1.6
alenaschillerov,2021-02-11,7,6,1,687,195,164,31,9.2
AndrejBabis,2021-02-11,10,1,9,1005,539,84,455,14.9
general_pavel,2021-02-11,4,4,0,1363,27,27,0,12.9
Jan_Skopecek,2021-02-11,2,2,0,160,78,64,14,6.5
JanLipavsky,2021-02-11,19,2,17,26,289,57,232,6.2
jhamacek,2021-02-11,7,5,2,1520,94,74,20,12.5
kalousekm,2021-02-11,19,19,0,22083,413,401,12,228.7
KarelHavlicek_,2021-02-11,2,2,0,89,147,91,56,4.3
kducsl,2021-02-11,28,2,26,68,732,46,686,1.2
Kuba_Martin,2021-02-11,32,32,0,2257,335,335,0,50.7
market_a,2021-02-11,14,12,2,10430,158,132,26,119.2
MartinBaxa2,2021-02-11,1,1,0,387,27,27,0,8.9
MJureka,2021-02-11,12,10,2,1715,242,198,44,27.9
ODScz,2021-02-11,21,6,15,4149,512,112,400,26.6
olgarichterova,2021-02-11,6,6,0,446,175,174,1,9.5
P_Fiala,2021-02-11,2,2,0,2511,95,77,18,32
PiratIvanBartos,2021-02-11,7,7,0,2505,121,108,13,57.6
PiratskaStrana,2021-02-11,16,5,11,301,306,147,159,11.8
Pospisil_Jiri,2021-02-11,2,2,0,434,117,95,22,16.5
RobertSlachta,2021-02-11,3,3,0,158,43,28,15,0.9
SpoluKoalice,2021-02-11,22,3,19,1046,208,36,172,7.3
STANcz,2021-02-11,4,1,3,103,162,43,119,2
TomasCzernin,2021-02-11,2,2,0,1062,29,28,1,16.5
TomasZdechovsky,2021-02-11,30,19,11,1183,1114,803,311,37.2
tomio_cz,2021-02-11,2,2,0,75,157,157,0,7.8
TOP09cz,2021-02-11,30,1,29,144,573,22,551,2.7
VeslavM,2021-02-11,4,4,0,55,43,42,1,0.7
volimtrikoloru,2021-02-11,1,1,0,60,11,11,0,0.4
vonpecka,2021-02-11,3,3,0,107,148,113,35,3.2
ZdenekHrib,2021-02-11,5,4,1,1260,226,209,17,31.9
zeleni_cz,2021-02-11,2,1,1,19,228,108,120,1.6
alenaschillerov,2021-02-10,4,3,1,100,188,158,30,8.6
AndrejBabis,2021-02-10,9,3,6,265,529,83,446,13.9
czKSCM,2021-02-10,1,0,1,0,28,7,21,0.1
general_pavel,2021-02-10,1,1,0,58,23,23,0,11.6
honzabartosek,2021-02-10,1,1,0,67,55,55,0,6.2
Jan_Skopecek,2021-02-10,1,0,1,0,76,62,14,6.3
JanLipavsky,2021-02-10,14,7,7,603,270,55,215,6.1
jhamacek,2021-02-10,4,3,1,396,87,69,18,11
kalousekm,2021-02-10,10,9,1,8658,394,382,12,206.6
KarelHavlicek_,2021-02-10,2,1,1,24,145,89,56,4.2
kducsl,2021-02-10,39,1,38,28,704,44,660,1.1
makupka,2021-02-10,1,1,0,1570,33,30,3,16.9
market_a,2021-02-10,7,6,1,9214,144,120,24,108.7
MartinBaxa2,2021-02-10,1,1,0,350,26,26,0,8.5
milionchvilek,2021-02-10,1,1,0,35,11,8,3,0.8
MJureka,2021-02-10,11,9,2,3706,230,188,42,26.2
ODScz,2021-02-10,30,16,14,950,491,106,385,22.4
olgarichterova,2021-02-10,4,4,0,38,169,168,1,9
P_Fiala,2021-02-10,7,7,0,3154,93,75,18,29.5
PiratIvanBartos,2021-02-10,8,7,1,7654,114,101,13,55.1
PiratskaStrana,2021-02-10,13,1,12,125,290,142,148,11.5
Pospisil_Jiri,2021-02-10,3,3,0,904,115,93,22,16
SpoluKoalice,2021-02-10,22,3,19,667,186,33,153,6.3
STANcz,2021-02-10,6,1,5,9,158,42,116,1.9
TomasCzernin,2021-02-10,2,1,1,1394,27,26,1,15.4
TomasZdechovsky,2021-02-10,31,17,14,994,1084,784,300,36
tomio_cz,2021-02-10,3,3,0,31,155,155,0,7.7
TOP09cz,2021-02-10,21,1,20,97,543,21,522,2.6
Vit_Rakusan,2021-02-10,1,1,0,899,42,37,5,24.1
vojtafilip,2021-02-10,2,2,0,169,18,18,0,1.3
vonpecka,2021-02-10,2,2,0,1,145,110,35,3.1
ZdenekHrib,2021-02-10,16,15,1,737,221,205,16,30.6
alenaschillerov,2021-02-09,8,7,1,2313,184,155,29,8.5
AndrejBabis,2021-02-09,10,0,10,0,520,80,440,13.6
czKSCM,2021-02-09,1,1,0,14,27,7,20,0.1
honzabartosek,2021-02-09,2,2,0,233,54,54,0,6.1
Jan_Skopecek,2021-02-09,1,1,0,54,75,62,13,6.3
JanLipavsky,2021-02-09,12,3,9,356,256,48,208,5.5
jhamacek,2021-02-09,5,5,0,103,83,66,17,10.6
kalousekm,2021-02-09,2,2,0,88,384,373,11,198
KarelHavlicek_,2021-02-09,7,7,0,235,143,88,55,4.2
kducsl,2021-02-09,14,0,14,0,665,43,622,1.1
Kuba_Martin,2021-02-09,7,7,0,100,303,303,0,48.4
market_a,2021-02-09,3,3,0,959,137,114,23,99.5
MartinBaxa2,2021-02-09,1,1,0,207,25,25,0,8.1
MJureka,2021-02-09,7,7,0,581,219,179,40,22.5
ODScz,2021-02-09,14,3,11,5,461,90,371,21.5
olgarichterova,2021-02-09,2,2,0,65,165,164,1,9
P_Fiala,2021-02-09,1,1,0,357,86,68,18,26.3
PiratIvanBartos,2021-02-09,2,2,0,685,106,94,12,47.4
PiratskaStrana,2021-02-09,10,4,6,432,277,141,136,11.4
Pospisil_Jiri,2021-02-09,5,4,1,443,112,90,22,15.1
RobertSlachta,2021-02-09,1,1,0,78,40,25,15,0.7
SpoluKoalice,2021-02-09,14,5,9,412,164,30,134,5.6
STANcz,2021-02-09,14,6,8,145,152,41,111,1.9
TomasZdechovsky,2021-02-09,17,11,6,553,1053,767,286,35
tomio_cz,2021-02-09,8,8,0,256,152,152,0,7.7
TOP09cz,2021-02-09,18,1,17,49,522,20,502,2.5
Vit_Rakusan,2021-02-09,2,2,0,882,41,36,5,23.2
volimtrikoloru,2021-02-09,3,3,0,55,10,10,0,0.4
vonpecka,2021-02-09,6,1,5,1,143,108,35,3.1
ZdenekHrib,2021-02-09,3,3,0,3750,205,190,15,29.9
zeleni_cz,2021-02-09,4,1,3,31,226,107,119,1.6
alenaschillerov,2021-02-08,7,7,0,261,176,148,28,6.1
AndrejBabis,2021-02-08,19,1,18,202,510,80,430,13.6
general_pavel,2021-02-08,1,1,0,272,22,22,0,11.5
honzabartosek,2021-02-08,1,1,0,4,52,52,0,5.9
Jan_Skopecek,2021-02-08,1,1,0,67,74,61,13,6.2
jana_cernochova,2021-02-08,1,1,0,1,56,47,9,2.8
JanLipavsky,2021-02-08,6,0,6,0,244,45,199,5.2
jhamacek,2021-02-08,4,3,1,77,78,61,17,10.5
kalousekm,2021-02-08,8,8,0,2014,382,371,11,197.9
KarelHavlicek_,2021-02-08,6,5,1,141,136,81,55,3.9
kducsl,2021-02-08,16,0,16,0,651,43,608,1.1
Kuba_Martin,2021-02-08,2,2,0,614,296,296,0,48.3
makupka,2021-02-08,1,1,0,316,32,29,3,15.3
market_a,2021-02-08,5,2,3,812,134,111,23,98.6
MartinBaxa2,2021-02-08,1,1,0,169,24,24,0,7.9
MJureka,2021-02-08,1,1,0,28,212,172,40,21.9
ODScz,2021-02-08,17,9,8,8,447,87,360,21.5
olgarichterova,2021-02-08,5,5,0,66,163,162,1,8.9
P_Fiala,2021-02-08,1,1,0,294,85,67,18,26
PiratIvanBartos,2021-02-08,6,6,0,245,104,92,12,46.7
PiratskaStrana,2021-02-08,8,1,7,130,267,137,130,11
Pospisil_Jiri,2021-02-08,1,1,0,474,107,86,21,14.7
SpoluKoalice,2021-02-08,5,2,3,191,150,25,125,5.2
STANcz,2021-02-08,5,2,3,36,138,35,103,1.7
TomasCzernin,2021-02-08,1,1,0,0,25,25,0,14
TomasZdechovsky,2021-02-08,21,14,7,759,1036,756,280,34.5
tomio_cz,2021-02-08,2,2,0,143,144,144,0,7.4
TOP09cz,2021-02-08,19,1,18,8,504,19,485,2.4
VeslavM,2021-02-08,1,1,0,0,39,38,1,0.7
Vit_Rakusan,2021-02-08,4,3,1,1093,39,34,5,22.3
volimtrikoloru,2021-02-08,1,1,0,65,7,7,0,0.3
vonpecka,2021-02-08,3,2,1,40,137,107,30,3.1
ZdenekHrib,2021-02-08,11,11,0,1077,202,187,15,26.1
alenaschillerov,2021-02-07,1,0,1,0,169,141,28,5.9
AndrejBabis,2021-02-07,3,2,1,424,491,79,412,13.4
Jan_Skopecek,2021-02-07,8,2,6,670,73,60,13,6.2
JanLipavsky,2021-02-07,8,1,7,9,238,45,193,5.2
kalousekm,2021-02-07,3,3,0,5182,374,363,11,195.9
KarelHavlicek_,2021-02-07,1,0,1,0,130,76,54,3.8
kducsl,2021-02-07,22,0,22,0,635,43,592,1.1
Kuba_Martin,2021-02-07,64,64,0,2413,294,294,0,47.7
market_a,2021-02-07,1,1,0,3572,129,109,20,97.8
MJureka,2021-02-07,6,6,0,260,211,171,40,21.9
ODScz,2021-02-07,18,9,9,1300,430,78,352,21.5
olgarichterova,2021-02-07,5,5,0,44,158,157,1,8.9
P_Fiala,2021-02-07,1,1,0,291,84,66,18,25.7
PiratIvanBartos,2021-02-07,5,5,0,1530,98,86,12,46.5
PiratskaStrana,2021-02-07,1,0,1,0,259,136,123,10.8
Pospisil_Jiri,2021-02-07,3,3,0,314,106,85,21,14.2
RobertSlachta,2021-02-07,1,1,0,9,39,24,15,0.6
SpoluKoalice,2021-02-07,4,0,4,0,145,23,122,5
STANcz,2021-02-07,4,1,3,26,133,33,100,1.7
TomasCzernin,2021-02-07,1,1,0,1140,24,24,0,14
TomasZdechovsky,2021-02-07,27,22,5,1631,1015,742,273,33.7
tomio_cz,2021-02-07,2,2,0,103,142,142,0,7.3
TOP09cz,2021-02-07,14,0,14,0,485,18,467,2.4
VeslavM,2021-02-07,2,2,0,22,38,37,1,0.7
Vit_Rakusan,2021-02-07,2,2,0,2454,35,31,4,21.2
vonpecka,2021-02-07,1,0,1,0,134,105,29,3
zeleni_cz,2021-02-07,1,1,0,19,222,106,116,1.6
alenaschillerov,2021-02-06,6,6,0,582,168,141,27,5.9
AndrejBabis,2021-02-06,4,0,4,0,488,77,411,13
Jan_Skopecek,2021-02-06,1,0,1,0,65,58,7,5.5
jana_cernochova,2021-02-06,3,3,0,60,55,46,9,2.8
jhamacek,2021-02-06,3,2,1,13,74,58,16,10.4
kalousekm,2021-02-06,9,8,1,7919,371,360,11,190.7
KarelHavlicek_,2021-02-06,1,1,0,492,129,76,53,3.8
kducsl,2021-02-06,13,0,13,0,613,43,570,1.1
Kuba_Martin,2021-02-06,84,84,0,127,230,230,0,45.3
market_a,2021-02-06,1,0,1,0,128,108,20,94.2
MJureka,2021-02-06,1,1,0,172,205,165,40,21.6
ODScz,2021-02-06,8,5,3,22,412,69,343,20.2
olgarichterova,2021-02-06,7,7,0,334,153,152,1,8.8
P_Fiala,2021-02-06,1,1,0,1302,83,65,18,25.4
Pospisil_Jiri,2021-02-06,1,1,0,65,103,82,21,13.9
SpoluKoalice,2021-02-06,4,1,3,227,141,23,118,5
STANcz,2021-02-06,3,0,3,0,129,32,97,1.7
TomasZdechovsky,2021-02-06,27,23,4,2689,988,720,268,32.1
tomio_cz,2021-02-06,4,4,0,307,140,140,0,7.2
vonpecka,2021-02-06,2,2,0,16,133,105,28,3
ZdenekHrib,2021-02-06,17,17,0,1786,191,176,15,25.1
zeleni_cz,2021-02-06,2,0,2,0,221,105,116,1.6
alenaschillerov,2021-02-05,8,4,4,243,162,135,27,5.3
AndrejBabis,2021-02-05,14,3,11,685,484,77,407,13
general_pavel,2021-02-05,1,1,0,1035,21,21,0,11.2
honzabartosek,2021-02-05,2,2,0,185,51,51,0,5.9
Jan_Skopecek,2021-02-05,1,1,0,364,64,58,6,5.5
jana_cernochova,2021-02-05,1,1,0,58,52,43,9,2.8
JanLipavsky,2021-02-05,8,0,8,0,230,44,186,5.2
jhamacek,2021-02-05,2,2,0,734,71,56,15,10.4
kalousekm,2021-02-05,9,9,0,8101,362,352,10,182.8
KarelHavlicek_,2021-02-05,6,6,0,160,128,75,53,3.3
kducsl,2021-02-05,28,0,28,0,600,43,557,1.1
Kuba_Martin,2021-02-05,5,5,0,4111,146,146,0,45.2
makupka,2021-02-05,1,1,0,462,31,28,3,15
market_a,2021-02-05,5,5,0,4192,127,108,19,94.2
MartinBaxa2,2021-02-05,1,1,0,150,23,23,0,7.8
MJureka,2021-02-05,6,5,1,1468,204,164,40,21.5
ODScz,2021-02-05,18,8,10,496,404,64,340,20.1
P_Fiala,2021-02-05,4,3,1,1555,82,64,18,24.1
PiratIvanBartos,2021-02-05,3,2,1,1144,93,81,12,45
PiratskaStrana,2021-02-05,9,3,6,242,258,136,122,10.8
Pospisil_Jiri,2021-02-05,4,3,1,490,102,81,21,13.8
RobertSlachta,2021-02-05,4,4,0,109,38,23,15,0.6
SpoluKoalice,2021-02-05,8,0,8,0,137,22,115,4.8
STANcz,2021-02-05,4,0,4,0,126,32,94,1.7
TomasCzernin,2021-02-05,1,1,0,242,23,23,0,12.9
TomasZdechovsky,2021-02-05,22,15,7,2219,961,697,264,29.4
tomio_cz,2021-02-05,5,5,0,244,136,136,0,6.8
TOP09cz,2021-02-05,16,0,16,0,471,18,453,2.4
Vit_Rakusan,2021-02-05,3,3,0,1195,33,29,4,18.8
vonpecka,2021-02-05,1,1,0,4,131,103,28,3
ZdenekHrib,2021-02-05,3,3,0,202,174,159,15,23.3
zeleni_cz,2021-02-05,3,2,1,84,219,105,114,1.6
alenaschillerov,2021-02-04,4,3,1,126,154,131,23,5.1
AndrejBabis,2021-02-04,19,4,15,201,470,74,396,12.3
general_pavel,2021-02-04,1,1,0,73,20,20,0,10.2
honzabartosek,2021-02-04,2,2,0,154,49,49,0,5.7
Jan_Skopecek,2021-02-04,2,2,0,131,63,57,6,5.1
JanLipavsky,2021-02-04,8,1,7,341,222,44,178,5.2
jhamacek,2021-02-04,1,1,0,48,69,54,15,9.7
kalousekm,2021-02-04,11,10,1,4875,353,343,10,174.7
KarelHavlicek_,2021-02-04,6,5,1,215,122,69,53,3.1
kducsl,2021-02-04,25,0,25,0,572,43,529,1.1
Kuba_Martin,2021-02-04,11,11,0,270,141,141,0,41.1
makupka,2021-02-04,1,1,0,1741,30,27,3,14.5
market_a,2021-02-04,5,3,2,2654,122,103,19,90
MJureka,2021-02-04,12,10,2,2109,198,159,39,20
ODScz,2021-02-04,17,10,7,91,386,56,330,19.6
olgarichterova,2021-02-04,1,1,0,173,146,145,1,8.5
P_Fiala,2021-02-04,3,3,0,1461,78,61,17,22.5
PiratskaStrana,2021-02-04,7,3,4,328,249,133,116,10.6
Pospisil_Jiri,2021-02-04,4,3,1,313,98,78,20,13.4
SpoluKoalice,2021-02-04,8,0,8,0,129,22,107,4.8
STANcz,2021-02-04,3,1,2,9,122,32,90,1.7
TomasCzernin,2021-02-04,2,2,0,742,22,22,0,12.6
TomasZdechovsky,2021-02-04,12,8,4,1380,939,682,257,27.2
tomio_cz,2021-02-04,9,9,0,372,131,131,0,6.6
TOP09cz,2021-02-04,10,0,10,0,455,18,437,2.4
VeslavM,2021-02-04,2,2,0,17,36,35,1,0.7
Vit_Rakusan,2021-02-04,1,1,0,2403,30,26,4,17.6
volimtrikoloru,2021-02-04,1,1,0,23,6,6,0,0.3
ZdenekHrib,2021-02-04,5,4,1,413,171,156,15,23.1
zeleni_cz,2021-02-04,6,0,6,0,216,103,113,1.5
alenaschillerov,2021-02-03,9,7,2,124,150,128,22,4.9
AndrejBabis,2021-02-03,11,2,9,565,451,70,381,12.1
czKSCM,2021-02-03,2,0,2,0,26,6,20,0.1
general_pavel,2021-02-03,1,1,0,588,19,19,0,10.1
honzabartosek,2021-02-03,4,4,0,268,47,47,0,5.5
Jan_Skopecek,2021-02-03,4,4,0,236,61,55,6,5
JanLipavsky,2021-02-03,9,5,4,143,214,43,171,4.8
jhamacek,2021-02-03,1,1,0,281,68,53,15,9.6
kalousekm,2021-02-03,8,7,1,4357,342,333,9,169.8
KarelHavlicek_,2021-02-03,4,1,3,30,116,64,52,2.9
kducsl,2021-02-03,31,0,31,0,547,43,504,1.1
Kuba_Martin,2021-02-03,3,3,0,491,130,130,0,40.8
makupka,2021-02-03,3,1,2,75,29,26,3,12.8
market_a,2021-02-03,8,5,3,9094,117,100,17,87.3
milionchvilek,2021-02-03,1,0,1,0,10,7,3,0.8
MJureka,2021-02-03,16,15,1,3540,186,149,37,17.9
ODScz,2021-02-03,21,3,18,1008,369,46,323,19.6
olgarichterova,2021-02-03,29,29,0,2026,145,144,1,8.3
P_Fiala,2021-02-03,5,5,0,1295,75,58,17,21.1
PiratIvanBartos,2021-02-03,4,3,1,2663,90,79,11,43.8
PiratskaStrana,2021-02-03,27,12,15,1673,242,130,112,10.3
Pospisil_Jiri,2021-02-03,5,5,0,843,94,75,19,13
RobertSlachta,2021-02-03,4,4,0,87,34,19,15,0.5
SpoluKoalice,2021-02-03,14,3,11,578,121,22,99,4.8
STANcz,2021-02-03,19,6,13,194,119,31,88,1.7
TomasCzernin,2021-02-03,2,2,0,2191,20,20,0,11.9
TomasZdechovsky,2021-02-03,36,25,11,1327,927,674,253,25.8
tomio_cz,2021-02-03,5,5,0,61,122,122,0,6.2
TOP09cz,2021-02-03,26,0,26,0,445,18,427,2.4
VeslavM,2021-02-03,1,0,1,0,34,33,1,0.6
Vit_Rakusan,2021-02-03,5,5,0,5775,29,25,4,15.2
vonpecka,2021-02-03,8,7,1,113,130,102,28,3
ZdenekHrib,2021-02-03,9,9,0,620,166,152,14,22.7
zeleni_cz,2021-02-03,7,1,6,36,210,103,107,1.5
alenaschillerov,2021-02-02,10,8,2,212,141,121,20,4.8
AndrejBabis,2021-02-02,15,2,13,255,440,68,372,11.6
czKSCM,2021-02-02,2,0,2,0,24,6,18,0.1
general_pavel,2021-02-02,1,1,0,358,18,18,0,9.5
honzabartosek,2021-02-02,3,3,0,271,43,43,0,5.3
Jan_Skopecek,2021-02-02,2,1,1,56,57,51,6,4.8
JanLipavsky,2021-02-02,11,0,11,0,205,38,167,4.7
jhamacek,2021-02-02,1,0,1,0,67,52,15,9.3
kalousekm,2021-02-02,18,18,0,8453,334,326,8,165.5
KarelHavlicek_,2021-02-02,3,2,1,71,112,63,49,2.9
kducsl,2021-02-02,19,0,19,0,516,43,473,1.1
makupka,2021-02-02,1,1,0,1138,26,25,1,12.7
market_a,2021-02-02,3,3,0,3283,109,95,14,78.2
MartinBaxa2,2021-02-02,2,2,0,132,22,22,0,7.6
metnarl,2021-02-02,1,1,0,45,9,8,1,0.7
milionchvilek,2021-02-02,1,0,1,0,9,7,2,0.8
MJureka,2021-02-02,2,2,0,226,170,134,36,14.3
ODScz,2021-02-02,18,4,14,40,348,43,305,18.5
P_Fiala,2021-02-02,1,1,0,631,70,53,17,19.8
PiratIvanBartos,2021-02-02,6,5,1,2123,86,76,10,41.1
PiratskaStrana,2021-02-02,22,14,8,1683,215,118,97,8.6
Pospisil_Jiri,2021-02-02,3,1,2,137,89,70,19,12.2
RobertSlachta,2021-02-02,2,2,0,1,30,15,15,0.4
SpoluKoalice,2021-02-02,6,1,5,146,107,19,88,4.2
STANcz,2021-02-02,8,6,2,750,100,25,75,1.5
TomasCzernin,2021-02-02,1,1,0,219,18,18,0,9.7
TomasZdechovsky,2021-02-02,24,20,4,626,891,649,242,24.5
tomio_cz,2021-02-02,1,1,0,68,117,117,0,6.2
TOP09cz,2021-02-02,12,0,12,0,419,18,401,2.4
VeslavM,2021-02-02,4,4,0,11,33,33,0,0.6
Vit_Rakusan,2021-02-02,2,1,1,634,24,20,4,9.4
vojtafilip,2021-02-02,1,1,0,88,16,16,0,1.1
vonpecka,2021-02-02,2,1,1,8,122,95,27,2.9
zeleni_cz,2021-02-02,2,0,2,0,203,102,101,1.4
alenaschillerov,2021-02-01,11,9,2,288,131,113,18,4.6
AndrejBabis,2021-02-01,15,2,13,470,425,66,359,11.3
czKSCM,2021-02-01,1,0,1,0,22,6,16,0.1
Jan_Skopecek,2021-02-01,3,3,0,358,55,50,5,4.7
jana_cernochova,2021-02-01,6,6,0,183,51,42,9,2.7
JanLipavsky,2021-02-01,5,0,5,0,194,38,156,4.7
jhamacek,2021-02-01,2,1,1,19,66,52,14,9.3
kalousekm,2021-02-01,6,6,0,3202,316,308,8,157
KarelHavlicek_,2021-02-01,1,0,1,0,109,61,48,2.8
kducsl,2021-02-01,19,0,19,0,497,43,454,1.1
Kuba_Martin,2021-02-01,2,2,0,5,127,127,0,40.3
makupka,2021-02-01,2,1,1,1160,25,24,1,11.6
market_a,2021-02-01,6,6,0,2654,106,92,14,75
MartinBaxa2,2021-02-01,1,1,0,427,20,20,0,7.5
ODScz,2021-02-01,8,0,8,0,330,39,291,18.5
PiratIvanBartos,2021-02-01,1,0,1,0,80,71,9,39
PiratskaStrana,2021-02-01,7,5,2,40,193,104,89,6.9
Pospisil_Jiri,2021-02-01,3,3,0,123,86,69,17,12.1
RobertSlachta,2021-02-01,1,1,0,1,28,13,15,0.4
SpoluKoalice,2021-02-01,4,1,3,292,101,18,83,4.1
STANcz,2021-02-01,4,3,1,76,92,19,73,0.7
TomasCzernin,2021-02-01,1,1,0,529,17,17,0,9.5
TomasZdechovsky,2021-02-01,22,17,5,821,867,629,238,23.9
tomio_cz,2021-02-01,4,4,0,229,116,116,0,6.1
TOP09cz,2021-02-01,34,2,32,27,407,18,389,2.4
VeslavM,2021-02-01,1,1,0,0,29,29,0,0.6
vonpecka,2021-02-01,1,1,0,21,120,94,26,2.9
zeleni_cz,2021-02-01,4,1,3,52,201,102,99,1.4
alenaschillerov,2021-01-31,1,1,0,34,120,104,16,4.3
AndrejBabis,2021-01-31,5,3,2,1035,410,64,346,10.8
general_pavel,2021-01-31,1,1,0,490,17,17,0,9.2
Jan_Skopecek,2021-01-31,3,3,0,740,52,47,5,4.4
JanLipavsky,2021-01-31,7,2,5,310,189,38,151,4.7
jhamacek,2021-01-31,1,1,0,61,64,51,13,9.3
kalousekm,2021-01-31,1,1,0,650,310,302,8,153.8
KarelHavlicek_,2021-01-31,1,0,1,0,108,61,47,2.8
kducsl,2021-01-31,10,0,10,0,478,43,435,1.1
ODScz,2021-01-31,4,4,0,251,322,39,283,18.5
PiratIvanBartos,2021-01-31,1,1,0,567,79,71,8,39
Pospisil_Jiri,2021-01-31,1,1,0,171,83,66,17,11.9
RobertSlachta,2021-01-31,1,1,0,34,27,12,15,0.4
SpoluKoalice,2021-01-31,1,0,1,0,97,17,80,3.8
STANcz,2021-01-31,3,0,3,0,88,16,72,0.6
TomasZdechovsky,2021-01-31,18,14,4,1402,845,612,233,23
tomio_cz,2021-01-31,9,9,0,689,112,112,0,5.9
VeslavM,2021-01-31,1,1,0,30,28,28,0,0.6
vonpecka,2021-01-31,2,1,1,12,119,93,26,2.9
ZdenekHrib,2021-01-31,13,13,0,5,157,143,14,22
zeleni_cz,2021-01-31,10,4,6,11,197,101,96,1.4
alenaschillerov,2021-01-30,3,3,0,68,119,103,16,4.3
AndrejBabis,2021-01-30,7,0,7,0,405,61,344,9.8
czKSCM,2021-01-30,1,1,0,27,21,6,15,0.1
honzabartosek,2021-01-30,1,1,0,121,40,40,0,5
jana_cernochova,2021-01-30,1,1,0,129,45,36,9,2.5
JanLipavsky,2021-01-30,5,0,5,0,182,36,146,4.4
jhamacek,2021-01-30,1,1,0,108,63,50,13,9.3
kalousekm,2021-01-30,4,4,0,6200,309,301,8,153.1
KarelHavlicek_,2021-01-30,4,4,0,155,107,61,46,2.8
kducsl,2021-01-30,10,0,10,0,468,43,425,1.1
Kuba_Martin,2021-01-30,1,1,0,20,125,125,0,40.3
market_a,2021-01-30,1,0,1,0,100,86,14,72.3
MartinBaxa2,2021-01-30,1,1,0,79,19,19,0,7.1
MJureka,2021-01-30,1,1,0,161,168,132,36,14.1
ODScz,2021-01-30,4,1,3,1161,318,35,283,18.3
olgarichterova,2021-01-30,3,3,0,35,116,115,1,6.3
P_Fiala,2021-01-30,1,1,0,769,69,52,17,19.2
Pospisil_Jiri,2021-01-30,2,1,1,274,82,65,17,11.8
SpoluKoalice,2021-01-30,2,0,2,0,96,17,79,3.8
TomasZdechovsky,2021-01-30,8,5,3,252,827,598,229,21.6
tomio_cz,2021-01-30,2,2,0,38,103,103,0,5.2
TOP09cz,2021-01-30,2,0,2,0,373,16,357,2.4
VeslavM,2021-01-30,1,1,0,12,27,27,0,0.6
Zbynek_Stanjura,2021-01-30,1,1,0,1087,4,4,0,3.5
ZdenekHrib,2021-01-30,8,8,0,805,144,130,14,22
zeleni_cz,2021-01-30,129,81,48,725,187,97,90,1.4
alenaschillerov,2021-01-29,3,1,2,8,116,100,16,4.2
AndrejBabis,2021-01-29,9,0,9,0,398,61,337,9.8
czKSCM,2021-01-29,3,1,2,4,20,5,15,0.1
honzabartosek,2021-01-29,4,4,0,72,39,39,0,4.9
Jan_Skopecek,2021-01-29,2,2,0,269,49,44,5,3.6
JanLipavsky,2021-01-29,5,1,4,15,177,36,141,4.4
jhamacek,2021-01-29,1,0,1,0,62,49,13,9.2
kalousekm,2021-01-29,4,4,0,2736,305,297,8,146.9
KarelHavlicek_,2021-01-29,4,3,1,115,103,57,46,2.7
kducsl,2021-01-29,13,0,13,0,458,43,415,1.1
makupka,2021-01-29,1,1,0,364,23,23,0,10.4
market_a,2021-01-29,6,4,2,2078,99,86,13,72.3
MartinBaxa2,2021-01-29,1,1,0,128,18,18,0,7
milionchvilek,2021-01-29,1,0,1,0,8,7,1,0.8
MJureka,2021-01-29,7,7,0,980,167,131,36,14
ODScz,2021-01-29,13,0,13,0,314,34,280,17.1
olgarichterova,2021-01-29,2,2,0,21,113,112,1,6.3
P_Fiala,2021-01-29,3,3,0,857,68,51,17,18.4
PiratIvanBartos,2021-01-29,2,2,0,832,78,70,8,38.5
PiratskaStrana,2021-01-29,8,4,4,499,186,99,87,6.9
Pospisil_Jiri,2021-01-29,6,5,1,975,80,64,16,11.5
RobertSlachta,2021-01-29,4,2,2,62,26,11,15,0.4
SpoluKoalice,2021-01-29,4,0,4,0,94,17,77,3.8
STANcz,2021-01-29,2,0,2,0,85,16,69,0.6
TomasZdechovsky,2021-01-29,25,15,10,830,819,593,226,21.4
tomio_cz,2021-01-29,5,5,0,203,101,101,0,5.1
TOP09cz,2021-01-29,14,0,14,0,371,16,355,2.4
VeslavM,2021-01-29,1,1,0,0,26,26,0,0.6
Vit_Rakusan,2021-01-29,1,1,0,827,22,19,3,8.8
vojtafilip,2021-01-29,2,2,0,160,15,15,0,1
vonpecka,2021-01-29,5,5,0,190,117,92,25,2.9
Zbynek_Stanjura,2021-01-29,1,1,0,420,3,3,0,2.4
ZdenekHrib,2021-01-29,7,6,1,3409,136,122,14,21.2
zeleni_cz,2021-01-29,2,1,1,38,58,16,42,0.7
alenaschillerov,2021-01-28,6,4,2,94,113,99,14,4.2
AndrejBabis,2021-01-28,14,1,13,326,389,61,328,9.8
czKSCM,2021-01-28,1,0,1,0,17,4,13,0.1
general_pavel,2021-01-28,1,1,0,192,16,16,0,8.7
honzabartosek,2021-01-28,1,1,0,145,35,35,0,4.8
Jan_Skopecek,2021-01-28,3,3,0,230,47,42,5,3.3
jana_cernochova,2021-01-28,1,0,1,0,44,35,9,2.4
JanLipavsky,2021-01-28,3,1,2,8,172,35,137,4.4
jhamacek,2021-01-28,2,1,1,50,61,49,12,9.2
kalousekm,2021-01-28,16,15,1,12755,301,293,8,144.2
KarelHavlicek_,2021-01-28,4,3,1,80,99,54,45,2.5
kducsl,2021-01-28,26,4,22,116,445,43,402,1.1
Kuba_Martin,2021-01-28,12,12,0,2417,124,124,0,40.3
makupka,2021-01-28,3,3,0,196,22,22,0,10.1
market_a,2021-01-28,6,5,1,5704,93,82,11,70.2
MartinBaxa2,2021-01-28,1,1,0,25,17,17,0,6.8
MJureka,2021-01-28,19,16,3,1100,160,124,36,13
ODScz,2021-01-28,11,1,10,899,301,34,267,17.1
P_Fiala,2021-01-28,4,2,2,404,65,48,17,17.5
PiratIvanBartos,2021-01-28,2,2,0,2360,76,68,8,37.6
PiratskaStrana,2021-01-28,2,0,2,0,178,95,83,6.4
Pospisil_Jiri,2021-01-28,6,4,2,293,74,59,15,10.5
RobertSlachta,2021-01-28,2,0,2,0,22,9,13,0.3
SpoluKoalice,2021-01-28,13,2,11,509,90,17,73,3.8
STANcz,2021-01-28,8,1,7,11,83,16,67,0.6
TomasCzernin,2021-01-28,2,2,0,2845,16,16,0,8.9
TomasZdechovsky,2021-01-28,27,20,7,1418,794,578,216,20.5
tomio_cz,2021-01-28,1,1,0,189,96,96,0,4.9
TOP09cz,2021-01-28,21,2,19,56,357,16,341,2.4
VeslavM,2021-01-28,3,3,0,76,25,25,0,0.6
vonpecka,2021-01-28,3,0,3,0,112,87,25,2.7
ZdenekHrib,2021-01-28,3,3,0,641,129,116,13,17.8
zeleni_cz,2021-01-28,3,1,2,36,56,15,41,0.6
alenaschillerov,2021-01-27,7,6,1,137,107,95,12,4.1
AndrejBabis,2021-01-27,11,2,9,228,375,60,315,9.5
czKSCM,2021-01-27,1,0,1,0,16,4,12,0.1
general_pavel,2021-01-27,2,2,0,989,15,15,0,8.5
honzabartosek,2021-01-27,7,7,0,438,34,34,0,4.7
Jan_Skopecek,2021-01-27,4,4,0,241,44,39,5,3.1
jana_cernochova,2021-01-27,1,1,0,67,43,35,8,2.4
JanLipavsky,2021-01-27,21,12,9,1018,169,34,135,4.3
jhamacek,2021-01-27,11,8,3,2368,59,48,11,9.1
KarelHavlicek_,2021-01-27,1,0,1,0,95,51,44,2.5
kducsl,2021-01-27,33,3,30,53,419,39,380,0.9
Kuba_Martin,2021-01-27,6,6,0,1021,112,112,0,37.9
makupka,2021-01-27,1,1,0,536,19,19,0,9.9
market_a,2021-01-27,6,5,1,4603,87,77,10,64.5
MartinBaxa2,2021-01-27,2,2,0,241,16,16,0,6.8
metnarl,2021-01-27,1,1,0,108,8,7,1,0.7
MJureka,2021-01-27,7,4,3,399,141,108,33,11.9
ODScz,2021-01-27,17,1,16,605,290,33,257,16.2
olgarichterova,2021-01-27,1,1,0,0,111,110,1,6.2
P_Fiala,2021-01-27,1,1,0,504,61,46,15,17.1
PiratIvanBartos,2021-01-27,6,6,0,967,74,66,8,35.3
PiratskaStrana,2021-01-27,4,3,1,177,176,95,81,6.4
Pospisil_Jiri,2021-01-27,3,2,1,386,68,55,13,10.2
RobertSlachta,2021-01-27,9,1,8,32,20,9,11,0.3
SpoluKoalice,2021-01-27,8,3,5,804,77,15,62,3.3
STANcz,2021-01-27,4,1,3,86,75,15,60,0.6
TomasCzernin,2021-01-27,1,1,0,254,14,14,0,6.1
TomasZdechovsky,2021-01-27,26,19,7,954,767,558,209,19.1
tomio_cz,2021-01-27,2,2,0,212,95,95,0,4.8
TOP09cz,2021-01-27,14,1,13,99,336,14,322,2.3
Vit_Rakusan,2021-01-27,2,1,1,127,21,18,3,7.9
vojtafilip,2021-01-27,2,2,0,93,13,13,0,0.9
vonpecka,2021-01-27,5,4,1,21,109,87,22,2.7
ZdenekHrib,2021-01-27,17,9,8,428,126,113,13,17.2
zeleni_cz,2021-01-27,5,0,5,0,53,14,39,0.6
alenaschillerov,2021-01-26,5,4,1,276,100,89,11,4
AndrejBabis,2021-01-26,13,3,10,97,364,58,306,9.2
czKSCM,2021-01-26,1,0,1,0,15,4,11,0.1
honzabartosek,2021-01-26,1,1,0,10,27,27,0,4.2
Jan_Skopecek,2021-01-26,1,1,0,115,40,35,5,2.9
JanLipavsky,2021-01-26,2,0,2,0,148,22,126,3.3
jhamacek,2021-01-26,2,2,0,176,48,40,8,6.7
kalousekm,2021-01-26,14,14,0,7195,285,278,7,131.5
KarelHavlicek_,2021-01-26,3,1,2,43,94,51,43,2.5
kducsl,2021-01-26,13,5,8,38,386,36,350,0.9
Kuba_Martin,2021-01-26,2,2,0,3,106,106,0,36.8
makupka,2021-01-26,1,1,0,204,18,18,0,9.3
market_a,2021-01-26,5,4,1,4821,81,72,9,59.9
MartinBaxa2,2021-01-26,1,1,0,1452,14,14,0,6.6
milionchvilek,2021-01-26,3,3,0,338,7,7,0,0.8
MJureka,2021-01-26,4,4,0,79,134,104,30,11.5
ODScz,2021-01-26,13,2,11,724,273,32,241,15.6
olgarichterova,2021-01-26,46,46,0,404,110,109,1,6.2
P_Fiala,2021-01-26,2,1,1,691,60,45,15,16.6
PiratIvanBartos,2021-01-26,5,5,0,2213,68,60,8,34.3
PiratskaStrana,2021-01-26,16,14,2,585,172,92,80,6.2
Pospisil_Jiri,2021-01-26,3,2,1,354,65,53,12,9.8
RobertSlachta,2021-01-26,2,1,1,139,11,8,3,0.3
SpoluKoalice,2021-01-26,4,0,4,0,69,12,57,2.5
STANcz,2021-01-26,4,0,4,0,71,14,57,0.5
TomasZdechovsky,2021-01-26,41,34,7,622,741,539,202,18.2
tomio_cz,2021-01-26,4,4,0,111,93,93,0,4.5
TOP09cz,2021-01-26,19,1,18,37,322,13,309,2.2
volimtrikoloru,2021-01-26,1,1,0,13,5,5,0,0.2
vonpecka,2021-01-26,2,2,0,27,104,83,21,2.6
ZdenekHrib,2021-01-26,27,26,1,829,109,104,5,16.8
alenaschillerov,2021-01-25,2,2,0,53,95,85,10,3.7
AndrejBabis,2021-01-25,16,4,12,468,351,55,296,9.1
czKSCM,2021-01-25,2,0,2,0,14,4,10,0.1
general_pavel,2021-01-25,1,1,0,868,13,13,0,7.5
honzabartosek,2021-01-25,1,1,0,69,26,26,0,4.2
Jan_Skopecek,2021-01-25,2,2,0,471,39,34,5,2.8
JanLipavsky,2021-01-25,6,0,6,0,146,22,124,3.3
jhamacek,2021-01-25,3,1,2,495,46,38,8,6.6
kalousekm,2021-01-25,4,4,0,2049,271,264,7,124.3
KarelHavlicek_,2021-01-25,3,2,1,643,91,50,41,2.4
kducsl,2021-01-25,18,1,17,20,373,31,342,0.9
Kuba_Martin,2021-01-25,10,10,0,1752,104,104,0,36.8
makupka,2021-01-25,1,1,0,401,17,17,0,9.1
market_a,2021-01-25,2,2,0,2180,76,68,8,55.1
MartinBaxa2,2021-01-25,1,1,0,141,13,13,0,5.1
MJureka,2021-01-25,3,2,1,152,130,100,30,11.4
ODScz,2021-01-25,11,1,10,2423,260,30,230,14.9
olgarichterova,2021-01-25,2,2,0,384,64,63,1,5.8
PiratIvanBartos,2021-01-25,3,3,0,4379,63,55,8,32.1
PiratskaStrana,2021-01-25,7,4,3,135,156,78,78,5.6
Pospisil_Jiri,2021-01-25,4,4,0,807,62,51,11,9.5
SpoluKoalice,2021-01-25,3,0,3,0,65,12,53,2.5
STANcz,2021-01-25,2,1,1,7,67,14,53,0.5
TomasCzernin,2021-01-25,1,1,0,294,13,13,0,5.8
TomasZdechovsky,2021-01-25,32,25,7,1018,700,505,195,17.6
TOP09cz,2021-01-25,18,0,18,0,303,12,291,2.2
Vit_Rakusan,2021-01-25,2,2,0,1023,19,17,2,7.8
vojtafilip,2021-01-25,3,3,0,60,11,11,0,0.8
vonpecka,2021-01-25,4,3,1,45,102,81,21,2.6
ZdenekHrib,2021-01-25,12,12,0,606,82,78,4,15.9
zeleni_cz,2021-01-25,1,0,1,0,48,14,34,0.6
alenaschillerov,2021-01-24,4,4,0,145,93,83,10,3.6
AndrejBabis,2021-01-24,11,3,8,496,335,51,284,8.7
Jan_Skopecek,2021-01-24,1,1,0,232,37,32,5,2.3
JanLipavsky,2021-01-24,14,6,8,632,140,22,118,3.3
jhamacek,2021-01-24,1,1,0,115,43,37,6,6.1
kalousekm,2021-01-24,12,11,1,2596,267,260,7,122.2
KarelHavlicek_,2021-01-24,5,2,3,76,88,48,40,1.8
kducsl,2021-01-24,8,0,8,0,355,30,325,0.8
market_a,2021-01-24,1,1,0,1576,74,66,8,52.9
MartinBaxa2,2021-01-24,2,2,0,184,12,12,0,5
MJureka,2021-01-24,1,1,0,88,127,98,29,11.3
ODScz,2021-01-24,11,2,9,385,249,29,220,12.4
olgarichterova,2021-01-24,5,5,0,376,62,61,1,5.4
Pospisil_Jiri,2021-01-24,2,1,1,82,58,47,11,8.7
SpoluKoalice,2021-01-24,4,0,4,0,62,12,50,2.5
STANcz,2021-01-24,2,0,2,0,65,13,52,0.5
TomasZdechovsky,2021-01-24,18,14,4,475,668,480,188,16.5
tomio_cz,2021-01-24,5,5,0,229,89,89,0,4.4
TOP09cz,2021-01-24,4,0,4,0,285,12,273,2.2
zeleni_cz,2021-01-24,1,1,0,41,47,14,33,0.6
alenaschillerov,2021-01-23,2,2,0,76,89,79,10,3.5
AndrejBabis,2021-01-23,6,0,6,0,324,48,276,8.2
general_pavel,2021-01-23,3,3,0,1623,12,12,0,6.6
honzabartosek,2021-01-23,1,1,0,1971,25,25,0,4.1
Jan_Skopecek,2021-01-23,1,1,0,64,36,31,5,2.1
JanLipavsky,2021-01-23,12,0,12,0,126,16,110,2.7
jhamacek,2021-01-23,1,1,0,46,42,36,6,6
kalousekm,2021-01-23,2,2,0,2439,255,249,6,119.6
KarelHavlicek_,2021-01-23,4,2,2,89,83,46,37,1.7
kducsl,2021-01-23,13,1,12,15,347,30,317,0.8
Kuba_Martin,2021-01-23,1,1,0,0,94,94,0,35.1
market_a,2021-01-23,5,4,1,2009,73,65,8,51.3
MJureka,2021-01-23,4,3,1,1051,126,97,29,11.2
ODScz,2021-01-23,8,0,8,0,238,27,211,12.1
olgarichterova,2021-01-23,2,2,0,135,57,56,1,5.1
P_Fiala,2021-01-23,2,1,1,167,58,44,14,15.9
Pospisil_Jiri,2021-01-23,2,2,0,159,56,46,10,8.6
SpoluKoalice,2021-01-23,3,0,3,0,58,12,46,2.5
TomasZdechovsky,2021-01-23,9,5,4,297,650,466,184,16.1
tomio_cz,2021-01-23,14,14,0,351,84,84,0,4.2
TOP09cz,2021-01-23,7,0,7,0,281,12,269,2.2
vonpecka,2021-01-23,1,1,0,21,98,78,20,2.6
ZdenekHrib,2021-01-23,6,6,0,414,70,66,4,15.3
zeleni_cz,2021-01-23,1,1,0,81,46,13,33,0.5
alenaschillerov,2021-01-22,6,6,0,256,87,77,10,3.4
AndrejBabis,2021-01-22,20,1,19,82,318,48,270,8.2
czKSCM,2021-01-22,1,1,0,9,12,4,8,0.1
honzabartosek,2021-01-22,1,1,0,67,24,24,0,2.2
Jan_Skopecek,2021-01-22,1,1,0,102,35,30,5,2
jana_cernochova,2021-01-22,2,1,1,4,42,34,8,2.3
JanLipavsky,2021-01-22,3,1,2,14,114,16,98,2.7
jhamacek,2021-01-22,19,19,0,486,41,35,6,5.9
kalousekm,2021-01-22,4,4,0,1897,253,247,6,117.2
KarelHavlicek_,2021-01-22,5,2,3,65,79,44,35,1.6
kducsl,2021-01-22,20,1,19,20,334,29,305,0.8
Kuba_Martin,2021-01-22,4,4,0,137,93,93,0,35.1
market_a,2021-01-22,8,7,1,1892,68,61,7,49.3
MartinBaxa2,2021-01-22,1,1,0,85,10,10,0,4.8
metnarl,2021-01-22,2,2,0,108,7,6,1,0.6
MJureka,2021-01-22,11,8,3,931,122,94,28,10.1
ODScz,2021-01-22,11,0,11,0,230,27,203,12.1
P_Fiala,2021-01-22,1,1,0,829,56,43,13,15.8
PiratIvanBartos,2021-01-22,1,0,1,0,60,52,8,27.7
PiratskaStrana,2021-01-22,3,3,0,300,149,74,75,5.5
Pospisil_Jiri,2021-01-22,1,1,0,206,54,44,10,8.4
RobertSlachta,2021-01-22,1,1,0,67,9,7,2,0.2
SpoluKoalice,2021-01-22,10,3,7,679,55,12,43,2.5
STANcz,2021-01-22,4,1,3,7,63,13,50,0.5
TomasZdechovsky,2021-01-22,21,14,7,499,641,461,180,15.8
tomio_cz,2021-01-22,1,1,0,9,70,70,0,3.9
TOP09cz,2021-01-22,17,2,15,424,274,12,262,2.2
vonpecka,2021-01-22,5,0,5,0,97,77,20,2.5
zeleni_cz,2021-01-22,3,0,3,0,45,12,33,0.5
alenaschillerov,2021-01-21,1,1,0,26,81,71,10,3.2
AndrejBabis,2021-01-21,11,2,9,560,298,47,251,8.1
czKSCM,2021-01-21,1,0,1,0,11,3,8,0.1
general_pavel,2021-01-21,1,1,0,449,9,9,0,5
honzabartosek,2021-01-21,5,5,0,236,23,23,0,2.1
Jan_Skopecek,2021-01-21,3,3,0,145,34,29,5,1.9
jana_cernochova,2021-01-21,19,13,6,1302,40,33,7,2.3
JanLipavsky,2021-01-21,8,0,8,0,111,15,96,2.7
jhamacek,2021-01-21,6,6,0,2754,22,16,6,5.4
kalousekm,2021-01-21,8,8,0,6921,249,243,6,115.3
KarelHavlicek_,2021-01-21,2,1,1,18,74,42,32,1.5
kducsl,2021-01-21,32,1,31,83,314,28,286,0.8
Kuba_Martin,2021-01-21,2,2,0,19,89,89,0,35
makupka,2021-01-21,2,2,0,383,16,16,0,8.7
market_a,2021-01-21,4,4,0,4415,60,54,6,47.4
MartinBaxa2,2021-01-21,1,1,0,141,9,9,0,4.7
metnarl,2021-01-21,1,1,0,187,5,4,1,0.5
milionchvilek,2021-01-21,1,1,0,202,4,4,0,0.5
MJureka,2021-01-21,17,13,4,2126,111,86,25,9.2
ODScz,2021-01-21,22,1,21,436,219,27,192,12.1
olgarichterova,2021-01-21,3,3,0,204,55,54,1,4.9
P_Fiala,2021-01-21,4,3,1,942,55,42,13,14.9
PiratIvanBartos,2021-01-21,6,5,1,3463,59,52,7,27.7
PiratskaStrana,2021-01-21,19,11,8,630,146,71,75,5.2
Pospisil_Jiri,2021-01-21,7,7,0,785,53,43,10,8.2
SpoluKoalice,2021-01-21,13,4,9,1132,45,9,36,1.8
STANcz,2021-01-21,8,2,6,80,59,12,47,0.5
TomasCzernin,2021-01-21,1,1,0,196,12,12,0,5.6
TomasZdechovsky,2021-01-21,24,12,12,570,620,447,173,15.3
tomio_cz,2021-01-21,2,2,0,156,69,69,0,3.8
TOP09cz,2021-01-21,33,3,30,511,257,10,247,1.8
VeslavM,2021-01-21,3,3,0,18,22,22,0,0.5
Vit_Rakusan,2021-01-21,2,2,0,1079,17,15,2,6.8
vonpecka,2021-01-21,5,5,0,0,92,77,15,2.5
ZdenekHrib,2021-01-21,2,2,0,407,64,60,4,14.9
zeleni_cz,2021-01-21,2,2,0,43,42,12,30,0.5
alenaschillerov,2021-01-20,7,7,0,288,80,70,10,3.1
AndrejBabis,2021-01-20,22,5,17,542,287,45,242,7.5
general_pavel,2021-01-20,1,1,0,532,8,8,0,4.6
honzabartosek,2021-01-20,7,7,0,312,18,18,0,1.9
Jan_Skopecek,2021-01-20,2,2,0,472,31,26,5,1.7
jana_cernochova,2021-01-20,9,9,0,191,21,20,1,1
JanLipavsky,2021-01-20,11,0,11,0,103,15,88,2.7
jhamacek,2021-01-20,3,2,1,184,16,10,6,2.7
kalousekm,2021-01-20,15,15,0,14764,241,235,6,108.4
KarelHavlicek_,2021-01-20,9,7,2,222,72,41,31,1.5
kducsl,2021-01-20,24,0,24,0,282,27,255,0.7
Kuba_Martin,2021-01-20,6,6,0,1736,87,87,0,34.9
makupka,2021-01-20,1,1,0,638,14,14,0,8.3
market_a,2021-01-20,6,5,1,3468,56,50,6,43
MartinBaxa2,2021-01-20,1,1,0,409,8,8,0,4.6
MJureka,2021-01-20,7,5,2,573,94,73,21,7.1
ODScz,2021-01-20,29,1,28,1483,197,26,171,11.6
olgarichterova,2021-01-20,7,6,1,1035,52,51,1,4.7
P_Fiala,2021-01-20,5,2,3,634,51,39,12,14
PiratIvanBartos,2021-01-20,8,8,0,844,53,47,6,24.2
PiratskaStrana,2021-01-20,21,17,4,918,127,60,67,4.6
Pospisil_Jiri,2021-01-20,4,3,1,303,46,36,10,7.4
RobertSlachta,2021-01-20,2,2,0,33,8,6,2,0.1
SpoluKoalice,2021-01-20,7,1,6,147,32,5,27,0.7
STANcz,2021-01-20,3,2,1,12,51,10,41,0.4
TomasCzernin,2021-01-20,2,2,0,993,11,11,0,5.4
TomasZdechovsky,2021-01-20,26,19,7,523,596,435,161,14.7
tomio_cz,2021-01-20,7,7,0,235,67,67,0,3.7
TOP09cz,2021-01-20,33,0,33,0,224,7,217,1.3
VeslavM,2021-01-20,2,2,0,205,19,19,0,0.5
vonpecka,2021-01-20,35,34,1,1730,87,72,15,2.5
zeleni_cz,2021-01-20,4,2,2,67,40,10,30,0.4
alenaschillerov,2021-01-19,5,4,1,134,73,63,10,2.8
AndrejBabis,2021-01-19,14,2,12,158,265,40,225,7
czKSCM,2021-01-19,1,0,1,0,10,3,7,0.1
honzabartosek,2021-01-19,3,3,0,100,11,11,0,1.5
JanLipavsky,2021-01-19,10,5,5,243,92,15,77,2.7
jhamacek,2021-01-19,2,2,0,1507,13,8,5,2.5
kalousekm,2021-01-19,45,42,3,14747,226,220,6,93.6
KarelHavlicek_,2021-01-19,6,5,1,161,63,34,29,1.3
kducsl,2021-01-19,29,6,23,147,258,27,231,0.7
Kuba_Martin,2021-01-19,2,2,0,59,81,81,0,33.2
market_a,2021-01-19,5,5,0,3330,50,45,5,39.6
MartinBaxa2,2021-01-19,1,1,0,237,7,7,0,4.2
MJureka,2021-01-19,6,1,5,358,87,68,19,6.5
ODScz,2021-01-19,9,1,8,256,168,25,143,10.1
olgarichterova,2021-01-19,2,2,0,119,45,45,0,3.7
P_Fiala,2021-01-19,1,1,0,1150,46,37,9,13.4
PiratIvanBartos,2021-01-19,7,7,0,2483,45,39,6,23.4
PiratskaStrana,2021-01-19,6,1,5,0,106,43,63,3.6
Pospisil_Jiri,2021-01-19,3,2,1,1023,42,33,9,7.1
SpoluKoalice,2021-01-19,7,2,5,204,25,4,21,0.5
STANcz,2021-01-19,4,1,3,42,48,8,40,0.4
TomasZdechovsky,2021-01-19,30,21,9,719,570,416,154,14.2
tomio_cz,2021-01-19,2,2,0,26,60,60,0,3.5
TOP09cz,2021-01-19,25,1,24,9,191,7,184,1.3
vojtafilip,2021-01-19,1,1,0,44,8,8,0,0.7
volimtrikoloru,2021-01-19,3,3,0,99,4,4,0,0.2
vonpecka,2021-01-19,2,2,0,117,52,38,14,0.8
ZdenekHrib,2021-01-19,3,0,3,0,62,58,4,14.5
zeleni_cz,2021-01-19,5,0,5,0,36,8,28,0.3
alenaschillerov,2021-01-18,6,4,2,170,68,59,9,2.7
AndrejBabis,2021-01-18,28,4,24,350,251,38,213,6.8
jana_cernochova,2021-01-18,1,1,0,48,12,11,1,0.8
JanLipavsky,2021-01-18,8,1,7,26,82,10,72,2.4
jhamacek,2021-01-18,1,0,1,0,11,6,5,1
kalousekm,2021-01-18,23,22,1,6995,181,178,3,78.8
KarelHavlicek_,2021-01-18,4,4,0,149,57,29,28,1.1
kducsl,2021-01-18,14,0,14,0,229,21,208,0.6
Kuba_Martin,2021-01-18,5,5,0,3630,79,79,0,33.1
makupka,2021-01-18,1,1,0,1173,13,13,0,7.7
market_a,2021-01-18,3,2,1,2275,45,40,5,36.2
MJureka,2021-01-18,1,0,1,0,81,67,14,6.1
ODScz,2021-01-18,7,1,6,420,159,24,135,9.9
olgarichterova,2021-01-18,4,4,0,80,43,43,0,3.6
P_Fiala,2021-01-18,1,0,1,0,45,36,9,12.2
PiratIvanBartos,2021-01-18,4,4,0,3313,38,32,6,20.9
PiratskaStrana,2021-01-18,12,3,9,441,100,42,58,3.6
Pospisil_Jiri,2021-01-18,2,2,0,166,39,31,8,6.1
SpoluKoalice,2021-01-18,5,1,4,119,18,2,16,0.3
STANcz,2021-01-18,1,0,1,0,44,7,37,0.4
TomasCzernin,2021-01-18,1,1,0,390,9,9,0,4.4
TomasZdechovsky,2021-01-18,23,16,7,384,540,395,145,13.4
tomio_cz,2021-01-18,5,5,0,321,58,58,0,3.4
TOP09cz,2021-01-18,20,0,20,0,166,6,160,1.2
VeslavM,2021-01-18,1,1,0,2,17,17,0,0.3
vonpecka,2021-01-18,2,2,0,8,50,36,14,0.7
ZdenekHrib,2021-01-18,8,8,0,832,59,58,1,14.5
zeleni_cz,2021-01-18,4,0,4,0,31,8,23,0.3
alenaschillerov,2021-01-17,3,3,0,211,62,55,7,2.5
AndrejBabis,2021-01-17,5,3,2,933,223,34,189,6.5
czKSCM,2021-01-17,1,0,1,0,9,3,6,0.1
general_pavel,2021-01-17,1,1,0,51,7,7,0,4
JanLipavsky,2021-01-17,11,0,11,0,74,9,65,2.4
jhamacek,2021-01-17,2,2,0,101,10,6,4,1
kalousekm,2021-01-17,5,5,0,1078,158,156,2,71.9
KarelHavlicek_,2021-01-17,3,2,1,16,53,25,28,1
kducsl,2021-01-17,7,0,7,0,215,21,194,0.6
Kuba_Martin,2021-01-17,1,1,0,3,74,74,0,29.5
market_a,2021-01-17,1,1,0,2690,42,38,4,34
MJureka,2021-01-17,3,2,1,513,80,67,13,6.1
ODScz,2021-01-17,5,3,2,1460,152,23,129,9.5
olgarichterova,2021-01-17,3,3,0,34,39,39,0,3.5
P_Fiala,2021-01-17,1,1,0,531,44,36,8,12.2
PiratskaStrana,2021-01-17,1,0,1,0,88,39,49,3.2
Pospisil_Jiri,2021-01-17,6,4,2,352,37,29,8,6
SpoluKoalice,2021-01-17,3,0,3,0,13,1,12,0.2
STANcz,2021-01-17,2,0,2,0,43,7,36,0.4
TomasCzernin,2021-01-17,1,1,0,385,8,8,0,4
TomasZdechovsky,2021-01-17,13,8,5,298,517,379,138,13.1
tomio_cz,2021-01-17,3,3,0,226,53,53,0,3.1
TOP09cz,2021-01-17,1,0,1,0,146,6,140,1.2
vojtafilip,2021-01-17,1,1,0,169,7,7,0,0.7
ZdenekHrib,2021-01-17,5,5,0,4055,51,50,1,13.7
zeleni_cz,2021-01-17,2,0,2,0,27,8,19,0.3
alenaschillerov,2021-01-16,1,1,0,242,59,52,7,2.3
AndrejBabis,2021-01-16,3,1,2,263,218,31,187,5.6
czKSCM,2021-01-16,1,1,0,10,8,3,5,0.1
honzabartosek,2021-01-16,1,1,0,127,8,8,0,1.4
jana_cernochova,2021-01-16,1,0,1,0,11,10,1,0.8
JanLipavsky,2021-01-16,6,0,6,0,63,9,54,2.4
kalousekm,2021-01-16,1,1,0,1142,153,151,2,70.8
KarelHavlicek_,2021-01-16,1,1,0,49,50,23,27,1
kducsl,2021-01-16,14,1,13,26,208,21,187,0.6
Kuba_Martin,2021-01-16,3,3,0,11,73,73,0,29.5
makupka,2021-01-16,1,1,0,1799,12,12,0,6.5
market_a,2021-01-16,4,4,0,945,41,37,4,31.3
MJureka,2021-01-16,3,3,0,1781,77,65,12,5.6
ODScz,2021-01-16,7,0,7,0,147,20,127,8
olgarichterova,2021-01-16,2,2,0,1114,36,36,0,3.5
P_Fiala,2021-01-16,3,2,1,834,43,35,8,11.7
PiratIvanBartos,2021-01-16,1,0,1,0,34,28,6,17.6
PiratskaStrana,2021-01-16,3,1,2,116,87,39,48,3.2
SpoluKoalice,2021-01-16,3,0,3,0,10,1,9,0.2
STANcz,2021-01-16,1,0,1,0,41,7,34,0.4
TomasZdechovsky,2021-01-16,34,29,5,672,504,371,133,12.8
tomio_cz,2021-01-16,4,4,0,274,50,50,0,2.9
TOP09cz,2021-01-16,4,0,4,0,145,6,139,1.2
VeslavM,2021-01-16,1,1,0,5,16,16,0,0.3
Vit_Rakusan,2021-01-16,2,2,0,55,15,13,2,5.7
Zbynek_Stanjura,2021-01-16,1,1,0,1453,2,2,0,2
alenaschillerov,2021-01-15,5,5,0,149,58,51,7,2.1
AndrejBabis,2021-01-15,21,3,18,429,215,30,185,5.3
honzabartosek,2021-01-15,1,1,0,64,7,7,0,1.3
jana_cernochova,2021-01-15,1,1,0,22,10,10,0,0.8
JanLipavsky,2021-01-15,1,0,1,0,57,9,48,2.4
kalousekm,2021-01-15,16,16,0,9656,152,150,2,69.6
KarelHavlicek_,2021-01-15,9,4,5,124,49,22,27,0.9
kducsl,2021-01-15,24,5,19,278,194,20,174,0.5
Kuba_Martin,2021-01-15,21,21,0,4105,70,70,0,29.5
makupka,2021-01-15,1,1,0,481,11,11,0,4.7
market_a,2021-01-15,7,7,0,3784,37,33,4,30.3
MartinBaxa2,2021-01-15,3,3,0,3161,6,6,0,3.9
MJureka,2021-01-15,14,10,4,962,74,62,12,3.8
ODScz,2021-01-15,19,2,17,1244,140,20,120,8
olgarichterova,2021-01-15,5,5,0,333,34,34,0,2.3
P_Fiala,2021-01-15,5,4,1,1128,40,33,7,10.8
PiratIvanBartos,2021-01-15,5,4,1,5781,33,28,5,17.6
PiratskaStrana,2021-01-15,7,1,6,96,84,38,46,3.1
Pospisil_Jiri,2021-01-15,4,4,0,1238,31,25,6,5.6
RobertSlachta,2021-01-15,3,3,0,38,6,4,2,0.1
SpoluKoalice,2021-01-15,7,1,6,195,7,1,6,0.2
STANcz,2021-01-15,10,1,9,10,40,7,33,0.4
TomasZdechovsky,2021-01-15,27,15,12,456,470,342,128,12.1
tomio_cz,2021-01-15,5,5,0,159,46,46,0,2.6
TOP09cz,2021-01-15,14,0,14,0,141,6,135,1.2
Vit_Rakusan,2021-01-15,4,2,2,631,13,11,2,5.6
vonpecka,2021-01-15,1,1,0,42,48,34,14,0.7
ZdenekHrib,2021-01-15,5,5,0,1335,46,45,1,9.6
zeleni_cz,2021-01-15,3,0,3,0,25,8,17,0.3
alenaschillerov,2021-01-14,2,2,0,61,53,46,7,1.9
AndrejBabis,2021-01-14,16,3,13,421,194,27,167,4.9
JanLipavsky,2021-01-14,1,1,0,2,56,9,47,2.4
kalousekm,2021-01-14,4,4,0,4131,136,134,2,60
kducsl,2021-01-14,15,0,15,0,170,15,155,0.3
Kuba_Martin,2021-01-14,10,10,0,4721,49,49,0,25.4
makupka,2021-01-14,1,1,0,1465,10,10,0,4.2
market_a,2021-01-14,1,1,0,529,30,26,4,26.5
MartinBaxa2,2021-01-14,1,1,0,405,3,3,0,0.8
metnarl,2021-01-14,1,1,0,43,4,3,1,0.3
MJureka,2021-01-14,5,2,3,88,60,52,8,2.9
ODScz,2021-01-14,11,1,10,1811,121,18,103,6.8
olgarichterova,2021-01-14,4,4,0,55,29,29,0,2
P_Fiala,2021-01-14,2,1,1,287,35,29,6,9.7
PiratIvanBartos,2021-01-14,5,4,1,4985,28,24,4,11.8
PiratskaStrana,2021-01-14,12,7,5,176,77,37,40,3
Pospisil_Jiri,2021-01-14,3,3,0,1769,27,21,6,4.4
STANcz,2021-01-14,1,0,1,0,30,6,24,0.4
TomasZdechovsky,2021-01-14,47,28,19,1469,443,327,116,11.6
tomio_cz,2021-01-14,3,3,0,3,41,41,0,2.4
TOP09cz,2021-01-14,18,1,17,21,127,6,121,1.2
VeslavM,2021-01-14,1,1,0,200,15,15,0,0.3
Vit_Rakusan,2021-01-14,1,1,0,355,9,9,0,5
vonpecka,2021-01-14,3,1,2,2,47,33,14,0.7
zeleni_cz,2021-01-14,1,0,1,0,22,8,14,0.3
alenaschillerov,2021-01-13,3,2,1,83,51,44,7,1.9
AndrejBabis,2021-01-13,19,6,13,382,178,24,154,4.4
general_pavel,2021-01-13,4,4,0,1632,6,6,0,4
honzabartosek,2021-01-13,1,1,0,38,6,6,0,1.3
jana_cernochova,2021-01-13,1,1,0,110,9,9,0,0.8
JanLipavsky,2021-01-13,10,3,7,486,55,8,47,2.4
jhamacek,2021-01-13,1,1,0,84,8,4,4,0.9
kalousekm,2021-01-13,11,10,1,2095,132,130,2,55.8
KarelHavlicek_,2021-01-13,2,0,2,0,40,18,22,0.8
kducsl,2021-01-13,20,2,18,42,155,15,140,0.3
Kuba_Martin,2021-01-13,7,7,0,4140,39,39,0,20.7
makupka,2021-01-13,1,1,0,421,9,9,0,2.8
market_a,2021-01-13,6,5,1,2718,29,25,4,26
MartinBaxa2,2021-01-13,1,1,0,266,2,2,0,0.4
MJureka,2021-01-13,12,10,2,1097,55,50,5,2.8
ODScz,2021-01-13,13,1,12,485,110,17,93,4.9
olgarichterova,2021-01-13,2,2,0,24,25,25,0,2
P_Fiala,2021-01-13,7,5,2,2285,33,28,5,9.4
PiratIvanBartos,2021-01-13,8,8,0,2054,23,20,3,6.8
PiratskaStrana,2021-01-13,10,5,5,438,65,30,35,2.8
Pospisil_Jiri,2021-01-13,2,2,0,197,24,18,6,2.6
STANcz,2021-01-13,4,0,4,0,29,6,23,0.4
TomasCzernin,2021-01-13,2,2,0,336,7,7,0,3.6
TomasZdechovsky,2021-01-13,39,22,17,830,396,299,97,10.2
tomio_cz,2021-01-13,6,6,0,232,38,38,0,2.4
TOP09cz,2021-01-13,14,1,13,36,109,5,104,1.2
VeslavM,2021-01-13,1,1,0,7,14,14,0,0.1
Vit_Rakusan,2021-01-13,2,2,0,790,8,8,0,4.7
vonpecka,2021-01-13,4,3,1,31,44,32,12,0.6
zeleni_cz,2021-01-13,3,1,2,38,21,8,13,0.3
alenaschillerov,2021-01-12,4,4,0,115,48,42,6,1.8
AndrejBabis,2021-01-12,21,2,19,340,159,18,141,4.1
honzabartosek,2021-01-12,1,1,0,0,5,5,0,1.2
JanLipavsky,2021-01-12,5,2,3,571,45,5,40,1.9
kalousekm,2021-01-12,4,4,0,1279,121,120,1,53.8
KarelHavlicek_,2021-01-12,6,4,2,129,38,18,20,0.8
kducsl,2021-01-12,16,0,16,0,135,13,122,0.2
makupka,2021-01-12,1,1,0,719,8,8,0,2.4
market_a,2021-01-12,3,3,0,3670,23,20,3,23.3
metnarl,2021-01-12,1,1,0,102,3,2,1,0.3
milionchvilek,2021-01-12,1,1,0,98,3,3,0,0.3
MJureka,2021-01-12,3,3,0,218,43,40,3,1.7
ODScz,2021-01-12,12,0,12,0,97,16,81,4.5
olgarichterova,2021-01-12,3,3,0,481,23,23,0,1.9
P_Fiala,2021-01-12,7,6,1,912,26,23,3,7.1
PiratIvanBartos,2021-01-12,3,1,2,1213,15,12,3,4.8
PiratskaStrana,2021-01-12,6,3,3,960,55,25,30,2.4
Pospisil_Jiri,2021-01-12,2,1,1,207,22,16,6,2.4
STANcz,2021-01-12,9,4,5,218,25,6,19,0.4
TomasZdechovsky,2021-01-12,57,40,17,792,357,277,80,9.3
tomio_cz,2021-01-12,2,2,0,157,32,32,0,2.2
TOP09cz,2021-01-12,7,0,7,0,95,4,91,1.2
Vit_Rakusan,2021-01-12,1,1,0,1050,6,6,0,3.9
vonpecka,2021-01-12,10,8,2,37,40,29,11,0.6
zeleni_cz,2021-01-12,1,0,1,0,18,7,11,0.3
alenaschillerov,2021-01-11,8,6,2,224,44,38,6,1.7
AndrejBabis,2021-01-11,17,0,17,0,138,16,122,3.7
czKSCM,2021-01-11,1,0,1,0,7,2,5,0.1
Jan_Skopecek,2021-01-11,1,1,0,427,29,24,5,1.3
jana_cernochova,2021-01-11,1,1,0,87,8,8,0,0.6
JanLipavsky,2021-01-11,3,0,3,0,40,3,37,1.4
kalousekm,2021-01-11,12,12,0,6163,117,116,1,52.5
KarelHavlicek_,2021-01-11,2,1,1,58,32,14,18,0.7
kducsl,2021-01-11,12,0,12,0,119,13,106,0.2
Kuba_Martin,2021-01-11,1,1,0,1,32,32,0,16.5
makupka,2021-01-11,1,1,0,408,7,7,0,1.6
market_a,2021-01-11,4,3,1,2031,20,17,3,19.6
MJureka,2021-01-11,1,1,0,295,40,37,3,1.5
ODScz,2021-01-11,7,2,5,904,85,16,69,4.5
olgarichterova,2021-01-11,2,2,0,238,20,20,0,1.5
P_Fiala,2021-01-11,1,1,0,704,19,17,2,6.2
PiratskaStrana,2021-01-11,7,2,5,154,49,22,27,1.4
Pospisil_Jiri,2021-01-11,1,1,0,109,20,15,5,2.2
STANcz,2021-01-11,2,0,2,0,16,2,14,0.2
TomasZdechovsky,2021-01-11,31,20,11,1802,300,237,63,8.5
tomio_cz,2021-01-11,4,4,0,281,30,30,0,2.1
TOP09cz,2021-01-11,20,0,20,0,88,4,84,1.2
VeslavM,2021-01-11,1,1,0,5,13,13,0,0.1
vojtafilip,2021-01-11,2,2,0,64,6,6,0,0.5
vonpecka,2021-01-11,5,4,1,71,30,21,9,0.6
ZdenekHrib,2021-01-11,2,2,0,4320,41,40,1,8.3
zeleni_cz,2021-01-11,3,2,1,51,17,7,10,0.3
alenaschillerov,2021-01-10,4,3,1,257,36,32,4,1.5
AndrejBabis,2021-01-10,11,2,9,385,121,16,105,3.7
czKSCM,2021-01-10,1,1,0,10,6,2,4,0.1
jana_cernochova,2021-01-10,1,1,0,58,7,7,0,0.6
JanLipavsky,2021-01-10,4,0,4,0,37,3,34,1.4
kalousekm,2021-01-10,1,1,0,1241,105,104,1,46.3
KarelHavlicek_,2021-01-10,2,1,1,175,30,13,17,0.6
kducsl,2021-01-10,9,0,9,0,107,13,94,0.2
Kuba_Martin,2021-01-10,1,1,0,72,31,31,0,16.5
market_a,2021-01-10,1,1,0,1300,16,14,2,17.6
MJureka,2021-01-10,1,1,0,83,39,36,3,1.2
ODScz,2021-01-10,6,4,2,559,78,14,64,3.6
PiratskaStrana,2021-01-10,1,1,0,95,42,20,22,1.3
Pospisil_Jiri,2021-01-10,2,2,0,355,19,14,5,2.1
TomasZdechovsky,2021-01-10,28,19,9,814,269,217,52,6.7
tomio_cz,2021-01-10,1,1,0,1,26,26,0,1.8
TOP09cz,2021-01-10,2,0,2,0,68,4,64,1.2
VeslavM,2021-01-10,1,1,0,1,12,12,0,0.1
volimtrikoloru,2021-01-10,1,1,0,122,1,1,0,0.1
vonpecka,2021-01-10,2,2,0,38,25,17,8,0.5
ZdenekHrib,2021-01-10,1,1,0,86,39,38,1,4
alenaschillerov,2021-01-09,1,1,0,26,32,29,3,1.2
AndrejBabis,2021-01-09,9,1,8,62,110,14,96,3.3
czKSCM,2021-01-09,1,0,1,0,5,1,4,0
honzabartosek,2021-01-09,1,1,0,966,4,4,0,1.2
Jan_Skopecek,2021-01-09,1,0,1,0,28,23,5,0.8
JanLipavsky,2021-01-09,10,1,9,51,33,3,30,1.4
jhamacek,2021-01-09,2,1,1,206,7,3,4,0.8
kalousekm,2021-01-09,3,3,0,92,104,103,1,45.1
kducsl,2021-01-09,13,0,13,0,98,13,85,0.2
Kuba_Martin,2021-01-09,5,5,0,23,30,30,0,16.5
ODScz,2021-01-09,4,1,3,1319,72,10,62,3
olgarichterova,2021-01-09,3,3,0,441,18,18,0,1.2
P_Fiala,2021-01-09,3,3,0,2110,18,16,2,5.5
PiratIvanBartos,2021-01-09,3,2,1,396,12,11,1,3.6
PiratskaStrana,2021-01-09,15,8,7,465,41,19,22,1.2
Pospisil_Jiri,2021-01-09,1,1,0,30,17,12,5,1.7
RobertSlachta,2021-01-09,1,0,1,0,3,1,2,0
TomasZdechovsky,2021-01-09,35,29,6,1668,241,198,43,5.9
tomio_cz,2021-01-09,3,3,0,131,25,25,0,1.8
VeslavM,2021-01-09,2,2,0,4,11,11,0,0.1
vojtafilip,2021-01-09,1,1,0,154,4,4,0,0.4
vonpecka,2021-01-09,1,0,1,0,23,15,8,0.5
ZdenekHrib,2021-01-09,4,4,0,808,38,37,1,3.9
zeleni_cz,2021-01-09,1,0,1,0,14,5,9,0.3
alenaschillerov,2021-01-08,4,4,0,149,31,28,3,1.2
AndrejBabis,2021-01-08,12,0,12,0,101,13,88,3.3
honzabartosek,2021-01-08,1,1,0,61,3,3,0,0.3
Jan_Skopecek,2021-01-08,1,1,0,108,27,23,4,0.8
JanLipavsky,2021-01-08,4,0,4,0,23,2,21,1.3
kalousekm,2021-01-08,1,1,0,679,101,100,1,45
KarelHavlicek_,2021-01-08,5,3,2,45,28,12,16,0.4
kducsl,2021-01-08,6,0,6,0,85,13,72,0.2
Kuba_Martin,2021-01-08,13,13,0,8971,25,25,0,16.4
market_a,2021-01-08,1,1,0,2005,15,13,2,16.3
MartinBaxa2,2021-01-08,1,1,0,98,1,1,0,0.1
metnarl,2021-01-08,1,1,0,153,2,1,1,0.2
milionchvilek,2021-01-08,1,1,0,69,2,2,0,0.2
MJureka,2021-01-08,2,2,0,26,38,35,3,1.1
ODScz,2021-01-08,8,0,8,0,68,9,59,1.7
P_Fiala,2021-01-08,2,2,0,434,15,13,2,3.4
PavelSehnal64,2021-01-08,2,2,0,2,2,2,0,0
PiratIvanBartos,2021-01-08,1,1,0,2,9,9,0,3.2
PiratskaStrana,2021-01-08,2,2,0,90,26,11,15,0.7
Pospisil_Jiri,2021-01-08,1,0,1,0,16,11,5,1.7
RobertSlachta,2021-01-08,2,1,1,29,2,1,1,0
STANcz,2021-01-08,2,0,2,0,14,2,12,0.2
TomasZdechovsky,2021-01-08,22,13,9,277,206,169,37,4.3
tomio_cz,2021-01-08,2,2,0,104,22,22,0,1.6
TOP09cz,2021-01-08,4,0,4,0,66,4,62,1.2
VeslavM,2021-01-08,1,1,0,24,9,9,0,0.1
vonpecka,2021-01-08,1,1,0,30,22,15,7,0.5
ZdenekHrib,2021-01-08,5,5,0,1140,34,33,1,3.1
zeleni_cz,2021-01-08,5,1,4,0,13,5,8,0.3
alenaschillerov,2021-01-07,6,5,1,178,27,24,3,1
AndrejBabis,2021-01-07,22,7,15,2017,89,13,76,3.3
czKSCM,2021-01-07,1,1,0,42,4,1,3,0
honzabartosek,2021-01-07,1,1,0,153,2,2,0,0.2
Jan_Skopecek,2021-01-07,10,10,0,488,26,22,4,0.7
JanLipavsky,2021-01-07,3,1,2,1266,19,2,17,1.3
jhamacek,2021-01-07,2,1,1,128,5,2,3,0.6
kalousekm,2021-01-07,19,19,0,10875,100,99,1,44.3
KarelHavlicek_,2021-01-07,1,0,1,0,23,9,14,0.4
kducsl,2021-01-07,20,3,17,28,79,13,66,0.2
Kuba_Martin,2021-01-07,3,3,0,13,12,12,0,7.5
makupka,2021-01-07,2,2,0,173,6,6,0,1.2
market_a,2021-01-07,1,1,0,2568,14,12,2,14.3
metnarl,2021-01-07,1,0,1,0,1,0,1,0
MJureka,2021-01-07,9,8,1,454,36,33,3,1.1
ODScz,2021-01-07,8,1,7,7,60,9,51,1.7
olgarichterova,2021-01-07,5,5,0,84,15,15,0,0.8
P_Fiala,2021-01-07,2,2,0,537,13,11,2,3
PiratIvanBartos,2021-01-07,5,5,0,2374,8,8,0,3.2
PiratskaStrana,2021-01-07,12,4,8,296,24,9,15,0.6
Pospisil_Jiri,2021-01-07,1,1,0,442,15,11,4,1.7
STANcz,2021-01-07,4,2,2,160,12,2,10,0.2
TomasCzernin,2021-01-07,1,1,0,206,5,5,0,3.3
TomasZdechovsky,2021-01-07,28,22,6,426,184,156,28,4
tomio_cz,2021-01-07,5,5,0,320,20,20,0,1.5
TOP09cz,2021-01-07,11,1,10,212,62,4,58,1.2
VeslavM,2021-01-07,4,4,0,35,8,8,0,0
Vit_Rakusan,2021-01-07,2,2,0,468,5,5,0,2.8
vonpecka,2021-01-07,8,5,3,188,21,14,7,0.4
ZdenekHrib,2021-01-07,1,0,1,0,29,28,1,1.9
zeleni_cz,2021-01-07,4,3,1,233,8,4,4,0.3
alenaschillerov,2021-01-06,3,3,0,79,21,19,2,0.8
AndrejBabis,2021-01-06,16,0,16,0,67,6,61,1.3
czKSCM,2021-01-06,1,0,1,0,3,0,3,0
general_pavel,2021-01-06,2,2,0,2352,2,2,0,2.4
Jan_Skopecek,2021-01-06,5,4,1,29,16,12,4,0.3
jana_cernochova,2021-01-06,2,2,0,162,6,6,0,0.5
JanLipavsky,2021-01-06,13,1,12,37,16,1,15,0
jhamacek,2021-01-06,1,1,0,459,3,1,2,0.5
kalousekm,2021-01-06,20,20,0,6583,81,80,1,33.4
KarelHavlicek_,2021-01-06,7,3,4,140,22,9,13,0.4
kducsl,2021-01-06,14,3,11,46,59,10,49,0.2
makupka,2021-01-06,2,2,0,107,4,4,0,1.1
market_a,2021-01-06,6,5,1,3845,13,11,2,11.7
MJureka,2021-01-06,20,19,1,523,27,25,2,0.6
ODScz,2021-01-06,12,2,10,50,52,8,44,1.7
olgarichterova,2021-01-06,5,5,0,121,10,10,0,0.7
P_Fiala,2021-01-06,6,6,0,1558,11,9,2,2.4
PiratskaStrana,2021-01-06,5,2,3,110,12,5,7,0.3
Pospisil_Jiri,2021-01-06,7,5,2,586,14,10,4,1.3
STANcz,2021-01-06,2,0,2,0,8,0,8,0
TomasCzernin,2021-01-06,1,1,0,196,4,4,0,3
TomasZdechovsky,2021-01-06,27,21,6,164,156,134,22,3.6
tomio_cz,2021-01-06,2,2,0,146,15,15,0,1.2
TOP09cz,2021-01-06,22,2,20,182,51,3,48,1
Vit_Rakusan,2021-01-06,1,1,0,467,3,3,0,2.3
vojtafilip,2021-01-06,1,1,0,21,3,3,0,0.3
vonpecka,2021-01-06,9,8,1,230,13,9,4,0.3
ZdenekHrib,2021-01-06,2,2,0,284,28,28,0,1.9
alenaschillerov,2021-01-05,7,7,0,323,18,16,2,0.8
AndrejBabis,2021-01-05,16,0,16,0,51,6,45,1.3
honzabartosek,2021-01-05,1,1,0,39,1,1,0,0
Jan_Skopecek,2021-01-05,6,6,0,158,11,8,3,0.2
jana_cernochova,2021-01-05,4,4,0,339,4,4,0,0.3
kalousekm,2021-01-05,30,30,0,12700,61,60,1,26.8
KarelHavlicek_,2021-01-05,5,3,2,113,15,6,9,0.3
kducsl,2021-01-05,5,0,5,0,45,7,38,0.1
Kuba_Martin,2021-01-05,1,1,0,2,9,9,0,7.4
market_a,2021-01-05,2,1,1,2219,7,6,1,7.9
milionchvilek,2021-01-05,1,1,0,108,1,1,0,0.1
MJureka,2021-01-05,1,1,0,4,7,6,1,0.1
ODScz,2021-01-05,12,0,12,0,40,6,34,1.6
olgarichterova,2021-01-05,1,1,0,22,5,5,0,0.6
P_Fiala,2021-01-05,3,1,2,192,5,3,2,0.9
PiratIvanBartos,2021-01-05,1,1,0,246,3,3,0,0.8
PiratskaStrana,2021-01-05,3,1,2,27,7,3,4,0.2
Pospisil_Jiri,2021-01-05,2,1,1,121,7,5,2,0.7
STANcz,2021-01-05,2,0,2,0,6,0,6,0
TomasZdechovsky,2021-01-05,40,38,2,500,129,113,16,3.4
tomio_cz,2021-01-05,3,3,0,287,13,13,0,1.1
TOP09cz,2021-01-05,8,0,8,0,29,1,28,0.8
Zbynek_Stanjura,2021-01-05,1,1,0,546,1,1,0,0.5
ZdenekHrib,2021-01-05,1,1,0,17,26,26,0,1.6
zeleni_cz,2021-01-05,1,1,0,22,4,1,3,0
alenaschillerov,2021-01-04,2,2,0,90,11,9,2,0.4
AndrejBabis,2021-01-04,21,0,21,0,35,6,29,1.3
czKSCM,2021-01-04,1,0,1,0,2,0,2,0
JanLipavsky,2021-01-04,1,0,1,0,3,0,3,0
jhamacek,2021-01-04,1,0,1,0,2,0,2,0
kalousekm,2021-01-04,9,9,0,4526,31,30,1,14.1
KarelHavlicek_,2021-01-04,7,3,4,142,10,3,7,0.1
kducsl,2021-01-04,10,0,10,0,40,7,33,0.1
Kuba_Martin,2021-01-04,2,2,0,3070,8,8,0,7.4
makupka,2021-01-04,1,1,0,342,2,2,0,1
market_a,2021-01-04,3,3,0,2830,5,5,0,5.7
ODScz,2021-01-04,8,2,6,885,28,6,22,1.6
P_Fiala,2021-01-04,1,1,0,457,2,2,0,0.7
PiratIvanBartos,2021-01-04,2,2,0,548,2,2,0,0.5
PiratskaStrana,2021-01-04,3,2,1,168,4,2,2,0.2
Pospisil_Jiri,2021-01-04,2,2,0,255,5,4,1,0.5
STANcz,2021-01-04,2,0,2,0,4,0,4,0
TomasCzernin,2021-01-04,1,1,0,1493,3,3,0,2.9
TomasZdechovsky,2021-01-04,31,26,5,2161,89,75,14,2.9
tomio_cz,2021-01-04,4,4,0,271,10,10,0,0.8
TOP09cz,2021-01-04,11,1,10,797,21,1,20,0.8
VeslavM,2021-01-04,2,2,0,1,4,4,0,0
vojtafilip,2021-01-04,1,1,0,19,2,2,0,0.3
vonpecka,2021-01-04,3,0,3,0,4,1,3,0
ZdenekHrib,2021-01-04,18,18,0,614,25,25,0,1.6
alenaschillerov,2021-01-03,3,2,1,74,9,7,2,0.4
AndrejBabis,2021-01-03,8,2,6,310,14,6,8,1.3
czKSCM,2021-01-03,1,0,1,0,1,0,1,0
kalousekm,2021-01-03,13,12,1,2930,22,21,1,9.6
KarelHavlicek_,2021-01-03,2,0,2,0,3,0,3,0
kducsl,2021-01-03,12,7,5,146,30,7,23,0.1
Kuba_Martin,2021-01-03,6,6,0,4377,6,6,0,4.4
makupka,2021-01-03,1,1,0,614,1,1,0,0.6
MJureka,2021-01-03,5,4,1,71,6,5,1,0.1
ODScz,2021-01-03,4,0,4,0,20,4,16,0.7
olgarichterova,2021-01-03,1,1,0,67,4,4,0,0.5
Pospisil_Jiri,2021-01-03,2,1,1,93,3,2,1,0.3
STANcz,2021-01-03,1,0,1,0,2,0,2,0
TomasCzernin,2021-01-03,1,1,0,763,2,2,0,1.4
TomasZdechovsky,2021-01-03,9,6,3,115,58,49,9,0.7
tomio_cz,2021-01-03,3,3,0,279,6,6,0,0.5
TOP09cz,2021-01-03,7,0,7,0,10,0,10,0
VeslavM,2021-01-03,1,1,0,8,2,2,0,0
Vit_Rakusan,2021-01-03,1,1,0,1502,2,2,0,1.9
vojtafilip,2021-01-03,1,1,0,238,1,1,0,0.2
zeleni_cz,2021-01-03,1,0,1,0,3,0,3,0
alenaschillerov,2021-01-02,2,1,1,68,6,5,1,0.3
AndrejBabis,2021-01-02,4,3,1,621,6,4,2,0.9
Jan_Skopecek,2021-01-02,1,0,1,0,5,2,3,0.1
kalousekm,2021-01-02,6,6,0,4061,9,9,0,6.7
KarelHavlicek_,2021-01-02,1,0,1,0,1,0,1,0
kducsl,2021-01-02,10,0,10,0,18,0,18,0
ODScz,2021-01-02,1,0,1,0,16,4,12,0.7
Pospisil_Jiri,2021-01-02,1,1,0,200,1,1,0,0.2
TomasZdechovsky,2021-01-02,30,26,4,417,49,43,6,0.6
vonpecka,2021-01-02,1,1,0,24,1,1,0,0
ZdenekHrib,2021-01-02,5,5,0,272,7,7,0,1
alenaschillerov,2021-01-01,4,4,0,214,4,4,0,0.2
AndrejBabis,2021-01-01,2,1,1,329,2,1,1,0.3
Jan_Skopecek,2021-01-01,4,2,2,65,4,2,2,0.1
JanLipavsky,2021-01-01,2,0,2,0,2,0,2,0
jhamacek,2021-01-01,1,0,1,0,1,0,1,0
kalousekm,2021-01-01,3,3,0,2624,3,3,0,2.6
kducsl,2021-01-01,8,0,8,0,8,0,8,0
market_a,2021-01-01,2,2,0,2824,2,2,0,2.8
MJureka,2021-01-01,1,1,0,10,1,1,0,0
ODScz,2021-01-01,15,4,11,737,15,4,11,0.7
olgarichterova,2021-01-01,3,3,0,480,3,3,0,0.5
P_Fiala,2021-01-01,1,1,0,239,1,1,0,0.2
PiratskaStrana,2021-01-01,1,0,1,0,1,0,1,0
STANcz,2021-01-01,1,0,1,0,1,0,1,0
TomasCzernin,2021-01-01,1,1,0,596,1,1,0,0.6
TomasZdechovsky,2021-01-01,19,17,2,205,19,17,2,0.2
tomio_cz,2021-01-01,3,3,0,234,3,3,0,0.2
TOP09cz,2021-01-01,3,0,3,0,3,0,3,0
VeslavM,2021-01-01,1,1,0,0,1,1,0,0
Vit_Rakusan,2021-01-01,1,1,0,379,1,1,0,0.4
ZdenekHrib,2021-01-01,2,2,0,735,2,2,0,0.7
zeleni_cz,2021-01-01,2,0,2,0,2,0,2,0
