entity_name,date,posts_and_retweets_in_day,posts_in_day,retweets_in_day,interactions_in_day,cumulative_posts_and_retweets,cumulative_posts,cumulative_retweets,cumulative_interactions_thousands
alenaschillerov,2021-11-23,7,7,0,520,2027,1825,202,78
AndrejBabis,2021-11-23,13,4,9,498,4360,1013,3347,177.2
czKSCM,2021-11-23,1,0,1,0,110,21,89,0.2
honzabartosek,2021-11-23,1,1,0,196,512,509,3,58.9
Jan_Skopecek,2021-11-23,1,0,1,0,962,827,135,167
jana_cernochova,2021-11-23,3,3,0,408,970,949,21,90
KarelHavlicek_,2021-11-23,2,1,1,34,1473,1087,386,51.9
kducsl,2021-11-23,19,1,18,25,5679,443,5236,20.4
Kuba_Martin,2021-11-23,40,40,0,675,1541,1541,0,193.6
market_a,2021-11-23,3,3,0,4295,1236,1048,188,1026.7
metnarl,2021-11-23,1,1,0,27,209,163,46,14.6
ODScz,2021-11-23,4,2,2,813,5137,1671,3466,235.4
PiratIvanBartos,2021-11-23,1,1,0,705,1098,1020,78,504.9
PiratskaStrana,2021-11-23,1,0,1,0,1846,760,1086,132.4
Pospisil_Jiri,2021-11-23,1,1,0,431,563,478,85,136.3
SpoluKoalice,2021-11-23,30,0,30,0,6220,460,5760,100.7
STANcz,2021-11-23,5,0,5,0,1480,387,1093,48.3
TomasCzernin,2021-11-23,1,1,0,20,225,219,6,112.7
TomasZdechovsky,2021-11-23,32,21,11,1212,9771,7354,2417,436
TOP09cz,2021-11-23,23,4,19,328,4503,244,4259,45.1
VeslavM,2021-11-23,2,2,0,622,845,821,24,38.2
Vit_Rakusan,2021-11-23,1,1,0,1442,437,403,34,324.9
vojtafilip,2021-11-23,1,1,0,110,85,85,0,7.3
vonpecka,2021-11-23,6,4,2,65,1074,752,322,19.8
ZdenekHrib,2021-11-23,5,5,0,986,1095,966,129,205.5
alenaschillerov,2021-11-22,10,8,2,304,2020,1818,202,77.4
AndrejBabis,2021-11-22,19,0,19,0,4347,1009,3338,176.7
Jan_Skopecek,2021-11-22,1,1,0,61,961,827,134,167
jana_cernochova,2021-11-22,3,3,0,1,967,946,21,89.6
kalousekm,2021-11-22,3,3,0,3005,3603,3548,55,1707.4
KarelHavlicek_,2021-11-22,5,4,1,238,1471,1086,385,51.9
kducsl,2021-11-22,4,0,4,0,5660,442,5218,20.4
Kuba_Martin,2021-11-22,4,4,0,6,1501,1501,0,192.9
market_a,2021-11-22,3,3,0,5153,1233,1045,188,1022.4
metnarl,2021-11-22,1,0,1,0,208,162,46,14.6
MJureka,2021-11-22,1,1,0,71,1852,1640,212,375.3
ODScz,2021-11-22,8,4,4,309,5133,1669,3464,234.6
P_Fiala,2021-11-22,3,3,0,512,1367,831,536,442.6
Pospisil_Jiri,2021-11-22,1,1,0,1125,562,477,85,135.8
RobertSlachta,2021-11-22,1,1,0,22,243,136,107,5.1
SpoluKoalice,2021-11-22,29,0,29,0,6190,460,5730,100.7
TomasZdechovsky,2021-11-22,28,21,7,1394,9739,7333,2406,434.8
tomio_cz,2021-11-22,4,4,0,464,1195,1195,0,69.8
TOP09cz,2021-11-22,10,4,6,718,4480,240,4240,44.8
vojtafilip,2021-11-22,1,1,0,27,84,84,0,7.2
ZdenekHrib,2021-11-22,3,3,0,235,1090,961,129,204.5
zeleni_cz,2021-11-22,1,0,1,0,1133,798,335,28.9
alenaschillerov,2021-11-21,3,2,1,262,2010,1810,200,77.1
AndrejBabis,2021-11-21,13,1,12,251,4328,1009,3319,176.7
jana_cernochova,2021-11-21,6,6,0,458,964,943,21,89.6
KarelHavlicek_,2021-11-21,1,0,1,0,1466,1082,384,51.7
kducsl,2021-11-21,10,3,7,283,5656,442,5214,20.4
Kuba_Martin,2021-11-21,14,14,0,383,1497,1497,0,192.9
market_a,2021-11-21,2,1,1,179,1230,1042,188,1017.2
ODScz,2021-11-21,1,1,0,133,5125,1665,3460,234.3
olgarichterova,2021-11-21,1,0,1,0,636,558,78,56.6
SpoluKoalice,2021-11-21,12,0,12,0,6161,460,5701,100.7
TomasZdechovsky,2021-11-21,27,20,7,1602,9711,7312,2399,433.4
tomio_cz,2021-11-21,1,1,0,267,1191,1191,0,69.3
TOP09cz,2021-11-21,6,0,6,0,4470,236,4234,44.1
VeslavM,2021-11-21,2,2,0,1,843,819,24,37.6
ZdenekHrib,2021-11-21,6,4,2,1359,1087,958,129,204.3
alenaschillerov,2021-11-20,1,1,0,46,2007,1808,199,76.9
AndrejBabis,2021-11-20,1,0,1,0,4315,1008,3307,176.5
general_pavel,2021-11-20,1,1,0,701,203,202,1,127.6
Jan_Skopecek,2021-11-20,3,1,2,165,960,826,134,166.9
jana_cernochova,2021-11-20,5,5,0,969,958,937,21,89.2
JanLipavsky,2021-11-20,2,1,1,965,2016,360,1656,60.4
kalousekm,2021-11-20,2,2,0,1180,3600,3545,55,1704.4
kducsl,2021-11-20,12,0,12,0,5646,439,5207,20.1
Kuba_Martin,2021-11-20,1,1,0,2,1483,1483,0,192.5
market_a,2021-11-20,10,10,0,2506,1228,1041,187,1017.1
MJureka,2021-11-20,5,5,0,1279,1851,1639,212,375.2
ODScz,2021-11-20,8,1,7,50,5124,1664,3460,234.1
olgarichterova,2021-11-20,3,3,0,236,635,558,77,56.6
P_Fiala,2021-11-20,3,3,0,1332,1364,828,536,442.1
PiratIvanBartos,2021-11-20,4,4,0,743,1097,1019,78,504.2
Pospisil_Jiri,2021-11-20,1,1,0,183,561,476,85,134.7
SpoluKoalice,2021-11-20,60,0,60,0,6149,460,5689,100.7
STANcz,2021-11-20,2,0,2,0,1475,387,1088,48.3
TomasCzernin,2021-11-20,2,2,0,561,224,218,6,112.7
TomasZdechovsky,2021-11-20,24,22,2,789,9684,7292,2392,431.8
tomio_cz,2021-11-20,1,1,0,194,1190,1190,0,69
TOP09cz,2021-11-20,62,32,30,2278,4464,236,4228,44.1
Vit_Rakusan,2021-11-20,1,1,0,1332,436,402,34,323.4
zeleni_cz,2021-11-20,2,1,1,0,1132,798,334,28.9
alenaschillerov,2021-11-19,6,6,0,476,2006,1807,199,76.8
AndrejBabis,2021-11-19,24,2,22,271,4314,1008,3306,176.5
kalousekm,2021-11-19,16,16,0,8032,3598,3543,55,1703.2
KarelHavlicek_,2021-11-19,2,1,1,36,1465,1082,383,51.7
kducsl,2021-11-19,6,0,6,0,5634,439,5195,20.1
Kuba_Martin,2021-11-19,1,1,0,1,1482,1482,0,192.5
market_a,2021-11-19,2,2,0,859,1218,1031,187,1014.6
MJureka,2021-11-19,2,2,0,766,1846,1634,212,373.9
ODScz,2021-11-19,2,1,1,184,5116,1663,3453,234.1
PiratIvanBartos,2021-11-19,2,2,0,850,1093,1015,78,503.4
PiratskaStrana,2021-11-19,3,0,3,0,1845,760,1085,132.4
Pospisil_Jiri,2021-11-19,1,1,0,139,560,475,85,134.5
SpoluKoalice,2021-11-19,15,0,15,0,6089,460,5629,100.7
STANcz,2021-11-19,3,0,3,0,1473,387,1086,48.3
TomasZdechovsky,2021-11-19,24,18,6,418,9660,7270,2390,431
tomio_cz,2021-11-19,1,1,0,210,1189,1189,0,68.8
TOP09cz,2021-11-19,17,2,15,94,4402,204,4198,41.8
ZdenekHrib,2021-11-19,5,4,1,2073,1081,954,127,202.9
zeleni_cz,2021-11-19,7,6,1,174,1130,797,333,28.9
alenaschillerov,2021-11-18,2,2,0,57,2000,1801,199,76.4
AndrejBabis,2021-11-18,13,5,8,598,4290,1006,3284,176.2
JanLipavsky,2021-11-18,10,0,10,0,2014,359,1655,59.4
jhamacek,2021-11-18,1,1,0,83,569,430,139,62.6
kalousekm,2021-11-18,5,5,0,6298,3582,3527,55,1695.2
KarelHavlicek_,2021-11-18,7,5,2,169,1463,1081,382,51.6
kducsl,2021-11-18,10,0,10,0,5628,439,5189,20.1
Kuba_Martin,2021-11-18,16,16,0,2027,1481,1481,0,192.5
makupka,2021-11-18,1,1,0,108,230,203,27,130
market_a,2021-11-18,4,4,0,3253,1216,1029,187,1013.7
milionchvilek,2021-11-18,1,1,0,0,424,310,114,63.3
MJureka,2021-11-18,14,13,1,695,1844,1632,212,373.2
ODScz,2021-11-18,6,1,5,160,5114,1662,3452,233.9
olgarichterova,2021-11-18,1,1,0,75,632,555,77,56.4
P_Fiala,2021-11-18,1,1,0,2431,1361,825,536,440.8
PiratIvanBartos,2021-11-18,1,0,1,0,1091,1013,78,502.6
PiratskaStrana,2021-11-18,1,1,0,606,1842,760,1082,132.4
Pospisil_Jiri,2021-11-18,1,1,0,475,559,474,85,134.4
SpoluKoalice,2021-11-18,17,0,17,0,6074,460,5614,100.7
STANcz,2021-11-18,4,3,1,294,1470,387,1083,48.3
TomasCzernin,2021-11-18,1,1,0,726,222,216,6,112.1
TomasZdechovsky,2021-11-18,19,16,3,1878,9636,7252,2384,430.6
tomio_cz,2021-11-18,5,5,0,315,1188,1188,0,68.6
TOP09cz,2021-11-18,13,1,12,289,4385,202,4183,41.7
VeslavM,2021-11-18,1,1,0,1,841,817,24,37.6
ZdenekHrib,2021-11-18,6,6,0,1216,1076,950,126,200.8
zeleni_cz,2021-11-18,1,1,0,68,1123,791,332,28.7
alenaschillerov,2021-11-17,4,4,0,341,1998,1799,199,76.3
AndrejBabis,2021-11-17,17,8,9,1937,4277,1001,3276,175.6
general_pavel,2021-11-17,1,1,0,563,202,201,1,126.9
honzabartosek,2021-11-17,1,1,0,351,511,508,3,58.7
Jan_Skopecek,2021-11-17,2,2,0,715,957,825,132,166.8
jana_cernochova,2021-11-17,7,7,0,555,953,932,21,88.2
JanLipavsky,2021-11-17,2,1,1,159,2004,359,1645,59.4
jhamacek,2021-11-17,1,1,0,11,568,429,139,62.6
kalousekm,2021-11-17,4,4,0,10148,3577,3522,55,1688.9
KarelHavlicek_,2021-11-17,1,0,1,0,1456,1076,380,51.5
kducsl,2021-11-17,26,5,21,316,5618,439,5179,20.1
Kuba_Martin,2021-11-17,6,6,0,32,1465,1465,0,190.5
market_a,2021-11-17,3,3,0,4818,1212,1025,187,1010.4
MartinBaxa2,2021-11-17,2,2,0,247,149,133,16,41.1
milionchvilek,2021-11-17,3,3,0,420,423,309,114,63.3
MJureka,2021-11-17,5,5,0,474,1830,1619,211,372.5
ODScz,2021-11-17,27,6,21,1269,5108,1661,3447,233.7
olgarichterova,2021-11-17,1,1,0,166,631,554,77,56.3
P_Fiala,2021-11-17,11,10,1,7585,1360,824,536,438.4
PiratIvanBartos,2021-11-17,1,1,0,1014,1090,1013,77,502.6
PiratskaStrana,2021-11-17,4,0,4,0,1841,759,1082,131.8
Pospisil_Jiri,2021-11-17,2,1,1,72,558,473,85,133.9
SpoluKoalice,2021-11-17,70,0,70,0,6057,460,5597,100.7
STANcz,2021-11-17,13,0,13,0,1466,384,1082,48
TomasCzernin,2021-11-17,1,1,0,377,221,215,6,111.4
TomasZdechovsky,2021-11-17,16,11,5,618,9617,7236,2381,428.7
tomio_cz,2021-11-17,6,6,0,185,1183,1183,0,68.3
TOP09cz,2021-11-17,25,2,23,1194,4372,201,4171,41.4
VeslavM,2021-11-17,1,1,0,670,840,816,24,37.6
Vit_Rakusan,2021-11-17,15,15,0,5574,435,401,34,322.1
vonpecka,2021-11-17,1,0,1,0,1068,748,320,19.7
Zbynek_Stanjura,2021-11-17,2,2,0,269,45,36,9,37.4
ZdenekHrib,2021-11-17,9,7,2,2298,1070,944,126,199.6
zeleni_cz,2021-11-17,7,7,0,125,1122,790,332,28.6
alenaschillerov,2021-11-16,3,3,0,198,1994,1795,199,76
AndrejBabis,2021-11-16,21,2,19,174,4260,993,3267,173.7
JanLipavsky,2021-11-16,1,0,1,0,2002,358,1644,59.2
jhamacek,2021-11-16,1,1,0,135,567,428,139,62.5
kalousekm,2021-11-16,4,3,1,3188,3573,3518,55,1678.7
KarelHavlicek_,2021-11-16,8,8,0,672,1455,1076,379,51.5
kducsl,2021-11-16,9,1,8,37,5592,434,5158,19.8
Kuba_Martin,2021-11-16,19,19,0,448,1459,1459,0,190.4
market_a,2021-11-16,2,2,0,4002,1209,1022,187,1005.6
MJureka,2021-11-16,1,1,0,117,1825,1614,211,372
ODScz,2021-11-16,8,2,6,176,5081,1655,3426,232.5
P_Fiala,2021-11-16,3,2,1,1773,1349,814,535,430.8
SpoluKoalice,2021-11-16,22,0,22,0,5987,460,5527,100.7
STANcz,2021-11-16,6,0,6,0,1453,384,1069,48
TomasCzernin,2021-11-16,2,2,0,1101,220,214,6,111
TomasZdechovsky,2021-11-16,26,23,3,542,9601,7225,2376,428.1
tomio_cz,2021-11-16,7,7,0,669,1177,1177,0,68.1
TOP09cz,2021-11-16,13,2,11,2966,4347,199,4148,40.2
Vit_Rakusan,2021-11-16,1,0,1,0,420,386,34,316.5
vonpecka,2021-11-16,4,2,2,7,1067,748,319,19.7
ZdenekHrib,2021-11-16,6,6,0,400,1061,937,124,197.3
alenaschillerov,2021-11-15,5,5,0,340,1991,1792,199,75.8
AndrejBabis,2021-11-15,14,0,14,0,4239,991,3248,173.5
general_pavel,2021-11-15,1,1,0,1095,201,200,1,126.3
honzabartosek,2021-11-15,5,5,0,859,510,507,3,58.3
Jan_Skopecek,2021-11-15,1,1,0,22,955,823,132,166.1
jana_cernochova,2021-11-15,2,2,0,525,946,925,21,87.6
JanLipavsky,2021-11-15,6,1,5,532,2001,358,1643,59.2
kalousekm,2021-11-15,2,2,0,2235,3569,3515,54,1675.5
KarelHavlicek_,2021-11-15,1,1,0,73,1447,1068,379,50.8
kducsl,2021-11-15,10,0,10,0,5583,433,5150,19.7
Kuba_Martin,2021-11-15,6,6,0,2062,1440,1440,0,190
makupka,2021-11-15,1,1,0,529,229,202,27,129.9
market_a,2021-11-15,3,3,0,4036,1207,1020,187,1001.6
milionchvilek,2021-11-15,2,2,0,157,420,306,114,62.9
MJureka,2021-11-15,3,3,0,641,1824,1613,211,371.9
ODScz,2021-11-15,11,4,7,922,5073,1653,3420,232.3
olgarichterova,2021-11-15,1,1,0,482,630,553,77,56.1
P_Fiala,2021-11-15,3,3,0,4388,1346,812,534,429
PiratIvanBartos,2021-11-15,1,1,0,3215,1089,1012,77,501.6
PiratskaStrana,2021-11-15,3,1,2,908,1837,759,1078,131.8
Pospisil_Jiri,2021-11-15,2,2,0,394,556,472,84,133.8
SpoluKoalice,2021-11-15,33,0,33,0,5965,460,5505,100.7
STANcz,2021-11-15,3,0,3,0,1447,384,1063,48
TomasCzernin,2021-11-15,1,1,0,306,218,212,6,109.9
TomasZdechovsky,2021-11-15,65,50,15,1948,9575,7202,2373,427.6
TOP09cz,2021-11-15,21,2,19,99,4334,197,4137,37.2
VeslavM,2021-11-15,2,2,0,1,839,815,24,36.9
Vit_Rakusan,2021-11-15,1,1,0,3400,419,386,33,316.5
vojtafilip,2021-11-15,1,1,0,42,83,83,0,7.2
vonpecka,2021-11-15,14,12,2,168,1063,746,317,19.7
ZdenekHrib,2021-11-15,3,2,1,9,1055,931,124,196.9
zeleni_cz,2021-11-15,2,1,1,34,1115,783,332,28.5
alenaschillerov,2021-11-14,2,2,0,69,1986,1787,199,75.4
AndrejBabis,2021-11-14,7,2,5,356,4225,991,3234,173.5
jana_cernochova,2021-11-14,1,1,0,24,944,923,21,87.1
kalousekm,2021-11-14,3,3,0,848,3567,3513,54,1673.3
KarelHavlicek_,2021-11-14,1,0,1,0,1446,1067,379,50.7
kducsl,2021-11-14,13,5,8,164,5573,433,5140,19.7
Kuba_Martin,2021-11-14,44,44,0,5041,1434,1434,0,187.9
MJureka,2021-11-14,3,3,0,248,1821,1610,211,371.2
olgarichterova,2021-11-14,1,1,0,146,629,552,77,55.6
Pospisil_Jiri,2021-11-14,2,2,0,89,554,470,84,133.4
SpoluKoalice,2021-11-14,22,0,22,0,5932,460,5472,100.7
STANcz,2021-11-14,2,1,1,97,1444,384,1060,48
TomasZdechovsky,2021-11-14,26,18,8,772,9510,7152,2358,425.6
VeslavM,2021-11-14,2,2,0,719,837,813,24,36.9
Vit_Rakusan,2021-11-14,7,7,0,4007,418,385,33,313.1
vonpecka,2021-11-14,1,0,1,0,1049,734,315,19.5
ZdenekHrib,2021-11-14,1,0,1,0,1052,929,123,196.9
zeleni_cz,2021-11-14,7,6,1,139,1113,782,331,28.5
alenaschillerov,2021-11-13,2,0,2,0,1984,1785,199,75.3
AndrejBabis,2021-11-13,9,2,7,457,4218,989,3229,173.2
czKSCM,2021-11-13,1,0,1,0,109,21,88,0.2
Jan_Skopecek,2021-11-13,2,1,1,452,954,822,132,166
jana_cernochova,2021-11-13,1,1,0,2,943,922,21,87.1
JanLipavsky,2021-11-13,1,0,1,0,1995,357,1638,58.7
kducsl,2021-11-13,5,0,5,0,5560,428,5132,19.6
Kuba_Martin,2021-11-13,7,7,0,1568,1390,1390,0,182.9
market_a,2021-11-13,3,3,0,2938,1204,1017,187,997.6
milionchvilek,2021-11-13,1,1,0,176,418,304,114,62.8
MJureka,2021-11-13,13,13,0,1672,1818,1607,211,371
ODScz,2021-11-13,2,1,1,1002,5062,1649,3413,231.4
olgarichterova,2021-11-13,1,1,0,160,628,551,77,55.5
SpoluKoalice,2021-11-13,18,0,18,0,5910,460,5450,100.7
STANcz,2021-11-13,2,0,2,0,1442,383,1059,48
TomasZdechovsky,2021-11-13,13,12,1,386,9484,7134,2350,424.8
tomio_cz,2021-11-13,1,1,0,236,1170,1170,0,67.5
TOP09cz,2021-11-13,6,0,6,0,4313,195,4118,37.1
vonpecka,2021-11-13,2,2,0,112,1048,734,314,19.5
ZdenekHrib,2021-11-13,8,8,0,2854,1051,929,122,196.9
zeleni_cz,2021-11-13,1,1,0,7,1106,776,330,28.3
alenaschillerov,2021-11-12,5,5,0,343,1982,1785,197,75.3
AndrejBabis,2021-11-12,21,1,20,213,4209,987,3222,172.7
honzabartosek,2021-11-12,2,2,0,119,505,502,3,57.5
jana_cernochova,2021-11-12,1,1,0,150,942,921,21,87.1
jhamacek,2021-11-12,3,3,0,369,566,427,139,62.4
kalousekm,2021-11-12,12,11,1,6413,3564,3510,54,1672.4
KarelHavlicek_,2021-11-12,4,4,0,254,1445,1067,378,50.7
kducsl,2021-11-12,8,0,8,0,5555,428,5127,19.6
Kuba_Martin,2021-11-12,3,3,0,30,1383,1383,0,181.3
market_a,2021-11-12,2,2,0,996,1201,1014,187,994.6
MJureka,2021-11-12,2,2,0,148,1805,1594,211,369.3
ODScz,2021-11-12,3,1,2,865,5060,1648,3412,230.4
P_Fiala,2021-11-12,1,1,0,377,1343,809,534,424.6
PiratIvanBartos,2021-11-12,6,6,0,2511,1088,1011,77,498.4
PiratskaStrana,2021-11-12,5,1,4,265,1834,758,1076,130.9
Pospisil_Jiri,2021-11-12,1,0,1,0,552,468,84,133.4
SpoluKoalice,2021-11-12,31,0,31,0,5892,460,5432,100.7
STANcz,2021-11-12,1,0,1,0,1440,383,1057,48
TomasZdechovsky,2021-11-12,27,24,3,858,9471,7122,2349,424.5
tomio_cz,2021-11-12,10,10,0,781,1169,1169,0,67.2
TOP09cz,2021-11-12,10,1,9,317,4307,195,4112,37.1
VeslavM,2021-11-12,2,2,0,0,835,811,24,36.2
vonpecka,2021-11-12,5,2,3,33,1046,732,314,19.4
ZdenekHrib,2021-11-12,5,3,2,290,1043,921,122,194.1
zeleni_cz,2021-11-12,1,1,0,1,1105,775,330,28.3
alenaschillerov,2021-11-11,6,6,0,684,1977,1780,197,75
AndrejBabis,2021-11-11,27,2,25,525,4188,986,3202,172.5
czKSCM,2021-11-11,1,0,1,0,108,21,87,0.2
general_pavel,2021-11-11,1,1,0,710,200,199,1,125.2
honzabartosek,2021-11-11,7,7,0,134,503,500,3,57.3
jana_cernochova,2021-11-11,3,3,0,275,941,920,21,86.9
JanLipavsky,2021-11-11,3,1,2,53,1994,357,1637,58.7
kalousekm,2021-11-11,3,3,0,2356,3552,3499,53,1666
KarelHavlicek_,2021-11-11,1,1,0,46,1441,1063,378,50.5
kducsl,2021-11-11,11,0,11,0,5547,428,5119,19.6
Kuba_Martin,2021-11-11,15,15,0,8817,1380,1380,0,181.3
market_a,2021-11-11,3,3,0,436,1199,1012,187,993.7
MartinBaxa2,2021-11-11,1,1,0,49,147,131,16,40.9
metnarl,2021-11-11,3,3,0,285,207,162,45,14.6
milionchvilek,2021-11-11,4,2,2,516,417,303,114,62.6
MJureka,2021-11-11,2,2,0,125,1803,1592,211,369.2
ODScz,2021-11-11,9,1,8,140,5057,1647,3410,229.5
P_Fiala,2021-11-11,2,2,0,1464,1342,808,534,424.2
PiratIvanBartos,2021-11-11,1,1,0,802,1082,1005,77,495.9
PiratskaStrana,2021-11-11,2,1,1,292,1829,757,1072,130.6
Pospisil_Jiri,2021-11-11,2,2,0,1080,551,468,83,133.4
SpoluKoalice,2021-11-11,22,1,21,304,5861,460,5401,100.7
STANcz,2021-11-11,1,0,1,0,1439,383,1056,48
TomasCzernin,2021-11-11,1,1,0,183,217,211,6,109.6
TomasZdechovsky,2021-11-11,32,24,8,947,9444,7098,2346,423.6
tomio_cz,2021-11-11,1,1,0,24,1159,1159,0,66.4
TOP09cz,2021-11-11,14,1,13,148,4297,194,4103,36.8
Vit_Rakusan,2021-11-11,1,1,0,621,411,378,33,309.1
vojtafilip,2021-11-11,2,2,0,77,82,82,0,7.2
vonpecka,2021-11-11,1,1,0,7,1041,730,311,19.4
ZdenekHrib,2021-11-11,4,4,0,118,1038,918,120,193.8
zeleni_cz,2021-11-11,1,1,0,68,1104,774,330,28.3
alenaschillerov,2021-11-10,10,10,0,599,1971,1774,197,74.3
AndrejBabis,2021-11-10,19,2,17,1225,4161,984,3177,172
general_pavel,2021-11-10,1,1,0,575,199,198,1,124.5
honzabartosek,2021-11-10,22,22,0,925,496,493,3,57.2
Jan_Skopecek,2021-11-10,6,3,3,430,952,821,131,165.6
jana_cernochova,2021-11-10,7,7,0,988,938,917,21,86.7
JanLipavsky,2021-11-10,3,2,1,392,1991,356,1635,58.6
kalousekm,2021-11-10,6,6,0,3022,3549,3496,53,1663.7
kducsl,2021-11-10,29,1,28,302,5536,428,5108,19.6
market_a,2021-11-10,5,5,0,8791,1196,1009,187,993.2
MartinBaxa2,2021-11-10,2,2,0,140,146,130,16,40.9
milionchvilek,2021-11-10,3,3,0,954,413,301,112,62.1
MJureka,2021-11-10,6,6,0,2934,1801,1590,211,369.1
ODScz,2021-11-10,10,0,10,0,5048,1646,3402,229.4
olgarichterova,2021-11-10,1,1,0,1836,627,550,77,55.3
P_Fiala,2021-11-10,3,3,0,4206,1340,806,534,422.8
PavelSehnal64,2021-11-10,1,1,0,5,81,81,0,0.4
PiratIvanBartos,2021-11-10,3,3,0,2180,1081,1004,77,495.1
PiratskaStrana,2021-11-10,4,2,2,1167,1827,756,1071,130.3
Pospisil_Jiri,2021-11-10,2,2,0,455,549,466,83,132.3
SpoluKoalice,2021-11-10,28,0,28,0,5839,459,5380,100.4
STANcz,2021-11-10,8,1,7,341,1438,383,1055,48
TomasCzernin,2021-11-10,2,2,0,881,216,210,6,109.4
TomasZdechovsky,2021-11-10,19,18,1,1637,9412,7074,2338,422.6
tomio_cz,2021-11-10,1,1,0,21,1158,1158,0,66.4
TOP09cz,2021-11-10,35,1,34,2296,4283,193,4090,36.7
Vit_Rakusan,2021-11-10,6,6,0,6628,410,377,33,308.5
vojtafilip,2021-11-10,2,2,0,185,80,80,0,7.1
vonpecka,2021-11-10,3,2,1,34,1040,729,311,19.4
Zbynek_Stanjura,2021-11-10,1,1,0,2294,43,34,9,37.1
ZdenekHrib,2021-11-10,13,11,2,1364,1034,914,120,193.7
zeleni_cz,2021-11-10,1,0,1,0,1103,773,330,28.2
alenaschillerov,2021-11-09,8,8,0,263,1961,1764,197,73.7
AndrejBabis,2021-11-09,18,1,17,580,4142,982,3160,170.7
honzabartosek,2021-11-09,1,1,0,0,474,471,3,56.3
jana_cernochova,2021-11-09,4,4,0,45,931,910,21,85.7
kalousekm,2021-11-09,5,5,0,4649,3543,3490,53,1660.7
KarelHavlicek_,2021-11-09,4,4,0,259,1440,1062,378,50.4
kducsl,2021-11-09,14,0,14,0,5507,427,5080,19.3
Kuba_Martin,2021-11-09,5,5,0,506,1365,1365,0,172.5
MJureka,2021-11-09,2,2,0,340,1795,1584,211,366.1
ODScz,2021-11-09,5,1,4,1065,5038,1646,3392,229.4
olgarichterova,2021-11-09,1,1,0,12,626,549,77,53.5
P_Fiala,2021-11-09,1,1,0,3263,1337,803,534,418.6
PiratIvanBartos,2021-11-09,2,2,0,1316,1078,1001,77,492.9
PiratskaStrana,2021-11-09,6,2,4,815,1823,754,1069,129.2
Pospisil_Jiri,2021-11-09,1,1,0,466,547,464,83,131.8
SpoluKoalice,2021-11-09,5,0,5,0,5811,459,5352,100.4
STANcz,2021-11-09,1,0,1,0,1430,382,1048,47.6
TomasCzernin,2021-11-09,1,1,0,128,214,208,6,108.5
TomasZdechovsky,2021-11-09,30,22,8,679,9393,7056,2337,421
tomio_cz,2021-11-09,4,4,0,677,1157,1157,0,66.4
TOP09cz,2021-11-09,6,0,6,0,4248,192,4056,34.4
vonpecka,2021-11-09,3,2,1,52,1037,727,310,19.3
zeleni_cz,2021-11-09,11,10,1,252,1102,773,329,28.2
alenaschillerov,2021-11-08,3,3,0,191,1953,1756,197,73.5
AndrejBabis,2021-11-08,11,1,10,119,4124,981,3143,170.2
general_pavel,2021-11-08,2,2,0,910,198,197,1,123.9
honzabartosek,2021-11-08,7,7,0,363,473,470,3,56.3
jana_cernochova,2021-11-08,15,15,0,807,927,906,21,85.6
kalousekm,2021-11-08,9,9,0,4952,3538,3485,53,1656
KarelHavlicek_,2021-11-08,1,1,0,53,1436,1058,378,50.1
kducsl,2021-11-08,29,5,24,187,5493,427,5066,19.3
Kuba_Martin,2021-11-08,4,4,0,4,1360,1360,0,172
makupka,2021-11-08,1,1,0,247,228,201,27,129.4
market_a,2021-11-08,3,3,0,5238,1191,1004,187,984.4
milionchvilek,2021-11-08,1,1,0,66,410,298,112,61.1
MJureka,2021-11-08,4,4,0,920,1793,1582,211,365.8
ODScz,2021-11-08,16,3,13,743,5033,1645,3388,228.3
olgarichterova,2021-11-08,1,0,1,0,625,548,77,53.5
P_Fiala,2021-11-08,7,7,0,4467,1336,802,534,415.3
PavelSehnal64,2021-11-08,1,1,0,5,80,80,0,0.4
PiratIvanBartos,2021-11-08,2,2,0,2238,1076,999,77,491.6
PiratskaStrana,2021-11-08,13,10,3,1072,1817,752,1065,128.3
Pospisil_Jiri,2021-11-08,2,2,0,717,546,463,83,131.4
SpoluKoalice,2021-11-08,28,0,28,0,5806,459,5347,100.4
STANcz,2021-11-08,7,3,4,150,1429,382,1047,47.6
TomasCzernin,2021-11-08,2,2,0,611,213,207,6,108.4
TomasZdechovsky,2021-11-08,24,17,7,1042,9363,7034,2329,420.3
tomio_cz,2021-11-08,4,4,0,248,1153,1153,0,65.7
TOP09cz,2021-11-08,23,2,21,171,4242,192,4050,34.4
Vit_Rakusan,2021-11-08,1,1,0,1315,404,371,33,301.9
vonpecka,2021-11-08,5,5,0,59,1034,725,309,19.3
ZdenekHrib,2021-11-08,3,3,0,342,1021,903,118,192.3
zeleni_cz,2021-11-08,1,1,0,45,1091,763,328,28
alenaschillerov,2021-11-07,2,2,0,284,1950,1753,197,73.3
AndrejBabis,2021-11-07,9,1,8,337,4113,980,3133,170
Jan_Skopecek,2021-11-07,1,1,0,1426,946,818,128,165.2
jana_cernochova,2021-11-07,49,49,0,2932,912,891,21,84.8
JanLipavsky,2021-11-07,1,0,1,0,1988,354,1634,58.3
kalousekm,2021-11-07,2,2,0,3143,3529,3476,53,1651.1
KarelHavlicek_,2021-11-07,2,1,1,191,1435,1057,378,50.1
kducsl,2021-11-07,4,0,4,0,5464,422,5042,19.1
Kuba_Martin,2021-11-07,16,16,0,5332,1356,1356,0,172
market_a,2021-11-07,2,2,0,6180,1188,1001,187,979.2
ODScz,2021-11-07,4,2,2,185,5017,1642,3375,227.6
PiratIvanBartos,2021-11-07,1,1,0,1208,1074,997,77,489.3
PiratskaStrana,2021-11-07,1,0,1,0,1804,742,1062,127.3
TomasZdechovsky,2021-11-07,16,12,4,516,9339,7017,2322,419.3
TOP09cz,2021-11-07,1,0,1,0,4219,190,4029,34.2
VeslavM,2021-11-07,3,3,0,111,833,809,24,36.2
alenaschillerov,2021-11-06,3,3,0,144,1948,1751,197,73
AndrejBabis,2021-11-06,3,0,3,0,4104,979,3125,169.7
Jan_Skopecek,2021-11-06,2,2,0,211,945,817,128,163.7
jana_cernochova,2021-11-06,1,1,0,6,863,842,21,81.9
JanLipavsky,2021-11-06,2,0,2,0,1987,354,1633,58.3
kducsl,2021-11-06,5,0,5,0,5460,422,5038,19.1
Kuba_Martin,2021-11-06,8,8,0,7440,1340,1340,0,166.6
market_a,2021-11-06,1,1,0,314,1186,999,187,973
milionchvilek,2021-11-06,1,1,0,353,409,297,112,61.1
ODScz,2021-11-06,4,2,2,183,5013,1640,3373,227.4
P_Fiala,2021-11-06,1,1,0,488,1329,795,534,410.8
PiratIvanBartos,2021-11-06,1,1,0,554,1073,996,77,488.1
PiratskaStrana,2021-11-06,1,0,1,0,1803,742,1061,127.3
Pospisil_Jiri,2021-11-06,1,0,1,0,544,461,83,130.6
STANcz,2021-11-06,1,0,1,0,1422,379,1043,47.5
TomasZdechovsky,2021-11-06,21,19,2,1162,9323,7005,2318,418.8
tomio_cz,2021-11-06,3,3,0,451,1149,1149,0,65.5
TOP09cz,2021-11-06,11,0,11,0,4218,190,4028,34.2
Vit_Rakusan,2021-11-06,1,1,0,1,403,370,33,300.6
ZdenekHrib,2021-11-06,2,2,0,652,1018,900,118,192
zeleni_cz,2021-11-06,1,0,1,0,1090,762,328,27.9
alenaschillerov,2021-11-05,10,10,0,280,1945,1748,197,72.8
AndrejBabis,2021-11-05,25,3,22,937,4101,979,3122,169.7
general_pavel,2021-11-05,1,1,0,550,196,195,1,123
honzabartosek,2021-11-05,1,1,0,84,466,463,3,55.9
Jan_Skopecek,2021-11-05,1,1,0,619,943,815,128,163.5
kalousekm,2021-11-05,3,3,0,1769,3527,3474,53,1647.9
KarelHavlicek_,2021-11-05,3,3,0,207,1433,1056,377,49.9
kducsl,2021-11-05,16,1,15,113,5455,422,5033,19.1
market_a,2021-11-05,4,4,0,3400,1185,998,187,972.7
MartinBaxa2,2021-11-05,1,0,1,0,144,128,16,40.7
metnarl,2021-11-05,1,0,1,0,204,159,45,14.3
MJureka,2021-11-05,3,3,0,496,1789,1578,211,364.9
ODScz,2021-11-05,11,3,8,1362,5009,1638,3371,227.2
P_Fiala,2021-11-05,3,3,0,1710,1328,794,534,410.4
PiratskaStrana,2021-11-05,1,0,1,0,1802,742,1060,127.3
Pospisil_Jiri,2021-11-05,4,4,0,1042,543,461,82,130.6
SpoluKoalice,2021-11-05,9,0,9,0,5778,459,5319,100.4
STANcz,2021-11-05,2,0,2,0,1421,379,1042,47.5
TomasCzernin,2021-11-05,1,1,0,134,211,205,6,107.8
TomasZdechovsky,2021-11-05,30,22,8,727,9302,6986,2316,417.6
tomio_cz,2021-11-05,3,3,0,50,1146,1146,0,65
TOP09cz,2021-11-05,9,3,6,337,4207,190,4017,34.2
vojtafilip,2021-11-05,2,2,0,385,78,78,0,6.9
zeleni_cz,2021-11-05,2,0,2,0,1089,762,327,27.9
alenaschillerov,2021-11-04,3,3,0,113,1935,1738,197,72.6
AndrejBabis,2021-11-04,17,5,12,765,4076,976,3100,168.8
honzabartosek,2021-11-04,18,18,0,348,465,462,3,55.8
Jan_Skopecek,2021-11-04,1,1,0,23,942,814,128,162.9
JanLipavsky,2021-11-04,1,0,1,0,1985,354,1631,58.3
jhamacek,2021-11-04,1,1,0,53,563,424,139,62
kalousekm,2021-11-04,2,2,0,1228,3524,3471,53,1646.1
KarelHavlicek_,2021-11-04,5,5,0,225,1430,1053,377,49.7
kducsl,2021-11-04,4,1,3,71,5439,421,5018,19
Kuba_Martin,2021-11-04,2,2,0,6016,1332,1332,0,159.2
makupka,2021-11-04,1,1,0,0,227,200,27,129.1
market_a,2021-11-04,4,4,0,1292,1181,994,187,969.3
MartinBaxa2,2021-11-04,1,0,1,0,143,128,15,40.7
ODScz,2021-11-04,9,2,7,921,4998,1635,3363,225.8
P_Fiala,2021-11-04,2,1,1,620,1325,791,534,408.7
PiratIvanBartos,2021-11-04,3,3,0,986,1072,995,77,487.6
PiratskaStrana,2021-11-04,2,0,2,0,1801,742,1059,127.3
Pospisil_Jiri,2021-11-04,1,1,0,409,539,457,82,129.6
SpoluKoalice,2021-11-04,10,0,10,0,5769,459,5310,100.4
STANcz,2021-11-04,1,1,0,64,1419,379,1040,47.5
TomasCzernin,2021-11-04,1,1,0,266,210,204,6,107.6
TomasZdechovsky,2021-11-04,23,12,11,398,9272,6964,2308,416.9
tomio_cz,2021-11-04,5,5,0,152,1143,1143,0,65
TOP09cz,2021-11-04,14,1,13,262,4198,187,4011,33.9
VeslavM,2021-11-04,3,3,0,104,830,806,24,36.1
Vit_Rakusan,2021-11-04,4,3,1,2227,402,369,33,300.6
zeleni_cz,2021-11-04,2,1,1,19,1087,762,325,27.9
alenaschillerov,2021-11-03,3,3,0,138,1932,1735,197,72.4
AndrejBabis,2021-11-03,11,0,11,0,4059,971,3088,168
Jan_Skopecek,2021-11-03,1,0,1,0,941,813,128,162.9
jana_cernochova,2021-11-03,1,1,0,84,862,841,21,81.9
JanLipavsky,2021-11-03,1,0,1,0,1984,354,1630,58.3
kalousekm,2021-11-03,8,8,0,2918,3522,3469,53,1644.9
KarelHavlicek_,2021-11-03,3,1,2,75,1425,1048,377,49.5
kducsl,2021-11-03,8,0,8,0,5435,420,5015,18.9
market_a,2021-11-03,1,1,0,8855,1177,990,187,968
MJureka,2021-11-03,1,1,0,182,1786,1575,211,364.4
ODScz,2021-11-03,3,0,3,0,4989,1633,3356,224.9
olgarichterova,2021-11-03,2,1,1,355,624,548,76,53.5
PiratIvanBartos,2021-11-03,3,1,2,2382,1069,992,77,486.6
PiratskaStrana,2021-11-03,15,12,3,715,1799,742,1057,127.3
Pospisil_Jiri,2021-11-03,1,0,1,0,538,456,82,129.2
SpoluKoalice,2021-11-03,11,0,11,0,5759,459,5300,100.4
STANcz,2021-11-03,2,0,2,0,1418,378,1040,47.4
TomasCzernin,2021-11-03,1,1,0,467,209,203,6,107.4
TomasZdechovsky,2021-11-03,11,8,3,60,9249,6952,2297,416.5
tomio_cz,2021-11-03,5,5,0,693,1138,1138,0,64.8
TOP09cz,2021-11-03,6,1,5,188,4184,186,3998,33.6
vonpecka,2021-11-03,4,2,2,39,1029,720,309,19.2
ZdenekHrib,2021-11-03,2,1,1,3,1016,898,118,191.3
zeleni_cz,2021-11-03,3,1,2,12,1085,761,324,27.9
alenaschillerov,2021-11-02,4,4,0,315,1929,1732,197,72.3
AndrejBabis,2021-11-02,17,0,17,0,4048,971,3077,168
jana_cernochova,2021-11-02,1,1,0,209,861,840,21,81.8
JanLipavsky,2021-11-02,3,0,3,0,1983,354,1629,58.3
KarelHavlicek_,2021-11-02,3,3,0,290,1422,1047,375,49.4
kducsl,2021-11-02,18,1,17,53,5427,420,5007,18.9
Kuba_Martin,2021-11-02,1,1,0,0,1330,1330,0,153.2
market_a,2021-11-02,3,3,0,8578,1176,989,187,959.1
MJureka,2021-11-02,3,3,0,873,1785,1574,211,364.2
ODScz,2021-11-02,5,1,4,594,4986,1633,3353,224.9
olgarichterova,2021-11-02,2,2,0,121,622,547,75,53.1
P_Fiala,2021-11-02,2,1,1,569,1323,790,533,408
PiratIvanBartos,2021-11-02,3,2,1,1744,1066,991,75,484.2
PiratskaStrana,2021-11-02,4,1,3,332,1784,730,1054,126.6
Pospisil_Jiri,2021-11-02,1,1,0,540,537,456,81,129.2
SpoluKoalice,2021-11-02,10,1,9,346,5748,459,5289,100.4
TomasZdechovsky,2021-11-02,26,21,5,1187,9238,6944,2294,416.4
tomio_cz,2021-11-02,4,4,0,164,1133,1133,0,64.1
TOP09cz,2021-11-02,10,3,7,250,4178,185,3993,33.4
VeslavM,2021-11-02,3,3,0,500,827,803,24,36
Vit_Rakusan,2021-11-02,3,3,0,6662,398,366,32,298.3
vojtafilip,2021-11-02,1,1,0,50,76,76,0,6.5
vonpecka,2021-11-02,5,3,2,27,1025,718,307,19.2
ZdenekHrib,2021-11-02,4,4,0,1142,1014,897,117,191.3
zeleni_cz,2021-11-02,6,6,0,484,1082,760,322,27.9
alenaschillerov,2021-11-01,8,8,0,395,1925,1728,197,72
AndrejBabis,2021-11-01,31,6,25,1077,4031,971,3060,168
Jan_Skopecek,2021-11-01,3,2,1,1186,940,813,127,162.9
jana_cernochova,2021-11-01,1,1,0,203,860,839,21,81.6
JanLipavsky,2021-11-01,4,0,4,0,1980,354,1626,58.3
kalousekm,2021-11-01,4,4,0,1673,3514,3461,53,1642
KarelHavlicek_,2021-11-01,8,5,3,319,1419,1044,375,49.1
kducsl,2021-11-01,5,0,5,0,5409,419,4990,18.8
Kuba_Martin,2021-11-01,2,2,0,15,1329,1329,0,153.2
market_a,2021-11-01,1,1,0,421,1173,986,187,950.6
metnarl,2021-11-01,1,1,0,70,203,159,44,14.3
milionchvilek,2021-11-01,1,1,0,258,408,296,112,60.7
MJureka,2021-11-01,1,1,0,634,1782,1571,211,363.3
ODScz,2021-11-01,8,1,7,128,4981,1632,3349,224.3
olgarichterova,2021-11-01,2,1,1,246,620,545,75,53
P_Fiala,2021-11-01,1,1,0,281,1321,789,532,407.5
PiratIvanBartos,2021-11-01,6,5,1,1302,1063,989,74,482.4
PiratskaStrana,2021-11-01,5,2,3,1392,1780,729,1051,126.2
Pospisil_Jiri,2021-11-01,2,1,1,118,536,455,81,128.6
SpoluKoalice,2021-11-01,14,0,14,0,5738,458,5280,100.1
STANcz,2021-11-01,5,1,4,34,1416,378,1038,47.4
TomasZdechovsky,2021-11-01,28,25,3,948,9212,6923,2289,415.2
tomio_cz,2021-11-01,3,3,0,200,1129,1129,0,64
TOP09cz,2021-11-01,3,0,3,0,4168,182,3986,33.2
VeslavM,2021-11-01,11,11,0,297,824,800,24,35.5
Vit_Rakusan,2021-11-01,7,7,0,5768,395,363,32,291.7
vonpecka,2021-11-01,4,2,2,21,1020,715,305,19.2
Zbynek_Stanjura,2021-11-01,1,1,0,20,42,33,9,34.9
ZdenekHrib,2021-11-01,2,2,0,399,1010,893,117,190.2
zeleni_cz,2021-11-01,3,1,2,14,1076,754,322,27.4
alenaschillerov,2021-10-31,4,3,1,227,1917,1720,197,71.6
AndrejBabis,2021-10-31,16,13,3,1416,4000,965,3035,166.9
jana_cernochova,2021-10-31,1,1,0,6,859,838,21,81.4
kalousekm,2021-10-31,2,2,0,206,3510,3457,53,1640.3
KarelHavlicek_,2021-10-31,5,2,3,132,1411,1039,372,48.8
kducsl,2021-10-31,6,2,4,78,5404,419,4985,18.8
market_a,2021-10-31,1,1,0,990,1172,985,187,950.1
metnarl,2021-10-31,1,0,1,0,202,158,44,14.2
MJureka,2021-10-31,1,1,0,1,1781,1570,211,362.7
ODScz,2021-10-31,6,4,2,442,4973,1631,3342,224.2
olgarichterova,2021-10-31,2,2,0,316,618,544,74,52.8
P_Fiala,2021-10-31,2,1,1,1174,1320,788,532,407.2
Pospisil_Jiri,2021-10-31,1,1,0,280,534,454,80,128.5
STANcz,2021-10-31,2,0,2,0,1411,377,1034,47.4
TomasZdechovsky,2021-10-31,16,14,2,167,9184,6898,2286,414.3
TOP09cz,2021-10-31,5,1,4,186,4165,182,3983,33.2
ZdenekHrib,2021-10-31,8,8,0,937,1008,891,117,189.8
alenaschillerov,2021-10-30,3,3,0,161,1913,1717,196,71.4
AndrejBabis,2021-10-30,10,1,9,306,3984,952,3032,165.5
kalousekm,2021-10-30,4,4,0,4640,3508,3455,53,1640.1
KarelHavlicek_,2021-10-30,3,3,0,231,1406,1037,369,48.7
kducsl,2021-10-30,7,0,7,0,5398,417,4981,18.8
market_a,2021-10-30,2,2,0,3399,1171,984,187,949.2
milionchvilek,2021-10-30,4,4,0,848,407,295,112,60.4
MJureka,2021-10-30,12,12,0,1419,1780,1569,211,362.7
ODScz,2021-10-30,2,2,0,259,4967,1627,3340,223.7
P_Fiala,2021-10-30,1,0,1,0,1318,787,531,406
PiratIvanBartos,2021-10-30,1,1,0,179,1057,984,73,481.1
PiratskaStrana,2021-10-30,1,0,1,0,1775,727,1048,124.8
Pospisil_Jiri,2021-10-30,1,1,0,363,533,453,80,128.2
SpoluKoalice,2021-10-30,5,0,5,0,5724,458,5266,100.1
TomasZdechovsky,2021-10-30,12,12,0,570,9168,6884,2284,414.1
TOP09cz,2021-10-30,2,0,2,0,4160,181,3979,33
VeslavM,2021-10-30,1,1,0,26,813,789,24,35.2
vonpecka,2021-10-30,1,0,1,0,1016,713,303,19.2
zeleni_cz,2021-10-30,1,0,1,0,1073,753,320,27.4
alenaschillerov,2021-10-29,6,6,0,447,1910,1714,196,71.2
AndrejBabis,2021-10-29,10,0,10,0,3974,951,3023,165.2
Jan_Skopecek,2021-10-29,5,5,0,142,937,811,126,161.7
jana_cernochova,2021-10-29,4,4,0,137,858,837,21,81.4
JanLipavsky,2021-10-29,4,0,4,0,1976,354,1622,58.3
kalousekm,2021-10-29,5,5,0,2059,3504,3451,53,1635.5
KarelHavlicek_,2021-10-29,2,1,1,93,1403,1034,369,48.4
kducsl,2021-10-29,6,0,6,0,5391,417,4974,18.8
market_a,2021-10-29,1,1,0,1068,1169,982,187,945.8
ODScz,2021-10-29,8,1,7,92,4965,1625,3340,223.5
olgarichterova,2021-10-29,1,1,0,211,616,542,74,52.5
P_Fiala,2021-10-29,2,2,0,396,1317,787,530,406
PiratIvanBartos,2021-10-29,2,2,0,624,1056,983,73,481
PiratskaStrana,2021-10-29,3,0,3,0,1774,727,1047,124.8
Pospisil_Jiri,2021-10-29,1,0,1,0,532,452,80,127.9
SpoluKoalice,2021-10-29,15,0,15,0,5719,458,5261,100.1
TomasZdechovsky,2021-10-29,23,18,5,169,9156,6872,2284,413.6
tomio_cz,2021-10-29,3,3,0,238,1126,1126,0,63.8
TOP09cz,2021-10-29,10,0,10,0,4158,181,3977,33
ZdenekHrib,2021-10-29,1,1,0,342,1000,883,117,188.8
alenaschillerov,2021-10-28,5,3,2,258,1904,1708,196,70.8
AndrejBabis,2021-10-28,15,2,13,950,3964,951,3013,165.2
general_pavel,2021-10-28,1,1,0,645,195,194,1,122.5
honzabartosek,2021-10-28,2,2,0,190,447,444,3,55.5
Jan_Skopecek,2021-10-28,7,7,0,590,932,806,126,161.6
jana_cernochova,2021-10-28,3,3,0,342,854,833,21,81.2
JanLipavsky,2021-10-28,9,2,7,621,1972,354,1618,58.3
kalousekm,2021-10-28,5,5,0,3240,3499,3446,53,1633.4
kducsl,2021-10-28,20,1,19,52,5385,417,4968,18.8
Kuba_Martin,2021-10-28,11,11,0,8,1327,1327,0,153.2
market_a,2021-10-28,4,4,0,3082,1168,981,187,944.7
metnarl,2021-10-28,1,1,0,76,201,158,43,14.2
MJureka,2021-10-28,1,1,0,209,1768,1557,211,361.3
ODScz,2021-10-28,11,1,10,111,4957,1624,3333,223.4
olgarichterova,2021-10-28,1,1,0,114,615,541,74,52.2
P_Fiala,2021-10-28,6,6,0,2559,1315,785,530,405.6
PiratIvanBartos,2021-10-28,3,3,0,876,1054,981,73,480.3
PiratskaStrana,2021-10-28,3,1,2,2,1771,727,1044,124.8
Pospisil_Jiri,2021-10-28,1,1,0,54,531,452,79,127.9
SpoluKoalice,2021-10-28,18,0,18,0,5704,458,5246,100.1
STANcz,2021-10-28,4,0,4,0,1409,377,1032,47.4
TomasCzernin,2021-10-28,1,1,0,739,208,202,6,106.9
TomasZdechovsky,2021-10-28,30,25,5,452,9133,6854,2279,413.4
TOP09cz,2021-10-28,2,0,2,0,4148,181,3967,33
VeslavM,2021-10-28,10,10,0,403,812,788,24,35.1
Vit_Rakusan,2021-10-28,9,9,0,10231,388,356,32,285.9
vonpecka,2021-10-28,2,2,0,70,1015,713,302,19.2
ZdenekHrib,2021-10-28,2,2,0,464,999,882,117,188.5
zeleni_cz,2021-10-28,3,3,0,128,1072,753,319,27.4
alenaschillerov,2021-10-27,6,6,0,405,1899,1705,194,70.5
AndrejBabis,2021-10-27,31,1,30,830,3949,949,3000,164.3
Jan_Skopecek,2021-10-27,1,1,0,3669,925,799,126,161
jana_cernochova,2021-10-27,3,3,0,705,851,830,21,80.9
JanLipavsky,2021-10-27,6,0,6,0,1963,352,1611,57.6
jhamacek,2021-10-27,1,1,0,44,562,423,139,62
kalousekm,2021-10-27,10,10,0,4602,3494,3441,53,1630.2
KarelHavlicek_,2021-10-27,9,9,0,407,1401,1033,368,48.3
kducsl,2021-10-27,12,0,12,0,5365,416,4949,18.7
Kuba_Martin,2021-10-27,17,17,0,312,1316,1316,0,153.2
market_a,2021-10-27,2,2,0,3253,1164,977,187,941.6
MartinBaxa2,2021-10-27,2,0,2,0,142,128,14,40.7
metnarl,2021-10-27,2,1,1,85,200,157,43,14.1
milionchvilek,2021-10-27,1,0,1,0,403,291,112,59.6
MJureka,2021-10-27,1,0,1,0,1767,1556,211,361
ODScz,2021-10-27,23,3,20,376,4946,1623,3323,223.3
P_Fiala,2021-10-27,5,4,1,1577,1309,779,530,403.1
PiratIvanBartos,2021-10-27,5,5,0,4750,1051,978,73,479.5
PiratskaStrana,2021-10-27,4,1,3,5,1768,726,1042,124.8
Pospisil_Jiri,2021-10-27,1,1,0,263,530,451,79,127.8
SpoluKoalice,2021-10-27,8,0,8,0,5686,458,5228,100.1
STANcz,2021-10-27,1,0,1,0,1405,377,1028,47.4
TomasZdechovsky,2021-10-27,20,14,6,1360,9103,6829,2274,412.9
tomio_cz,2021-10-27,6,6,0,768,1123,1123,0,63.5
TOP09cz,2021-10-27,8,0,8,0,4146,181,3965,33
Vit_Rakusan,2021-10-27,1,1,0,2186,379,347,32,275.7
vonpecka,2021-10-27,5,5,0,64,1013,711,302,19.1
ZdenekHrib,2021-10-27,3,2,1,1005,997,880,117,188
zeleni_cz,2021-10-27,1,0,1,0,1069,750,319,27.3
alenaschillerov,2021-10-26,7,7,0,307,1893,1699,194,70.1
AndrejBabis,2021-10-26,23,0,23,0,3918,948,2970,163.4
jana_cernochova,2021-10-26,1,1,0,49,848,827,21,80.2
JanLipavsky,2021-10-26,4,0,4,0,1957,352,1605,57.6
kalousekm,2021-10-26,8,8,0,3121,3484,3431,53,1625.6
KarelHavlicek_,2021-10-26,10,9,1,700,1392,1024,368,47.9
kducsl,2021-10-26,19,5,14,341,5353,416,4937,18.7
Kuba_Martin,2021-10-26,26,26,0,44,1299,1299,0,152.8
market_a,2021-10-26,5,4,1,3573,1162,975,187,938.4
metnarl,2021-10-26,2,2,0,90,198,156,42,14
milionchvilek,2021-10-26,3,3,0,487,402,291,111,59.6
ODScz,2021-10-26,8,0,8,0,4923,1620,3303,222.9
olgarichterova,2021-10-26,2,1,1,124,614,540,74,52.1
P_Fiala,2021-10-26,2,2,0,1994,1304,775,529,401.5
PiratIvanBartos,2021-10-26,2,2,0,1647,1046,973,73,474.7
PiratskaStrana,2021-10-26,3,1,2,0,1764,725,1039,124.8
Pospisil_Jiri,2021-10-26,1,0,1,0,529,450,79,127.6
SpoluKoalice,2021-10-26,15,1,14,586,5678,458,5220,100.1
TomasCzernin,2021-10-26,1,1,0,611,207,201,6,106.2
TomasZdechovsky,2021-10-26,23,18,5,414,9083,6815,2268,411.6
tomio_cz,2021-10-26,3,3,0,403,1117,1117,0,62.8
TOP09cz,2021-10-26,9,1,8,632,4138,181,3957,33
vonpecka,2021-10-26,11,11,0,203,1008,706,302,19
ZdenekHrib,2021-10-26,10,10,0,1625,994,878,116,187
alenaschillerov,2021-10-25,7,7,0,493,1886,1692,194,69.8
AndrejBabis,2021-10-25,18,2,16,781,3895,948,2947,163.4
Jan_Skopecek,2021-10-25,1,1,0,141,924,798,126,157.3
jana_cernochova,2021-10-25,1,1,0,232,847,826,21,80.1
jhamacek,2021-10-25,2,2,0,197,561,422,139,61.9
kalousekm,2021-10-25,6,6,0,7488,3476,3423,53,1622.5
KarelHavlicek_,2021-10-25,3,1,2,55,1382,1015,367,47.2
kducsl,2021-10-25,9,0,9,0,5334,411,4923,18.4
Kuba_Martin,2021-10-25,11,11,0,58,1273,1273,0,152.8
market_a,2021-10-25,1,1,0,3009,1157,971,186,934.8
MJureka,2021-10-25,2,1,1,285,1766,1556,210,361
ODScz,2021-10-25,7,1,6,442,4915,1620,3295,222.9
olgarichterova,2021-10-25,1,1,0,33,612,539,73,52
P_Fiala,2021-10-25,1,1,0,894,1302,773,529,399.5
PiratskaStrana,2021-10-25,1,1,0,107,1761,724,1037,124.8
Pospisil_Jiri,2021-10-25,2,2,0,767,528,450,78,127.6
STANcz,2021-10-25,3,0,3,0,1404,377,1027,47.4
TomasZdechovsky,2021-10-25,22,13,9,955,9060,6797,2263,411.2
tomio_cz,2021-10-25,2,2,0,35,1114,1114,0,62.4
TOP09cz,2021-10-25,6,0,6,0,4129,180,3949,32.4
VeslavM,2021-10-25,1,0,1,0,802,778,24,34.7
Vit_Rakusan,2021-10-25,12,12,0,3627,378,346,32,273.5
vojtafilip,2021-10-25,1,1,0,106,75,75,0,6.5
vonpecka,2021-10-25,11,6,5,176,997,695,302,18.8
ZdenekHrib,2021-10-25,1,0,1,0,984,868,116,185.4
alenaschillerov,2021-10-24,3,2,1,630,1879,1685,194,69.3
AndrejBabis,2021-10-24,7,1,6,338,3877,946,2931,162.6
Jan_Skopecek,2021-10-24,13,1,12,2191,923,797,126,157.2
JanLipavsky,2021-10-24,1,0,1,0,1953,352,1601,57.6
kalousekm,2021-10-24,9,9,0,2749,3470,3417,53,1615
KarelHavlicek_,2021-10-24,2,0,2,0,1379,1014,365,47.2
kducsl,2021-10-24,7,0,7,0,5325,411,4914,18.4
Kuba_Martin,2021-10-24,11,11,0,4162,1262,1262,0,152.7
MJureka,2021-10-24,4,3,1,36,1764,1555,209,360.8
ODScz,2021-10-24,10,8,2,931,4908,1619,3289,222.5
Pospisil_Jiri,2021-10-24,1,0,1,0,526,448,78,126.8
SpoluKoalice,2021-10-24,5,0,5,0,5663,457,5206,99.5
TomasZdechovsky,2021-10-24,23,15,8,560,9038,6784,2254,410.2
VeslavM,2021-10-24,1,1,0,357,801,778,23,34.7
Vit_Rakusan,2021-10-24,1,0,1,0,366,334,32,269.9
vonpecka,2021-10-24,1,0,1,0,986,689,297,18.6
ZdenekHrib,2021-10-24,3,3,0,716,983,868,115,185.4
alenaschillerov,2021-10-23,2,0,2,0,1876,1683,193,68.7
AndrejBabis,2021-10-23,20,6,14,1220,3870,945,2925,162.3
Jan_Skopecek,2021-10-23,1,0,1,0,910,796,114,155
kalousekm,2021-10-23,7,7,0,4347,3461,3408,53,1612.2
KarelHavlicek_,2021-10-23,5,4,1,861,1377,1014,363,47.2
kducsl,2021-10-23,10,0,10,0,5318,411,4907,18.4
Kuba_Martin,2021-10-23,48,48,0,658,1251,1251,0,148.6
market_a,2021-10-23,1,1,0,894,1156,970,186,931.8
MJureka,2021-10-23,5,4,1,1115,1760,1552,208,360.7
ODScz,2021-10-23,5,2,3,177,4898,1611,3287,221.5
P_Fiala,2021-10-23,1,0,1,0,1301,772,529,398.6
SpoluKoalice,2021-10-23,8,0,8,0,5658,457,5201,99.5
TomasZdechovsky,2021-10-23,4,2,2,881,9015,6769,2246,409.6
tomio_cz,2021-10-23,1,1,0,111,1112,1112,0,62.3
TOP09cz,2021-10-23,2,0,2,0,4123,180,3943,32.4
VeslavM,2021-10-23,6,6,0,793,800,777,23,34.4
vonpecka,2021-10-23,3,2,1,198,985,689,296,18.6
zeleni_cz,2021-10-23,1,1,0,1,1068,750,318,27.3
alenaschillerov,2021-10-22,6,5,1,430,1874,1683,191,68.7
AndrejBabis,2021-10-22,34,8,26,1267,3850,939,2911,161.1
general_pavel,2021-10-22,2,2,0,756,194,193,1,121.8
jana_cernochova,2021-10-22,4,4,0,8,846,825,21,79.9
kalousekm,2021-10-22,9,9,0,1083,3454,3401,53,1607.9
KarelHavlicek_,2021-10-22,7,7,0,302,1372,1010,362,46.3
kducsl,2021-10-22,13,0,13,0,5308,411,4897,18.4
market_a,2021-10-22,2,2,0,5457,1155,969,186,930.9
MJureka,2021-10-22,1,1,0,238,1755,1548,207,359.6
ODScz,2021-10-22,5,1,4,122,4893,1609,3284,221.4
P_Fiala,2021-10-22,2,2,0,932,1300,772,528,398.6
PiratskaStrana,2021-10-22,1,0,1,0,1760,723,1037,124.7
Pospisil_Jiri,2021-10-22,3,3,0,1763,525,448,77,126.8
SpoluKoalice,2021-10-22,8,0,8,0,5650,457,5193,99.5
STANcz,2021-10-22,1,0,1,0,1401,377,1024,47.4
TomasCzernin,2021-10-22,1,1,0,298,206,200,6,105.6
TomasZdechovsky,2021-10-22,20,17,3,1827,9011,6767,2244,408.8
tomio_cz,2021-10-22,2,2,0,59,1111,1111,0,62.2
TOP09cz,2021-10-22,5,0,5,0,4121,180,3941,32.4
VeslavM,2021-10-22,14,14,0,474,794,771,23,33.6
vonpecka,2021-10-22,2,2,0,243,982,687,295,18.4
ZdenekHrib,2021-10-22,2,1,1,130,980,865,115,184.7
zeleni_cz,2021-10-22,1,0,1,0,1067,749,318,27.3
alenaschillerov,2021-10-21,6,6,0,643,1868,1678,190,68.2
AndrejBabis,2021-10-21,40,3,37,656,3816,931,2885,159.8
jana_cernochova,2021-10-21,2,2,0,13,842,821,21,79.9
JanLipavsky,2021-10-21,3,0,3,0,1952,352,1600,57.6
kalousekm,2021-10-21,11,11,0,5814,3445,3392,53,1606.8
KarelHavlicek_,2021-10-21,5,5,0,301,1365,1003,362,46
kducsl,2021-10-21,5,0,5,0,5295,411,4884,18.4
Kuba_Martin,2021-10-21,10,10,0,11,1203,1203,0,147.9
market_a,2021-10-21,3,3,0,4499,1153,967,186,925.4
MJureka,2021-10-21,1,0,1,0,1754,1547,207,359.4
ODScz,2021-10-21,5,2,3,1250,4888,1608,3280,221.2
olgarichterova,2021-10-21,2,2,0,2107,611,538,73,52
P_Fiala,2021-10-21,2,2,0,1610,1298,770,528,397.7
PiratIvanBartos,2021-10-21,1,1,0,691,1044,971,73,473.1
PiratskaStrana,2021-10-21,2,0,2,0,1759,723,1036,124.7
Pospisil_Jiri,2021-10-21,3,3,0,561,522,445,77,125
SpoluKoalice,2021-10-21,23,0,23,0,5642,457,5185,99.5
STANcz,2021-10-21,4,1,3,74,1400,377,1023,47.4
TomasZdechovsky,2021-10-21,35,24,11,2280,8991,6750,2241,406.9
tomio_cz,2021-10-21,5,5,0,919,1109,1109,0,62.2
TOP09cz,2021-10-21,9,0,9,0,4116,180,3936,32.4
VeslavM,2021-10-21,1,1,0,93,780,757,23,33.1
Vit_Rakusan,2021-10-21,2,2,0,6463,365,334,31,269.9
vonpecka,2021-10-21,3,2,1,10,980,685,295,18.2
ZdenekHrib,2021-10-21,3,3,0,276,978,864,114,184.5
alenaschillerov,2021-10-20,7,7,0,613,1862,1672,190,67.6
AndrejBabis,2021-10-20,35,3,32,455,3776,928,2848,159.2
general_pavel,2021-10-20,1,1,0,513,192,191,1,121.1
honzabartosek,2021-10-20,2,2,0,261,445,442,3,55.3
jana_cernochova,2021-10-20,2,2,0,266,840,819,21,79.9
JanLipavsky,2021-10-20,4,1,3,161,1949,352,1597,57.6
kalousekm,2021-10-20,12,12,0,6485,3434,3381,53,1601
KarelHavlicek_,2021-10-20,3,3,0,154,1360,998,362,45.7
kducsl,2021-10-20,25,2,23,86,5290,411,4879,18.4
Kuba_Martin,2021-10-20,8,8,0,8,1193,1193,0,147.9
market_a,2021-10-20,4,4,0,4383,1150,964,186,920.9
milionchvilek,2021-10-20,1,1,0,57,399,288,111,59.1
MJureka,2021-10-20,1,1,0,252,1753,1547,206,359.4
ODScz,2021-10-20,5,2,3,277,4883,1606,3277,220
P_Fiala,2021-10-20,2,2,0,1779,1296,768,528,396
PiratIvanBartos,2021-10-20,2,2,0,3068,1043,970,73,472.4
PiratskaStrana,2021-10-20,3,1,2,102,1757,723,1034,124.7
Pospisil_Jiri,2021-10-20,1,1,0,847,519,442,77,124.5
RobertSlachta,2021-10-20,2,2,0,269,242,135,107,5.1
SpoluKoalice,2021-10-20,15,2,13,676,5619,457,5162,99.5
STANcz,2021-10-20,3,0,3,0,1396,376,1020,47.3
TomasZdechovsky,2021-10-20,25,20,5,2814,8956,6726,2230,404.7
tomio_cz,2021-10-20,3,3,0,50,1104,1104,0,61.2
TOP09cz,2021-10-20,11,2,9,142,4107,180,3927,32.4
VeslavM,2021-10-20,4,4,0,195,779,756,23,33
vonpecka,2021-10-20,4,2,2,32,977,683,294,18.2
ZdenekHrib,2021-10-20,18,14,4,993,975,861,114,184.3
zeleni_cz,2021-10-20,1,0,1,0,1066,749,317,27.3
alenaschillerov,2021-10-19,6,5,1,448,1855,1665,190,67
AndrejBabis,2021-10-19,29,5,24,1883,3741,925,2816,158.7
honzabartosek,2021-10-19,1,1,0,128,443,440,3,55
JanLipavsky,2021-10-19,5,1,4,731,1945,351,1594,57.5
kalousekm,2021-10-19,14,14,0,18782,3422,3369,53,1594.5
KarelHavlicek_,2021-10-19,3,3,0,162,1357,995,362,45.6
kducsl,2021-10-19,18,4,14,178,5265,409,4856,18.3
Kuba_Martin,2021-10-19,3,3,0,177,1185,1185,0,147.9
market_a,2021-10-19,4,4,0,14692,1146,960,186,916.5
milionchvilek,2021-10-19,2,0,2,0,398,287,111,59.1
ODScz,2021-10-19,7,0,7,0,4878,1604,3274,219.7
olgarichterova,2021-10-19,1,0,1,0,609,536,73,49.9
P_Fiala,2021-10-19,4,2,2,3615,1294,766,528,394.3
PiratIvanBartos,2021-10-19,3,3,0,8912,1041,968,73,469.3
PiratskaStrana,2021-10-19,6,0,6,0,1754,722,1032,124.6
Pospisil_Jiri,2021-10-19,5,5,0,2287,518,441,77,123.6
SpoluKoalice,2021-10-19,21,3,18,759,5604,455,5149,98.8
STANcz,2021-10-19,3,1,2,68,1393,376,1017,47.3
TomasCzernin,2021-10-19,2,2,0,566,205,199,6,105.3
TomasZdechovsky,2021-10-19,38,27,11,3281,8931,6706,2225,401.8
tomio_cz,2021-10-19,6,6,0,114,1101,1101,0,61.2
TOP09cz,2021-10-19,22,1,21,58,4096,178,3918,32.2
VeslavM,2021-10-19,4,4,0,3027,775,752,23,32.8
vonpecka,2021-10-19,4,4,0,335,973,681,292,18.2
ZdenekHrib,2021-10-19,9,9,0,1780,957,847,110,183.3
zeleni_cz,2021-10-19,2,1,1,32,1065,749,316,27.3
alenaschillerov,2021-10-18,5,5,0,305,1849,1660,189,66.5
AndrejBabis,2021-10-18,28,1,27,96,3712,920,2792,156.8
honzabartosek,2021-10-18,3,3,0,906,442,439,3,54.9
jana_cernochova,2021-10-18,1,1,0,0,838,817,21,79.6
JanLipavsky,2021-10-18,5,2,3,1729,1940,350,1590,56.7
kalousekm,2021-10-18,16,16,0,22245,3408,3355,53,1575.7
KarelHavlicek_,2021-10-18,2,1,1,68,1354,992,362,45.4
kducsl,2021-10-18,29,1,28,25,5247,405,4842,18.1
Kuba_Martin,2021-10-18,2,2,0,956,1182,1182,0,147.7
makupka,2021-10-18,1,1,0,592,226,199,27,129.1
market_a,2021-10-18,4,4,0,9377,1142,956,186,901.8
MartinBaxa2,2021-10-18,1,0,1,0,140,128,12,40.7
milionchvilek,2021-10-18,3,2,1,721,396,287,109,59.1
MJureka,2021-10-18,3,2,1,1470,1752,1546,206,359.1
ODScz,2021-10-18,6,3,3,883,4871,1604,3267,219.7
olgarichterova,2021-10-18,1,1,0,333,608,536,72,49.9
P_Fiala,2021-10-18,3,1,2,2488,1290,764,526,390.7
PiratIvanBartos,2021-10-18,1,1,0,2113,1038,965,73,460.4
PiratskaStrana,2021-10-18,4,1,3,77,1748,722,1026,124.6
Pospisil_Jiri,2021-10-18,3,3,0,8248,513,436,77,121.3
SpoluKoalice,2021-10-18,41,0,41,0,5583,452,5131,98
STANcz,2021-10-18,1,0,1,0,1390,375,1015,47.2
TomasZdechovsky,2021-10-18,45,32,13,3804,8893,6679,2214,398.6
tomio_cz,2021-10-18,2,2,0,21,1095,1095,0,61.1
TOP09cz,2021-10-18,23,1,22,316,4074,177,3897,32.2
VeslavM,2021-10-18,1,1,0,11,771,748,23,29.8
Vit_Rakusan,2021-10-18,1,1,0,4413,363,332,31,263.4
vonpecka,2021-10-18,5,5,0,72,969,677,292,17.8
ZdenekHrib,2021-10-18,8,7,1,646,948,838,110,181.5
zeleni_cz,2021-10-18,1,1,0,136,1063,748,315,27.3
alenaschillerov,2021-10-17,14,10,4,1162,1844,1655,189,66.2
AndrejBabis,2021-10-17,20,1,19,540,3684,919,2765,156.7
general_pavel,2021-10-17,1,1,0,196,191,190,1,120.6
Jan_Skopecek,2021-10-17,6,4,2,302,909,796,113,155
kalousekm,2021-10-17,15,15,0,4155,3392,3339,53,1553.5
KarelHavlicek_,2021-10-17,10,5,5,1655,1352,991,361,45.3
kducsl,2021-10-17,7,0,7,0,5218,404,4814,18.1
MJureka,2021-10-17,1,1,0,796,1749,1544,205,357.7
ODScz,2021-10-17,21,8,13,2227,4865,1601,3264,218.8
P_Fiala,2021-10-17,3,1,2,3923,1287,763,524,388.2
Pospisil_Jiri,2021-10-17,1,1,0,674,510,433,77,113.1
SpoluKoalice,2021-10-17,12,0,12,0,5542,452,5090,98
STANcz,2021-10-17,1,1,0,33,1389,375,1014,47.2
TomasZdechovsky,2021-10-17,29,25,4,2008,8848,6647,2201,394.8
tomio_cz,2021-10-17,1,1,0,236,1093,1093,0,61
VeslavM,2021-10-17,3,3,0,151,770,747,23,29.8
Vit_Rakusan,2021-10-17,1,1,0,2,362,331,31,259
vonpecka,2021-10-17,1,1,0,1,964,672,292,17.7
alenaschillerov,2021-10-16,9,7,2,238,1830,1645,185,65.1
AndrejBabis,2021-10-16,20,5,15,1431,3664,918,2746,156.2
Jan_Skopecek,2021-10-16,2,2,0,903,903,792,111,154.7
JanLipavsky,2021-10-16,2,0,2,0,1935,348,1587,55
kalousekm,2021-10-16,14,14,0,5831,3377,3324,53,1549.3
KarelHavlicek_,2021-10-16,3,2,1,226,1342,986,356,43.7
kducsl,2021-10-16,14,0,14,0,5211,404,4807,18.1
Kuba_Martin,2021-10-16,1,1,0,1,1180,1180,0,146.8
MJureka,2021-10-16,3,3,0,1261,1748,1543,205,356.9
ODScz,2021-10-16,7,5,2,644,4844,1593,3251,216.6
olgarichterova,2021-10-16,2,2,0,363,607,535,72,49.5
P_Fiala,2021-10-16,1,0,1,0,1284,762,522,384.2
PiratskaStrana,2021-10-16,1,0,1,0,1744,721,1023,124.5
SpoluKoalice,2021-10-16,4,0,4,0,5530,452,5078,98
STANcz,2021-10-16,2,0,2,0,1388,374,1014,47.2
TomasZdechovsky,2021-10-16,30,19,11,797,8819,6622,2197,392.7
tomio_cz,2021-10-16,3,3,0,69,1092,1092,0,60.8
VeslavM,2021-10-16,7,7,0,699,767,744,23,29.6
Vit_Rakusan,2021-10-16,1,1,0,2369,361,330,31,259
vonpecka,2021-10-16,2,0,2,0,963,671,292,17.7
alenaschillerov,2021-10-15,8,8,0,547,1821,1638,183,64.8
AndrejBabis,2021-10-15,18,5,13,1932,3644,913,2731,154.8
general_pavel,2021-10-15,3,3,0,2427,190,189,1,120.4
honzabartosek,2021-10-15,3,3,0,767,439,436,3,54
jana_cernochova,2021-10-15,2,2,0,8,837,816,21,79.6
kalousekm,2021-10-15,11,11,0,13864,3363,3310,53,1543.5
KarelHavlicek_,2021-10-15,7,2,5,119,1339,984,355,43.4
kducsl,2021-10-15,22,2,20,73,5197,404,4793,18.1
Kuba_Martin,2021-10-15,6,6,0,467,1179,1179,0,146.8
market_a,2021-10-15,4,4,0,7658,1138,952,186,892.5
MJureka,2021-10-15,6,6,0,1311,1745,1540,205,355.6
ODScz,2021-10-15,6,2,4,476,4837,1588,3249,216
olgarichterova,2021-10-15,1,0,1,0,605,533,72,49.2
P_Fiala,2021-10-15,1,1,0,5047,1283,762,521,384.2
PiratskaStrana,2021-10-15,1,0,1,0,1743,721,1022,124.5
Pospisil_Jiri,2021-10-15,1,1,0,350,509,432,77,112.4
SpoluKoalice,2021-10-15,15,0,15,0,5526,452,5074,98
STANcz,2021-10-15,3,0,3,0,1386,374,1012,47.2
TomasCzernin,2021-10-15,1,1,0,253,203,197,6,104.7
TomasZdechovsky,2021-10-15,23,16,7,6446,8789,6603,2186,392
tomio_cz,2021-10-15,3,3,0,530,1089,1089,0,60.7
TOP09cz,2021-10-15,24,0,24,0,4051,176,3875,31.8
VeslavM,2021-10-15,2,2,0,1037,760,737,23,28.9
Vit_Rakusan,2021-10-15,2,1,1,1235,360,329,31,256.6
vonpecka,2021-10-15,4,4,0,54,961,671,290,17.7
ZdenekHrib,2021-10-15,1,0,1,0,940,831,109,180.8
zeleni_cz,2021-10-15,1,1,0,16,1062,747,315,27.1
alenaschillerov,2021-10-14,4,4,0,326,1813,1630,183,64.3
AndrejBabis,2021-10-14,14,2,12,330,3626,908,2718,152.8
honzabartosek,2021-10-14,3,3,0,198,436,433,3,53.2
Jan_Skopecek,2021-10-14,2,1,1,23,901,790,111,153.8
jana_cernochova,2021-10-14,13,13,0,2241,835,814,21,79.6
JanLipavsky,2021-10-14,3,0,3,0,1933,348,1585,55
kalousekm,2021-10-14,14,14,0,18290,3352,3299,53,1529.6
KarelHavlicek_,2021-10-14,7,6,1,283,1332,982,350,43.3
kducsl,2021-10-14,21,0,21,0,5175,402,4773,18
Kuba_Martin,2021-10-14,1,1,0,3572,1173,1173,0,146.3
makupka,2021-10-14,1,1,0,2,225,198,27,128.5
market_a,2021-10-14,2,2,0,6164,1134,948,186,884.8
milionchvilek,2021-10-14,2,1,1,114,393,285,108,58.3
MJureka,2021-10-14,2,2,0,1589,1739,1534,205,354.3
ODScz,2021-10-14,7,3,4,675,4831,1586,3245,215.5
olgarichterova,2021-10-14,2,1,1,3428,604,533,71,49.2
P_Fiala,2021-10-14,1,1,0,1319,1282,761,521,379.2
PiratskaStrana,2021-10-14,1,1,0,294,1742,721,1021,124.5
Pospisil_Jiri,2021-10-14,3,2,1,630,508,431,77,112.1
SpoluKoalice,2021-10-14,15,0,15,0,5511,452,5059,98
STANcz,2021-10-14,4,1,3,206,1383,374,1009,47.2
TomasCzernin,2021-10-14,2,2,0,634,202,196,6,104.4
TomasZdechovsky,2021-10-14,26,23,3,2294,8766,6587,2179,385.5
tomio_cz,2021-10-14,4,4,0,619,1086,1086,0,60.2
TOP09cz,2021-10-14,9,0,9,0,4027,176,3851,31.8
VeslavM,2021-10-14,1,0,1,0,758,735,23,27.9
Vit_Rakusan,2021-10-14,1,1,0,11198,358,328,30,255.4
vonpecka,2021-10-14,3,2,1,16,957,667,290,17.7
Zbynek_Stanjura,2021-10-14,1,1,0,1,41,32,9,34.8
alenaschillerov,2021-10-13,5,5,0,504,1809,1626,183,64
AndrejBabis,2021-10-13,19,10,9,2967,3612,906,2706,152.5
general_pavel,2021-10-13,1,1,0,584,187,186,1,118
Jan_Skopecek,2021-10-13,7,5,2,143,899,789,110,153.7
jana_cernochova,2021-10-13,1,1,0,30,822,801,21,77.4
kalousekm,2021-10-13,13,13,0,5450,3338,3285,53,1511.3
KarelHavlicek_,2021-10-13,9,6,3,133,1325,976,349,43
kducsl,2021-10-13,17,2,15,55,5154,402,4752,18
market_a,2021-10-13,1,1,0,1778,1132,946,186,878.6
milionchvilek,2021-10-13,1,1,0,36,391,284,107,58.2
ODScz,2021-10-13,8,4,4,1014,4824,1583,3241,214.8
P_Fiala,2021-10-13,5,4,1,2542,1281,760,521,377.9
PiratIvanBartos,2021-10-13,1,1,0,1704,1037,964,73,458.3
PiratskaStrana,2021-10-13,3,0,3,0,1741,720,1021,124.2
Pospisil_Jiri,2021-10-13,1,1,0,277,505,429,76,111.4
SpoluKoalice,2021-10-13,15,2,13,1448,5496,452,5044,98
STANcz,2021-10-13,5,2,3,192,1379,373,1006,47
TomasZdechovsky,2021-10-13,48,39,9,2624,8740,6564,2176,383.2
tomio_cz,2021-10-13,3,3,0,660,1082,1082,0,59.6
TOP09cz,2021-10-13,5,0,5,0,4018,176,3842,31.8
VeslavM,2021-10-13,1,1,0,597,757,735,22,27.9
Vit_Rakusan,2021-10-13,1,1,0,1591,357,327,30,244.2
vonpecka,2021-10-13,3,1,2,27,954,665,289,17.7
ZdenekHrib,2021-10-13,3,2,1,497,939,831,108,180.8
alenaschillerov,2021-10-12,5,5,0,395,1804,1621,183,63.5
honzabartosek,2021-10-12,3,3,0,1775,433,430,3,53
Jan_Skopecek,2021-10-12,1,0,1,0,892,784,108,153.6
jana_cernochova,2021-10-12,3,3,0,280,821,800,21,77.3
JanLipavsky,2021-10-12,1,0,1,0,1930,348,1582,55
kalousekm,2021-10-12,16,16,0,7925,3325,3272,53,1505.9
KarelHavlicek_,2021-10-12,1,0,1,0,1316,970,346,42.9
kducsl,2021-10-12,18,2,16,247,5137,400,4737,18
Kuba_Martin,2021-10-12,2,2,0,1787,1172,1172,0,142.7
market_a,2021-10-12,5,5,0,4910,1131,945,186,876.9
metnarl,2021-10-12,1,1,0,53,196,154,42,14
milionchvilek,2021-10-12,3,3,0,883,390,283,107,58.2
MJureka,2021-10-12,1,1,0,166,1737,1532,205,352.7
ODScz,2021-10-12,9,4,5,838,4816,1579,3237,213.8
P_Fiala,2021-10-12,3,2,1,1883,1276,756,520,375.3
PiratIvanBartos,2021-10-12,1,1,0,1100,1036,963,73,456.6
PiratskaStrana,2021-10-12,1,0,1,0,1738,720,1018,124.2
Pospisil_Jiri,2021-10-12,1,1,0,399,504,428,76,111.2
SpoluKoalice,2021-10-12,30,0,30,0,5481,450,5031,96.6
STANcz,2021-10-12,2,0,2,0,1374,371,1003,46.8
TomasCzernin,2021-10-12,1,0,1,0,200,194,6,103.8
TomasZdechovsky,2021-10-12,27,23,4,1725,8692,6525,2167,380.6
tomio_cz,2021-10-12,4,4,0,199,1079,1079,0,58.9
TOP09cz,2021-10-12,22,3,19,855,4013,176,3837,31.8
VeslavM,2021-10-12,1,1,0,445,756,734,22,27.3
Vit_Rakusan,2021-10-12,1,1,0,2135,356,326,30,242.6
vonpecka,2021-10-12,10,9,1,165,951,664,287,17.6
ZdenekHrib,2021-10-12,1,0,1,0,936,829,107,180.4
zeleni_cz,2021-10-12,1,1,0,79,1061,746,315,27.1
alenaschillerov,2021-10-11,3,3,0,132,1799,1616,183,63.1
AndrejBabis,2021-10-11,1,1,0,377,3593,896,2697,149.5
czKSCM,2021-10-11,1,0,1,0,107,21,86,0.2
Jan_Skopecek,2021-10-11,3,2,1,246,891,784,107,153.6
JanLipavsky,2021-10-11,13,11,2,1262,1929,348,1581,55
kalousekm,2021-10-11,25,25,0,13157,3309,3256,53,1497.9
KarelHavlicek_,2021-10-11,4,3,1,148,1315,970,345,42.9
kducsl,2021-10-11,11,0,11,0,5119,398,4721,17.7
Kuba_Martin,2021-10-11,11,11,0,188,1170,1170,0,140.9
market_a,2021-10-11,3,3,0,20972,1126,940,186,872
metnarl,2021-10-11,1,1,0,14,195,153,42,13.9
milionchvilek,2021-10-11,1,0,1,0,387,280,107,57.3
ODScz,2021-10-11,7,2,5,467,4807,1575,3232,213
P_Fiala,2021-10-11,4,2,2,3047,1273,754,519,373.4
PiratIvanBartos,2021-10-11,3,3,0,5640,1035,962,73,455.5
PiratskaStrana,2021-10-11,5,1,4,667,1737,720,1017,124.2
Pospisil_Jiri,2021-10-11,1,1,0,124,503,427,76,110.8
SpoluKoalice,2021-10-11,21,2,19,623,5451,450,5001,96.6
STANcz,2021-10-11,2,0,2,0,1372,371,1001,46.8
TomasZdechovsky,2021-10-11,28,22,6,1206,8665,6502,2163,378.9
tomio_cz,2021-10-11,5,5,0,299,1075,1075,0,58.7
TOP09cz,2021-10-11,19,0,19,0,3991,173,3818,31
VeslavM,2021-10-11,1,1,0,163,755,733,22,26.9
Vit_Rakusan,2021-10-11,3,3,0,6553,355,325,30,240.4
vonpecka,2021-10-11,7,5,2,118,941,655,286,17.5
ZdenekHrib,2021-10-11,6,6,0,1534,935,829,106,180.4
zeleni_cz,2021-10-11,2,2,0,49,1060,745,315,27
alenaschillerov,2021-10-10,1,0,1,0,1796,1613,183,62.9
AndrejBabis,2021-10-10,2,2,0,805,3592,895,2697,149.1
honzabartosek,2021-10-10,2,2,0,4,430,427,3,51.3
Jan_Skopecek,2021-10-10,2,2,0,544,888,782,106,153.3
jana_cernochova,2021-10-10,9,9,0,1915,818,797,21,77.1
JanLipavsky,2021-10-10,3,1,2,402,1916,337,1579,53.8
kalousekm,2021-10-10,10,10,0,19249,3284,3231,53,1484.8
kducsl,2021-10-10,22,2,20,141,5108,398,4710,17.7
Kuba_Martin,2021-10-10,4,4,0,2178,1159,1159,0,140.8
market_a,2021-10-10,8,8,0,6922,1123,937,186,851
milionchvilek,2021-10-10,5,5,0,412,386,280,106,57.3
MJureka,2021-10-10,2,2,0,301,1736,1531,205,352.5
ODScz,2021-10-10,6,4,2,954,4800,1573,3227,212.5
olgarichterova,2021-10-10,2,0,2,0,602,532,70,45.7
P_Fiala,2021-10-10,2,1,1,8891,1269,752,517,370.4
Pospisil_Jiri,2021-10-10,2,2,0,1516,502,426,76,110.6
SpoluKoalice,2021-10-10,26,3,23,1958,5430,448,4982,96
STANcz,2021-10-10,13,4,9,539,1370,371,999,46.8
TomasCzernin,2021-10-10,2,2,0,2051,199,194,5,103.8
TomasZdechovsky,2021-10-10,44,30,14,2950,8637,6480,2157,377.7
tomio_cz,2021-10-10,2,2,0,20,1070,1070,0,58.4
TOP09cz,2021-10-10,19,2,17,1257,3972,173,3799,31
VeslavM,2021-10-10,2,2,0,565,754,732,22,26.7
Vit_Rakusan,2021-10-10,1,1,0,4760,352,322,30,233.9
vonpecka,2021-10-10,6,6,0,102,934,650,284,17.4
zeleni_cz,2021-10-10,5,4,1,284,1058,743,315,27
AndrejBabis,2021-10-09,4,2,2,499,3590,893,2697,148.3
general_pavel,2021-10-09,1,1,0,729,186,185,1,117.4
honzabartosek,2021-10-09,9,9,0,599,428,425,3,51.3
Jan_Skopecek,2021-10-09,1,1,0,295,886,780,106,152.8
jana_cernochova,2021-10-09,6,6,0,51,809,788,21,75.2
JanLipavsky,2021-10-09,2,0,2,0,1913,336,1577,53.3
kalousekm,2021-10-09,20,19,1,20542,3274,3221,53,1465.5
KarelHavlicek_,2021-10-09,2,1,1,112,1311,967,344,42.8
kducsl,2021-10-09,53,4,49,400,5086,396,4690,17.6
Kuba_Martin,2021-10-09,1,1,0,717,1155,1155,0,138.6
makupka,2021-10-09,1,1,0,544,224,197,27,128.5
market_a,2021-10-09,10,8,2,28062,1115,929,186,844.1
milionchvilek,2021-10-09,4,3,1,3916,381,275,106,56.9
MJureka,2021-10-09,7,7,0,6800,1734,1529,205,352.2
ODScz,2021-10-09,84,8,76,4604,4794,1569,3225,211.5
P_Fiala,2021-10-09,5,4,1,19023,1267,751,516,361.5
PiratIvanBartos,2021-10-09,6,6,0,38430,1032,959,73,449.8
PiratskaStrana,2021-10-09,9,1,8,1,1732,719,1013,123.6
Pospisil_Jiri,2021-10-09,2,1,1,188,500,424,76,109.1
RobertSlachta,2021-10-09,1,0,1,0,240,133,107,4.9
SpoluKoalice,2021-10-09,116,15,101,3710,5404,445,4959,94
STANcz,2021-10-09,33,4,29,719,1357,367,990,46.3
TomasZdechovsky,2021-10-09,62,42,20,4359,8593,6450,2143,374.7
tomio_cz,2021-10-09,3,3,0,424,1068,1068,0,58.4
TOP09cz,2021-10-09,45,3,42,684,3953,171,3782,29.7
VeslavM,2021-10-09,4,3,1,698,752,730,22,26.1
Vit_Rakusan,2021-10-09,7,7,0,38070,351,321,30,229.1
volimtrikoloru,2021-10-09,1,0,1,0,300,200,100,6.7
Zbynek_Stanjura,2021-10-09,1,1,0,514,40,31,9,34.8
zeleni_cz,2021-10-09,14,13,1,1657,1053,739,314,26.7
alenaschillerov,2021-10-08,4,4,0,426,1795,1613,182,62.9
AndrejBabis,2021-10-08,14,9,5,2745,3586,891,2695,147.8
general_pavel,2021-10-08,2,2,0,2256,185,184,1,116.6
honzabartosek,2021-10-08,5,5,0,17,419,416,3,50.7
Jan_Skopecek,2021-10-08,10,7,3,747,885,779,106,152.5
jana_cernochova,2021-10-08,4,4,0,542,803,782,21,75.1
JanLipavsky,2021-10-08,2,0,2,0,1911,336,1575,53.3
jhamacek,2021-10-08,2,2,0,255,559,420,139,61.8
kalousekm,2021-10-08,39,39,0,15719,3254,3202,52,1445
KarelHavlicek_,2021-10-08,10,7,3,459,1309,966,343,42.6
kducsl,2021-10-08,42,1,41,26,5033,392,4641,17.2
makupka,2021-10-08,2,2,0,544,223,196,27,128
market_a,2021-10-08,10,10,0,7238,1105,921,184,816
MJureka,2021-10-08,14,14,0,2147,1727,1522,205,345.4
ODScz,2021-10-08,112,10,102,1135,4710,1561,3149,206.9
olgarichterova,2021-10-08,5,5,0,1080,600,532,68,45.7
P_Fiala,2021-10-08,19,13,6,8771,1262,747,515,342.5
PiratIvanBartos,2021-10-08,12,10,2,9562,1026,953,73,411.4
PiratskaStrana,2021-10-08,25,3,22,926,1723,718,1005,123.6
Pospisil_Jiri,2021-10-08,2,2,0,548,498,423,75,108.9
RobertSlachta,2021-10-08,1,0,1,0,239,133,106,4.9
SpoluKoalice,2021-10-08,135,33,102,3160,5288,430,4858,90.3
STANcz,2021-10-08,70,6,64,1035,1324,363,961,45.5
TomasCzernin,2021-10-08,1,1,0,45,197,192,5,101.8
TomasZdechovsky,2021-10-08,33,17,16,957,8531,6408,2123,370.3
tomio_cz,2021-10-08,6,6,0,637,1065,1065,0,58
TOP09cz,2021-10-08,28,2,26,192,3908,168,3740,29
VeslavM,2021-10-08,3,3,0,338,748,727,21,25.4
Vit_Rakusan,2021-10-08,3,3,0,9602,344,314,30,191.1
volimtrikoloru,2021-10-08,7,1,6,194,299,200,99,6.7
vonpecka,2021-10-08,13,5,8,37,928,644,284,17.3
Zbynek_Stanjura,2021-10-08,1,1,0,1357,39,30,9,34.3
ZdenekHrib,2021-10-08,3,3,0,566,929,823,106,178.8
zeleni_cz,2021-10-08,16,12,4,1880,1039,726,313,25
alenaschillerov,2021-10-07,5,5,0,242,1791,1609,182,62.5
AndrejBabis,2021-10-07,21,5,16,768,3572,882,2690,145.1
general_pavel,2021-10-07,1,1,0,204,183,182,1,114.4
Jan_Skopecek,2021-10-07,12,10,2,1192,875,772,103,151.8
jana_cernochova,2021-10-07,21,21,0,1457,799,778,21,74.6
JanLipavsky,2021-10-07,15,0,15,0,1909,336,1573,53.3
kalousekm,2021-10-07,30,29,1,13322,3215,3163,52,1429.3
KarelHavlicek_,2021-10-07,11,9,2,412,1299,959,340,42.2
kducsl,2021-10-07,43,3,40,372,4991,391,4600,17.1
makupka,2021-10-07,1,1,0,1333,221,194,27,127.4
market_a,2021-10-07,8,6,2,12143,1095,911,184,808.8
milionchvilek,2021-10-07,7,6,1,342,377,272,105,53
MJureka,2021-10-07,14,13,1,6469,1713,1508,205,343.3
ODScz,2021-10-07,92,16,76,6006,4598,1551,3047,205.8
olgarichterova,2021-10-07,4,2,2,4,595,527,68,44.7
P_Fiala,2021-10-07,12,7,5,7315,1243,734,509,333.7
PiratIvanBartos,2021-10-07,19,18,1,13122,1014,943,71,401.9
PiratskaStrana,2021-10-07,44,9,35,4113,1698,715,983,122.6
Pospisil_Jiri,2021-10-07,1,1,0,761,496,421,75,108.4
RobertSlachta,2021-10-07,3,0,3,0,238,133,105,4.9
SpoluKoalice,2021-10-07,83,5,78,951,5153,397,4756,87.1
STANcz,2021-10-07,14,4,10,1525,1254,357,897,44.5
TomasCzernin,2021-10-07,2,2,0,438,196,191,5,101.7
TomasZdechovsky,2021-10-07,41,20,21,1464,8498,6391,2107,369.4
tomio_cz,2021-10-07,2,2,0,348,1059,1059,0,57.4
TOP09cz,2021-10-07,13,0,13,0,3880,166,3714,28.9
VeslavM,2021-10-07,9,8,1,452,745,724,21,25.1
Vit_Rakusan,2021-10-07,3,2,1,4659,341,311,30,181.5
volimtrikoloru,2021-10-07,4,4,0,205,292,199,93,6.5
vonpecka,2021-10-07,10,9,1,79,915,639,276,17.2
zeleni_cz,2021-10-07,17,11,6,625,1023,714,309,23.2
alenaschillerov,2021-10-06,7,6,1,168,1786,1604,182,62.3
AndrejBabis,2021-10-06,22,5,17,454,3551,877,2674,144.3
general_pavel,2021-10-06,2,2,0,367,182,181,1,114.2
honzabartosek,2021-10-06,2,2,0,976,414,411,3,50.6
Jan_Skopecek,2021-10-06,10,8,2,1810,863,762,101,150.6
jana_cernochova,2021-10-06,1,1,0,72,778,757,21,73.1
JanLipavsky,2021-10-06,5,0,5,0,1894,336,1558,53.3
jhamacek,2021-10-06,1,0,1,0,557,418,139,61.5
kalousekm,2021-10-06,34,34,0,13040,3185,3134,51,1416
KarelHavlicek_,2021-10-06,10,9,1,362,1288,950,338,41.8
kducsl,2021-10-06,41,1,40,49,4948,388,4560,16.8
makupka,2021-10-06,1,1,0,137,220,193,27,126.1
market_a,2021-10-06,10,8,2,7661,1087,905,182,796.6
metnarl,2021-10-06,2,1,1,47,194,152,42,13.9
milionchvilek,2021-10-06,16,15,1,818,370,266,104,52.6
MJureka,2021-10-06,10,10,0,7212,1699,1495,204,336.8
ODScz,2021-10-06,57,19,38,2638,4506,1535,2971,199.8
olgarichterova,2021-10-06,5,1,4,7,591,525,66,44.7
P_Fiala,2021-10-06,16,4,12,6137,1231,727,504,326.4
PiratIvanBartos,2021-10-06,8,7,1,7015,995,925,70,388.7
PiratskaStrana,2021-10-06,12,3,9,2151,1654,706,948,118.5
Pospisil_Jiri,2021-10-06,6,6,0,1283,495,420,75,107.6
RobertSlachta,2021-10-06,1,0,1,0,235,133,102,4.9
SpoluKoalice,2021-10-06,90,8,82,2379,5070,392,4678,86.2
STANcz,2021-10-06,36,7,29,6147,1240,353,887,43
TomasZdechovsky,2021-10-06,37,26,11,3374,8457,6371,2086,367.9
tomio_cz,2021-10-06,6,6,0,581,1057,1057,0,57
TOP09cz,2021-10-06,31,0,31,0,3867,166,3701,28.9
VeslavM,2021-10-06,3,2,1,1,736,716,20,24.7
Vit_Rakusan,2021-10-06,6,6,0,20396,338,309,29,176.8
volimtrikoloru,2021-10-06,8,0,8,0,288,195,93,6.3
vonpecka,2021-10-06,16,12,4,136,905,630,275,17.1
Zbynek_Stanjura,2021-10-06,1,0,1,0,38,29,9,33
ZdenekHrib,2021-10-06,1,1,0,126,926,820,106,178.3
zeleni_cz,2021-10-06,8,5,3,91,1006,703,303,22.5
alenaschillerov,2021-10-05,15,14,1,511,1779,1598,181,62.1
AndrejBabis,2021-10-05,17,5,12,1462,3529,872,2657,143.9
general_pavel,2021-10-05,2,2,0,2101,180,179,1,113.8
Jan_Skopecek,2021-10-05,7,5,2,729,853,754,99,148.8
jana_cernochova,2021-10-05,5,5,0,627,777,756,21,73
jhamacek,2021-10-05,3,2,1,30,556,418,138,61.5
kalousekm,2021-10-05,21,21,0,10470,3151,3100,51,1402.9
KarelHavlicek_,2021-10-05,13,8,5,308,1278,941,337,41.4
kducsl,2021-10-05,40,3,37,158,4907,387,4520,16.7
makupka,2021-10-05,1,1,0,216,219,192,27,126
market_a,2021-10-05,9,7,2,4633,1077,897,180,789
MartinBaxa2,2021-10-05,2,1,1,46,139,128,11,40.7
metnarl,2021-10-05,3,1,2,87,192,151,41,13.8
milionchvilek,2021-10-05,10,8,2,2344,354,251,103,51.8
MJureka,2021-10-05,13,13,0,3281,1689,1485,204,329.6
ODScz,2021-10-05,15,6,9,2615,4449,1516,2933,197.2
P_Fiala,2021-10-05,7,3,4,6013,1215,723,492,320.3
PiratIvanBartos,2021-10-05,5,5,0,11315,987,918,69,381.7
PiratskaStrana,2021-10-05,5,1,4,317,1642,703,939,116.4
Pospisil_Jiri,2021-10-05,3,3,0,436,489,414,75,106.3
SpoluKoalice,2021-10-05,49,3,46,682,4980,384,4596,83.8
STANcz,2021-10-05,9,1,8,92,1204,346,858,36.8
TomasZdechovsky,2021-10-05,40,29,11,1790,8420,6345,2075,364.6
tomio_cz,2021-10-05,7,7,0,401,1051,1051,0,56.4
TOP09cz,2021-10-05,31,4,27,907,3836,166,3670,28.9
Vit_Rakusan,2021-10-05,3,3,0,4614,332,303,29,156.4
vonpecka,2021-10-05,2,0,2,0,889,618,271,17
zeleni_cz,2021-10-05,5,5,0,623,998,698,300,22.4
alenaschillerov,2021-10-04,4,4,0,154,1764,1584,180,61.6
AndrejBabis,2021-10-04,18,2,16,594,3512,867,2645,142.4
honzabartosek,2021-10-04,5,5,0,1227,412,409,3,49.7
Jan_Skopecek,2021-10-04,8,7,1,2165,846,749,97,148
jana_cernochova,2021-10-04,11,11,0,904,772,751,21,72.4
JanLipavsky,2021-10-04,9,0,9,0,1889,336,1553,53.3
jhamacek,2021-10-04,3,2,1,99,553,416,137,61.5
kalousekm,2021-10-04,17,17,0,4612,3130,3079,51,1392.4
KarelHavlicek_,2021-10-04,8,7,1,227,1265,933,332,41.1
kducsl,2021-10-04,38,2,36,93,4867,384,4483,16.6
makupka,2021-10-04,2,2,0,4225,218,191,27,125.8
market_a,2021-10-04,7,4,3,9972,1068,890,178,784.3
milionchvilek,2021-10-04,4,3,1,228,344,243,101,49.5
MJureka,2021-10-04,5,4,1,5323,1676,1472,204,326.3
ODScz,2021-10-04,26,8,18,1316,4434,1510,2924,194.5
olgarichterova,2021-10-04,6,2,4,290,586,524,62,44.6
P_Fiala,2021-10-04,15,5,10,5502,1208,720,488,314.3
PiratIvanBartos,2021-10-04,4,4,0,7848,982,913,69,370.4
PiratskaStrana,2021-10-04,8,4,4,1581,1637,702,935,116.1
Pospisil_Jiri,2021-10-04,1,1,0,234,486,411,75,105.9
SpoluKoalice,2021-10-04,44,4,40,2149,4931,381,4550,83.1
STANcz,2021-10-04,4,1,3,205,1195,345,850,36.7
TomasZdechovsky,2021-10-04,36,26,10,4145,8380,6316,2064,362.8
tomio_cz,2021-10-04,3,3,0,340,1044,1044,0,56
TOP09cz,2021-10-04,26,3,23,1056,3805,162,3643,28
VeslavM,2021-10-04,1,1,0,133,733,714,19,24.6
volimtrikoloru,2021-10-04,3,1,2,123,280,195,85,6.3
vonpecka,2021-10-04,19,12,7,597,887,618,269,17
ZdenekHrib,2021-10-04,2,2,0,246,925,819,106,178.1
zeleni_cz,2021-10-04,5,5,0,538,993,693,300,21.8
alenaschillerov,2021-10-03,7,4,3,180,1760,1580,180,61.4
AndrejBabis,2021-10-03,11,6,5,1668,3494,865,2629,141.8
honzabartosek,2021-10-03,1,1,0,88,407,404,3,48.4
Jan_Skopecek,2021-10-03,8,7,1,554,838,742,96,145.9
jana_cernochova,2021-10-03,3,3,0,25,761,740,21,71.5
JanLipavsky,2021-10-03,5,0,5,0,1880,336,1544,53.3
jhamacek,2021-10-03,2,2,0,1120,550,414,136,61.4
kalousekm,2021-10-03,31,29,2,19485,3113,3062,51,1387.8
KarelHavlicek_,2021-10-03,4,2,2,121,1257,926,331,40.9
kducsl,2021-10-03,37,2,35,68,4829,382,4447,16.5
makupka,2021-10-03,2,1,1,79,216,189,27,121.5
market_a,2021-10-03,5,5,0,8976,1061,886,175,774.4
milionchvilek,2021-10-03,1,1,0,192,340,240,100,49.2
MJureka,2021-10-03,15,13,2,8527,1671,1468,203,321
ODScz,2021-10-03,128,17,111,3828,4408,1502,2906,193.2
olgarichterova,2021-10-03,4,3,1,474,580,522,58,44.4
P_Fiala,2021-10-03,13,7,6,13144,1193,715,478,308.8
PiratIvanBartos,2021-10-03,10,9,1,10460,978,909,69,362.6
PiratskaStrana,2021-10-03,19,15,4,3495,1629,698,931,114.5
Pospisil_Jiri,2021-10-03,2,2,0,1177,485,410,75,105.7
RobertSlachta,2021-10-03,2,0,2,0,234,133,101,4.9
SpoluKoalice,2021-10-03,50,3,47,436,4887,377,4510,81
STANcz,2021-10-03,8,6,2,920,1191,344,847,36.5
TomasCzernin,2021-10-03,1,1,0,497,194,189,5,101.3
TomasZdechovsky,2021-10-03,22,14,8,2663,8344,6290,2054,358.6
tomio_cz,2021-10-03,3,3,0,228,1041,1041,0,55.7
TOP09cz,2021-10-03,31,0,31,0,3779,159,3620,26.9
VeslavM,2021-10-03,3,2,1,1,732,713,19,24.5
Vit_Rakusan,2021-10-03,4,4,0,8279,329,300,29,151.8
volimtrikoloru,2021-10-03,3,1,2,91,277,194,83,6.2
vonpecka,2021-10-03,6,2,4,62,868,606,262,16.4
Zbynek_Stanjura,2021-10-03,2,1,1,1336,37,29,8,33
zeleni_cz,2021-10-03,4,3,1,38,988,688,300,21.3
alenaschillerov,2021-10-02,4,4,0,183,1753,1576,177,61.2
AndrejBabis,2021-10-02,13,2,11,788,3483,859,2624,140.2
czKSCM,2021-10-02,1,0,1,0,106,21,85,0.2
general_pavel,2021-10-02,2,2,0,982,178,177,1,111.7
Jan_Skopecek,2021-10-02,9,9,0,1798,830,735,95,145.3
JanLipavsky,2021-10-02,1,0,1,0,1875,336,1539,53.3
jhamacek,2021-10-02,1,1,0,263,548,412,136,60.2
kalousekm,2021-10-02,17,17,0,6968,3082,3033,49,1368.4
KarelHavlicek_,2021-10-02,14,11,3,634,1253,924,329,40.8
kducsl,2021-10-02,15,0,15,0,4792,380,4412,16.4
makupka,2021-10-02,1,1,0,753,214,188,26,121.4
market_a,2021-10-02,14,14,0,6253,1056,881,175,765.4
milionchvilek,2021-10-02,1,0,1,0,339,239,100,49
MJureka,2021-10-02,1,1,0,82,1656,1455,201,312.5
ODScz,2021-10-02,16,6,10,1373,4280,1485,2795,189.4
olgarichterova,2021-10-02,1,0,1,0,576,519,57,43.9
P_Fiala,2021-10-02,3,2,1,2897,1180,708,472,295.6
PiratIvanBartos,2021-10-02,12,11,1,2484,968,900,68,352.1
PiratskaStrana,2021-10-02,3,2,1,1129,1610,683,927,111
RobertSlachta,2021-10-02,1,0,1,0,232,133,99,4.9
SpoluKoalice,2021-10-02,14,1,13,251,4837,374,4463,80.5
STANcz,2021-10-02,5,2,3,293,1183,338,845,35.6
TomasZdechovsky,2021-10-02,30,25,5,1064,8322,6276,2046,356
tomio_cz,2021-10-02,3,3,0,322,1038,1038,0,55.5
TOP09cz,2021-10-02,8,0,8,0,3748,159,3589,26.9
VeslavM,2021-10-02,5,5,0,508,729,711,18,24.5
vonpecka,2021-10-02,1,1,0,6,862,604,258,16.4
zeleni_cz,2021-10-02,4,4,0,240,984,685,299,21.2
alenaschillerov,2021-10-01,15,13,2,312,1749,1572,177,61.1
AndrejBabis,2021-10-01,16,1,15,168,3470,857,2613,139.4
czKSCM,2021-10-01,1,0,1,0,105,21,84,0.2
general_pavel,2021-10-01,2,2,0,405,176,175,1,110.7
honzabartosek,2021-10-01,2,2,0,324,406,403,3,48.4
Jan_Skopecek,2021-10-01,9,6,3,499,821,726,95,143.5
jana_cernochova,2021-10-01,2,2,0,160,758,737,21,71.5
JanLipavsky,2021-10-01,2,0,2,0,1874,336,1538,53.3
jhamacek,2021-10-01,6,6,0,1194,547,411,136,60
kalousekm,2021-10-01,20,20,0,9056,3065,3016,49,1361.4
KarelHavlicek_,2021-10-01,8,6,2,169,1239,913,326,40.1
kducsl,2021-10-01,29,1,28,120,4777,380,4397,16.4
makupka,2021-10-01,1,1,0,73,213,187,26,120.7
market_a,2021-10-01,10,9,1,11491,1042,867,175,759.1
metnarl,2021-10-01,1,1,0,42,189,150,39,13.8
MJureka,2021-10-01,20,19,1,1637,1655,1454,201,312.4
ODScz,2021-10-01,14,5,9,1312,4264,1479,2785,188
olgarichterova,2021-10-01,2,1,1,234,575,519,56,43.9
P_Fiala,2021-10-01,5,2,3,2863,1177,706,471,292.7
PavelSehnal64,2021-10-01,1,1,0,9,79,79,0,0.4
PiratIvanBartos,2021-10-01,6,6,0,3338,956,889,67,349.6
PiratskaStrana,2021-10-01,10,7,3,1673,1607,681,926,109.9
Pospisil_Jiri,2021-10-01,3,2,1,563,483,408,75,104.5
SpoluKoalice,2021-10-01,40,4,36,1501,4823,373,4450,80.3
STANcz,2021-10-01,10,5,5,773,1178,336,842,35.3
TomasCzernin,2021-10-01,1,1,0,93,193,188,5,100.8
TomasZdechovsky,2021-10-01,35,31,4,1086,8292,6251,2041,354.9
tomio_cz,2021-10-01,6,6,0,484,1035,1035,0,55.1
TOP09cz,2021-10-01,19,1,18,96,3740,159,3581,26.9
VeslavM,2021-10-01,5,5,0,4,724,706,18,24
Vit_Rakusan,2021-10-01,3,3,0,2711,325,296,29,143.5
volimtrikoloru,2021-10-01,4,2,2,100,274,193,81,6.1
vonpecka,2021-10-01,9,4,5,19,861,603,258,16.3
ZdenekHrib,2021-10-01,2,0,2,0,923,817,106,177.9
zeleni_cz,2021-10-01,17,15,2,319,980,681,299,21
alenaschillerov,2021-09-30,12,12,0,606,1734,1559,175,60.8
AndrejBabis,2021-09-30,19,3,16,322,3454,856,2598,139.2
Jan_Skopecek,2021-09-30,8,7,1,480,812,720,92,143
jana_cernochova,2021-09-30,4,4,0,147,756,735,21,71.3
JanLipavsky,2021-09-30,2,0,2,0,1872,336,1536,53.3
jhamacek,2021-09-30,3,2,1,85,541,405,136,58.8
kalousekm,2021-09-30,33,33,0,5223,3045,2996,49,1352.3
KarelHavlicek_,2021-09-30,14,13,1,483,1231,907,324,40
kducsl,2021-09-30,24,1,23,56,4748,379,4369,16.3
Kuba_Martin,2021-09-30,1,1,0,0,1154,1154,0,137.9
makupka,2021-09-30,2,2,0,488,212,186,26,120.6
market_a,2021-09-30,4,3,1,5709,1032,858,174,747.6
MartinBaxa2,2021-09-30,1,0,1,0,137,127,10,40.7
metnarl,2021-09-30,1,1,0,125,188,149,39,13.7
MJureka,2021-09-30,9,9,0,2550,1635,1435,200,310.7
ODScz,2021-09-30,20,6,14,645,4250,1474,2776,186.7
olgarichterova,2021-09-30,1,0,1,0,573,518,55,43.6
P_Fiala,2021-09-30,7,1,6,188,1172,704,468,289.8
PiratIvanBartos,2021-09-30,8,8,0,5123,950,883,67,346.3
PiratskaStrana,2021-09-30,11,6,5,1425,1597,674,923,108.2
Pospisil_Jiri,2021-09-30,1,1,0,502,480,406,74,103.9
RobertSlachta,2021-09-30,7,1,6,34,231,133,98,4.9
SpoluKoalice,2021-09-30,43,2,41,460,4783,369,4414,78.8
STANcz,2021-09-30,5,1,4,86,1168,331,837,34.5
TomasCzernin,2021-09-30,1,1,0,252,192,187,5,100.7
TomasZdechovsky,2021-09-30,41,32,9,1303,8257,6220,2037,353.8
tomio_cz,2021-09-30,7,7,0,102,1029,1029,0,54.7
TOP09cz,2021-09-30,27,5,22,1421,3721,158,3563,26.8
VeslavM,2021-09-30,5,5,0,127,719,701,18,24
Vit_Rakusan,2021-09-30,3,3,0,1643,322,293,29,140.8
volimtrikoloru,2021-09-30,2,1,1,9,270,191,79,6
vonpecka,2021-09-30,9,7,2,100,852,599,253,16.3
zeleni_cz,2021-09-30,11,6,5,291,963,666,297,20.7
alenaschillerov,2021-09-29,6,6,0,292,1722,1547,175,60.1
AndrejBabis,2021-09-29,25,2,23,295,3435,853,2582,138.9
honzabartosek,2021-09-29,2,2,0,132,404,401,3,48
Jan_Skopecek,2021-09-29,8,8,0,1305,804,713,91,142.5
jana_cernochova,2021-09-29,3,3,0,370,752,731,21,71.2
JanLipavsky,2021-09-29,14,0,14,0,1870,336,1534,53.3
jhamacek,2021-09-29,3,2,1,93,538,403,135,58.7
kalousekm,2021-09-29,38,37,1,6728,3012,2963,49,1347.1
KarelHavlicek_,2021-09-29,12,6,6,201,1217,894,323,39.5
kducsl,2021-09-29,27,2,25,122,4724,378,4346,16.2
Kuba_Martin,2021-09-29,2,2,0,145,1153,1153,0,137.9
makupka,2021-09-29,1,1,0,525,210,184,26,120.1
market_a,2021-09-29,5,5,0,4101,1028,855,173,741.9
milionchvilek,2021-09-29,2,1,1,60,338,239,99,49
MJureka,2021-09-29,10,10,0,1485,1626,1426,200,308.2
ODScz,2021-09-29,24,13,11,1390,4230,1468,2762,186.1
olgarichterova,2021-09-29,2,0,2,0,572,518,54,43.6
P_Fiala,2021-09-29,16,5,11,1107,1165,703,462,289.7
PiratIvanBartos,2021-09-29,7,7,0,8043,942,875,67,341.1
PiratskaStrana,2021-09-29,11,7,4,1993,1586,668,918,106.8
Pospisil_Jiri,2021-09-29,2,2,0,466,479,405,74,103.4
RobertSlachta,2021-09-29,5,0,5,0,224,132,92,4.8
SpoluKoalice,2021-09-29,64,4,60,629,4740,367,4373,78.3
STANcz,2021-09-29,9,4,5,833,1163,330,833,34.5
TomasZdechovsky,2021-09-29,29,24,5,1786,8216,6188,2028,352.5
tomio_cz,2021-09-29,4,4,0,325,1022,1022,0,54.6
TOP09cz,2021-09-29,35,2,33,304,3694,153,3541,25.4
VeslavM,2021-09-29,1,1,0,410,714,696,18,23.9
Vit_Rakusan,2021-09-29,1,1,0,546,319,290,29,139.2
volimtrikoloru,2021-09-29,1,0,1,0,268,190,78,6
vonpecka,2021-09-29,3,2,1,20,843,592,251,16.2
zeleni_cz,2021-09-29,18,17,1,476,952,660,292,20.4
alenaschillerov,2021-09-28,5,3,2,134,1716,1541,175,59.9
AndrejBabis,2021-09-28,12,4,8,944,3410,851,2559,138.6
honzabartosek,2021-09-28,1,1,0,99,402,399,3,47.9
Jan_Skopecek,2021-09-28,5,3,2,137,796,705,91,141.2
jana_cernochova,2021-09-28,2,2,0,70,749,728,21,70.8
JanLipavsky,2021-09-28,3,0,3,0,1856,336,1520,53.3
jhamacek,2021-09-28,2,2,0,126,535,401,134,58.6
kalousekm,2021-09-28,29,29,0,6473,2974,2926,48,1340.4
KarelHavlicek_,2021-09-28,5,4,1,244,1205,888,317,39.3
kducsl,2021-09-28,12,0,12,0,4697,376,4321,16.1
Kuba_Martin,2021-09-28,1,1,0,0,1151,1151,0,137.7
makupka,2021-09-28,2,2,0,453,209,183,26,119.6
market_a,2021-09-28,5,5,0,2623,1023,850,173,737.8
milionchvilek,2021-09-28,1,0,1,0,336,238,98,49
MJureka,2021-09-28,9,9,0,1558,1616,1416,200,306.7
ODScz,2021-09-28,15,7,8,1429,4206,1455,2751,184.7
P_Fiala,2021-09-28,7,3,4,2178,1149,698,451,288.6
PiratIvanBartos,2021-09-28,4,3,1,961,935,868,67,333.1
PiratskaStrana,2021-09-28,12,8,4,2681,1575,661,914,104.8
Pospisil_Jiri,2021-09-28,1,0,1,0,477,403,74,103
SpoluKoalice,2021-09-28,17,3,14,875,4676,363,4313,77.7
STANcz,2021-09-28,6,1,5,1490,1154,326,828,33.6
TomasZdechovsky,2021-09-28,42,27,15,1509,8187,6164,2023,350.7
tomio_cz,2021-09-28,4,4,0,277,1018,1018,0,54.2
TOP09cz,2021-09-28,13,0,13,0,3659,151,3508,25.1
VeslavM,2021-09-28,3,3,0,103,713,695,18,23.5
vonpecka,2021-09-28,2,1,1,16,840,590,250,16.2
ZdenekHrib,2021-09-28,2,2,0,764,921,817,104,177.9
zeleni_cz,2021-09-28,11,10,1,627,934,643,291,19.9
alenaschillerov,2021-09-27,12,11,1,395,1711,1538,173,59.7
AndrejBabis,2021-09-27,19,3,16,174,3398,847,2551,137.6
czKSCM,2021-09-27,1,0,1,0,104,21,83,0.2
honzabartosek,2021-09-27,2,2,0,153,401,398,3,47.8
Jan_Skopecek,2021-09-27,4,4,0,468,791,702,89,141.1
JanLipavsky,2021-09-27,3,1,2,32,1853,336,1517,53.3
jhamacek,2021-09-27,2,2,0,199,533,399,134,58.5
kalousekm,2021-09-27,11,11,0,3567,2945,2897,48,1333.9
KarelHavlicek_,2021-09-27,10,6,4,248,1200,884,316,39
kducsl,2021-09-27,25,0,25,0,4685,376,4309,16.1
Kuba_Martin,2021-09-27,1,1,0,1,1150,1150,0,137.7
makupka,2021-09-27,1,1,0,380,207,181,26,119.2
market_a,2021-09-27,8,6,2,4189,1018,845,173,735.2
metnarl,2021-09-27,4,3,1,292,187,148,39,13.6
milionchvilek,2021-09-27,1,1,0,732,335,238,97,49
MJureka,2021-09-27,9,8,1,1320,1607,1407,200,305.2
ODScz,2021-09-27,31,18,13,3582,4191,1448,2743,183.2
olgarichterova,2021-09-27,1,0,1,0,570,518,52,43.6
P_Fiala,2021-09-27,18,8,10,3351,1142,695,447,286.4
PiratIvanBartos,2021-09-27,3,3,0,5412,931,865,66,332.1
PiratskaStrana,2021-09-27,6,3,3,975,1563,653,910,102.1
Pospisil_Jiri,2021-09-27,2,1,1,156,476,403,73,103
RobertSlachta,2021-09-27,4,0,4,0,219,132,87,4.8
SpoluKoalice,2021-09-27,38,5,33,1105,4659,360,4299,76.8
STANcz,2021-09-27,8,2,6,338,1148,325,823,32.1
TomasZdechovsky,2021-09-27,46,35,11,1541,8145,6137,2008,349.2
tomio_cz,2021-09-27,4,4,0,324,1014,1014,0,53.9
TOP09cz,2021-09-27,30,7,23,1102,3646,151,3495,25.1
VeslavM,2021-09-27,4,3,1,211,710,692,18,23.4
Vit_Rakusan,2021-09-27,1,1,0,1309,318,289,29,138.6
volimtrikoloru,2021-09-27,3,1,2,3,267,190,77,6
vonpecka,2021-09-27,3,3,0,291,838,589,249,16.2
zeleni_cz,2021-09-27,7,7,0,359,923,633,290,19.3
alenaschillerov,2021-09-26,5,4,1,214,1699,1527,172,59.3
AndrejBabis,2021-09-26,19,1,18,252,3379,844,2535,137.5
honzabartosek,2021-09-26,1,1,0,104,399,396,3,47.6
Jan_Skopecek,2021-09-26,10,7,3,816,787,698,89,140.6
JanLipavsky,2021-09-26,4,0,4,0,1850,335,1515,53.3
jhamacek,2021-09-26,1,1,0,147,531,397,134,58.3
kalousekm,2021-09-26,13,13,0,959,2934,2886,48,1330.3
KarelHavlicek_,2021-09-26,4,3,1,144,1190,878,312,38.8
kducsl,2021-09-26,26,5,21,209,4660,376,4284,16.1
Kuba_Martin,2021-09-26,43,43,0,2307,1149,1149,0,137.7
makupka,2021-09-26,1,1,0,318,206,180,26,118.8
market_a,2021-09-26,5,5,0,5372,1010,839,171,731
milionchvilek,2021-09-26,3,3,0,919,334,237,97,48.3
MJureka,2021-09-26,5,5,0,567,1598,1399,199,303.8
ODScz,2021-09-26,51,19,32,4483,4160,1430,2730,179.7
olgarichterova,2021-09-26,3,0,3,0,569,518,51,43.6
P_Fiala,2021-09-26,18,3,15,5940,1124,687,437,283
PavelSehnal64,2021-09-26,1,1,0,5,78,78,0,0.4
PiratIvanBartos,2021-09-26,6,4,2,2191,928,862,66,326.7
PiratskaStrana,2021-09-26,3,1,2,144,1557,650,907,101.1
Pospisil_Jiri,2021-09-26,1,1,0,419,474,402,72,102.8
RobertSlachta,2021-09-26,3,0,3,0,215,132,83,4.8
SpoluKoalice,2021-09-26,27,4,23,1893,4621,355,4266,75.7
STANcz,2021-09-26,33,12,21,7819,1140,323,817,31.8
TomasZdechovsky,2021-09-26,22,17,5,2810,8099,6102,1997,347.7
tomio_cz,2021-09-26,1,1,0,90,1010,1010,0,53.6
TOP09cz,2021-09-26,29,1,28,611,3616,144,3472,24
Vit_Rakusan,2021-09-26,2,2,0,8551,317,288,29,137.3
volimtrikoloru,2021-09-26,2,0,2,0,264,189,75,6
vonpecka,2021-09-26,1,0,1,0,835,586,249,15.9
ZdenekHrib,2021-09-26,5,5,0,1702,919,815,104,177.1
zeleni_cz,2021-09-26,11,11,0,377,916,626,290,18.9
alenaschillerov,2021-09-25,5,5,0,401,1694,1523,171,59.1
AndrejBabis,2021-09-25,13,0,13,0,3360,843,2517,137.2
Jan_Skopecek,2021-09-25,8,7,1,2146,777,691,86,139.8
jana_cernochova,2021-09-25,9,9,0,254,747,726,21,70.7
JanLipavsky,2021-09-25,3,0,3,0,1846,335,1511,53.3
jhamacek,2021-09-25,1,1,0,47,530,396,134,58.1
kalousekm,2021-09-25,15,15,0,3731,2921,2873,48,1329.4
KarelHavlicek_,2021-09-25,15,14,1,533,1186,875,311,38.6
kducsl,2021-09-25,16,0,16,0,4634,371,4263,15.9
makupka,2021-09-25,1,1,0,170,205,179,26,118.5
market_a,2021-09-25,6,6,0,1695,1005,834,171,725.6
metnarl,2021-09-25,1,1,0,68,183,145,38,13.3
MJureka,2021-09-25,1,0,1,0,1593,1394,199,303.3
ODScz,2021-09-25,16,6,10,1581,4109,1411,2698,175.2
olgarichterova,2021-09-25,2,1,1,0,566,518,48,43.6
P_Fiala,2021-09-25,3,3,0,1050,1106,684,422,277.1
PiratIvanBartos,2021-09-25,9,8,1,3807,922,858,64,324.5
PiratskaStrana,2021-09-25,4,2,2,770,1554,649,905,101
Pospisil_Jiri,2021-09-25,1,1,0,46,473,401,72,102.4
SpoluKoalice,2021-09-25,14,1,13,186,4594,351,4243,73.8
STANcz,2021-09-25,1,1,0,99,1107,311,796,24
TomasZdechovsky,2021-09-25,24,20,4,579,8077,6085,1992,344.9
tomio_cz,2021-09-25,3,3,0,230,1009,1009,0,53.5
TOP09cz,2021-09-25,3,0,3,0,3587,143,3444,23.4
VeslavM,2021-09-25,9,8,1,187,706,689,17,23.2
zeleni_cz,2021-09-25,2,1,1,0,905,615,290,18.6
alenaschillerov,2021-09-24,6,5,1,176,1689,1518,171,58.7
AndrejBabis,2021-09-24,15,4,11,383,3347,843,2504,137.2
Jan_Skopecek,2021-09-24,5,4,1,190,769,684,85,137.7
jana_cernochova,2021-09-24,3,3,0,1604,738,717,21,70.5
JanLipavsky,2021-09-24,2,0,2,0,1843,335,1508,53.3
jhamacek,2021-09-24,6,2,4,109,529,395,134,58.1
kalousekm,2021-09-24,12,12,0,2902,2906,2858,48,1325.6
KarelHavlicek_,2021-09-24,18,15,3,784,1171,861,310,38.1
kducsl,2021-09-24,20,0,20,0,4618,371,4247,15.9
makupka,2021-09-24,2,2,0,292,204,178,26,118.3
market_a,2021-09-24,2,2,0,4332,999,828,171,723.9
metnarl,2021-09-24,3,3,0,97,182,144,38,13.2
milionchvilek,2021-09-24,2,1,1,685,331,234,97,47.3
MJureka,2021-09-24,2,2,0,245,1592,1394,198,303.3
ODScz,2021-09-24,22,14,8,757,4093,1405,2688,173.6
olgarichterova,2021-09-24,2,2,0,388,564,517,47,43.6
P_Fiala,2021-09-24,7,4,3,2738,1103,681,422,276
PiratIvanBartos,2021-09-24,13,10,3,8032,913,850,63,320.7
PiratskaStrana,2021-09-24,15,8,7,1667,1550,647,903,100.2
Pospisil_Jiri,2021-09-24,2,2,0,329,472,400,72,102.3
SpoluKoalice,2021-09-24,49,1,48,344,4580,350,4230,73.6
STANcz,2021-09-24,5,2,3,607,1106,310,796,23.9
TomasCzernin,2021-09-24,1,1,0,156,191,186,5,100.4
TomasZdechovsky,2021-09-24,28,16,12,1020,8053,6065,1988,344.3
tomio_cz,2021-09-24,5,5,0,104,1006,1006,0,53.3
TOP09cz,2021-09-24,33,1,32,293,3584,143,3441,23.4
Vit_Rakusan,2021-09-24,1,1,0,2384,315,286,29,128.8
volimtrikoloru,2021-09-24,1,0,1,0,262,189,73,6
vonpecka,2021-09-24,3,2,1,22,834,586,248,15.9
zeleni_cz,2021-09-24,13,13,0,489,903,614,289,18.6
alenaschillerov,2021-09-23,5,5,0,327,1683,1513,170,58.5
AndrejBabis,2021-09-23,31,4,27,329,3332,839,2493,136.8
honzabartosek,2021-09-23,3,3,0,167,398,395,3,47.5
Jan_Skopecek,2021-09-23,8,7,1,763,764,680,84,137.5
JanLipavsky,2021-09-23,3,0,3,0,1841,335,1506,53.3
jhamacek,2021-09-23,4,1,3,53,523,393,130,58
kalousekm,2021-09-23,14,14,0,3715,2894,2846,48,1322.7
KarelHavlicek_,2021-09-23,16,15,1,334,1153,846,307,37.3
kducsl,2021-09-23,28,0,28,0,4598,371,4227,15.9
makupka,2021-09-23,1,1,0,579,202,176,26,118
market_a,2021-09-23,8,7,1,1992,997,826,171,719.6
MartinBaxa2,2021-09-23,1,0,1,0,136,127,9,40.7
milionchvilek,2021-09-23,2,2,0,417,329,233,96,46.6
MJureka,2021-09-23,15,14,1,3027,1590,1392,198,303
ODScz,2021-09-23,28,16,12,1096,4071,1391,2680,172.8
P_Fiala,2021-09-23,10,3,7,1120,1096,677,419,273.3
PiratIvanBartos,2021-09-23,3,3,0,762,900,840,60,312.7
PiratskaStrana,2021-09-23,8,5,3,1084,1535,639,896,98.5
Pospisil_Jiri,2021-09-23,4,4,0,280,470,398,72,102
RobertSlachta,2021-09-23,1,1,0,0,212,132,80,4.8
SpoluKoalice,2021-09-23,34,4,30,481,4531,349,4182,73.3
STANcz,2021-09-23,3,1,2,30,1101,308,793,23.3
TomasZdechovsky,2021-09-23,39,29,10,1962,8025,6049,1976,343.3
tomio_cz,2021-09-23,6,6,0,190,1001,1001,0,53.2
TOP09cz,2021-09-23,17,2,15,156,3551,142,3409,23.1
volimtrikoloru,2021-09-23,3,2,1,78,261,189,72,6
vonpecka,2021-09-23,3,1,2,9,831,584,247,15.9
ZdenekHrib,2021-09-23,3,3,0,794,914,810,104,175.4
zeleni_cz,2021-09-23,9,7,2,250,890,601,289,18.1
alenaschillerov,2021-09-22,11,10,1,257,1678,1508,170,58.2
AndrejBabis,2021-09-22,24,11,13,1667,3301,835,2466,136.5
Jan_Skopecek,2021-09-22,7,2,5,103,756,673,83,136.7
JanLipavsky,2021-09-22,1,0,1,0,1838,335,1503,53.3
jhamacek,2021-09-22,1,1,0,109,519,392,127,57.9
kalousekm,2021-09-22,17,17,0,2986,2880,2832,48,1319
KarelHavlicek_,2021-09-22,10,6,4,213,1137,831,306,37
kducsl,2021-09-22,25,5,20,231,4570,371,4199,15.9
market_a,2021-09-22,6,6,0,3470,989,819,170,717.6
metnarl,2021-09-22,1,1,0,33,179,141,38,13.1
milionchvilek,2021-09-22,2,2,0,274,327,231,96,46.2
MJureka,2021-09-22,2,2,0,1143,1575,1378,197,300
ODScz,2021-09-22,13,4,9,260,4043,1375,2668,171.7
P_Fiala,2021-09-22,7,3,4,1436,1086,674,412,272.2
PavelSehnal64,2021-09-22,1,1,0,1,77,77,0,0.4
PiratIvanBartos,2021-09-22,3,3,0,919,897,837,60,311.9
PiratskaStrana,2021-09-22,3,0,3,0,1527,634,893,97.4
Pospisil_Jiri,2021-09-22,1,1,0,210,466,394,72,101.7
RobertSlachta,2021-09-22,1,1,0,72,211,131,80,4.8
SpoluKoalice,2021-09-22,48,3,45,504,4497,345,4152,72.8
STANcz,2021-09-22,6,0,6,0,1098,307,791,23.2
TomasZdechovsky,2021-09-22,40,23,17,551,7986,6020,1966,341.3
tomio_cz,2021-09-22,3,3,0,274,995,995,0,53
TOP09cz,2021-09-22,33,0,33,0,3534,140,3394,22.9
VeslavM,2021-09-22,1,1,0,70,697,681,16,23
Vit_Rakusan,2021-09-22,2,2,0,367,314,285,29,126.4
volimtrikoloru,2021-09-22,5,3,2,135,258,187,71,5.9
vonpecka,2021-09-22,1,1,0,5,828,583,245,15.9
ZdenekHrib,2021-09-22,1,1,0,179,911,807,104,174.6
zeleni_cz,2021-09-22,30,25,5,772,881,594,287,17.8
alenaschillerov,2021-09-21,11,10,1,345,1667,1498,169,58
AndrejBabis,2021-09-21,19,2,17,116,3277,824,2453,134.8
czKSCM,2021-09-21,1,0,1,0,103,21,82,0.2
honzabartosek,2021-09-21,1,1,0,87,395,392,3,47.4
Jan_Skopecek,2021-09-21,6,4,2,283,749,671,78,136.6
jana_cernochova,2021-09-21,3,3,0,67,735,714,21,68.9
kalousekm,2021-09-21,14,14,0,5150,2863,2815,48,1316
KarelHavlicek_,2021-09-21,14,12,2,548,1127,825,302,36.8
kducsl,2021-09-21,33,2,31,118,4545,366,4179,15.7
makupka,2021-09-21,1,1,0,179,201,175,26,117.4
market_a,2021-09-21,8,7,1,3946,983,813,170,714.2
milionchvilek,2021-09-21,2,2,0,399,325,229,96,46
MJureka,2021-09-21,13,12,1,1834,1573,1376,197,298.9
ODScz,2021-09-21,24,7,17,413,4030,1371,2659,171.5
olgarichterova,2021-09-21,1,0,1,0,562,515,47,43.3
P_Fiala,2021-09-21,5,4,1,3484,1079,671,408,270.7
PiratIvanBartos,2021-09-21,4,4,0,2178,894,834,60,311
PiratskaStrana,2021-09-21,5,4,1,1398,1524,634,890,97.4
Pospisil_Jiri,2021-09-21,3,3,0,455,465,393,72,101.5
SpoluKoalice,2021-09-21,36,2,34,819,4449,342,4107,72.3
STANcz,2021-09-21,7,2,5,599,1092,307,785,23.2
TomasCzernin,2021-09-21,1,1,0,315,190,185,5,100.3
TomasZdechovsky,2021-09-21,43,29,14,1603,7946,5997,1949,340.7
tomio_cz,2021-09-21,4,4,0,193,992,992,0,52.7
TOP09cz,2021-09-21,38,1,37,222,3501,140,3361,22.9
VeslavM,2021-09-21,5,5,0,76,696,680,16,22.9
Vit_Rakusan,2021-09-21,2,2,0,518,312,283,29,126
volimtrikoloru,2021-09-21,3,0,3,0,253,184,69,5.8
ZdenekHrib,2021-09-21,1,0,1,0,910,806,104,174.4
zeleni_cz,2021-09-21,9,8,1,461,851,569,282,17
alenaschillerov,2021-09-20,10,9,1,168,1656,1488,168,57.6
AndrejBabis,2021-09-20,31,6,25,406,3258,822,2436,134.7
general_pavel,2021-09-20,2,2,0,1584,174,173,1,110.3
honzabartosek,2021-09-20,2,2,0,100,394,391,3,47.3
Jan_Skopecek,2021-09-20,12,6,6,1329,743,667,76,136.3
jana_cernochova,2021-09-20,2,2,0,963,732,711,21,68.8
jhamacek,2021-09-20,2,2,0,124,518,391,127,57.8
kalousekm,2021-09-20,10,10,0,7512,2849,2801,48,1310.9
KarelHavlicek_,2021-09-20,10,9,1,319,1113,813,300,36.2
kducsl,2021-09-20,33,3,30,178,4512,364,4148,15.6
makupka,2021-09-20,2,1,1,2,200,174,26,117.2
market_a,2021-09-20,7,6,1,5354,975,806,169,710.2
MartinBaxa2,2021-09-20,1,0,1,0,135,127,8,40.7
metnarl,2021-09-20,1,1,0,476,178,140,38,13.1
milionchvilek,2021-09-20,10,10,0,486,323,227,96,45.6
MJureka,2021-09-20,19,18,1,3165,1560,1364,196,297
ODScz,2021-09-20,128,70,58,5173,4006,1364,2642,171.1
P_Fiala,2021-09-20,33,24,9,10850,1074,667,407,267.3
PavelSehnal64,2021-09-20,1,1,0,2,76,76,0,0.4
PiratIvanBartos,2021-09-20,16,14,2,1068,890,830,60,308.8
PiratskaStrana,2021-09-20,7,3,4,467,1519,630,889,96
Pospisil_Jiri,2021-09-20,2,1,1,147,462,390,72,101.1
SpoluKoalice,2021-09-20,81,9,72,2945,4413,340,4073,71.5
STANcz,2021-09-20,6,1,5,179,1085,305,780,22.6
TomasZdechovsky,2021-09-20,50,29,21,2298,7903,5968,1935,339.1
tomio_cz,2021-09-20,3,3,0,362,988,988,0,52.5
TOP09cz,2021-09-20,23,3,20,887,3463,139,3324,22.7
VeslavM,2021-09-20,1,1,0,33,691,675,16,22.8
Vit_Rakusan,2021-09-20,2,2,0,804,310,281,29,125.5
volimtrikoloru,2021-09-20,1,0,1,0,250,184,66,5.8
vonpecka,2021-09-20,5,4,1,60,827,582,245,15.9
ZdenekHrib,2021-09-20,7,6,1,432,909,806,103,174.4
zeleni_cz,2021-09-20,4,3,1,178,842,561,281,16.6
alenaschillerov,2021-09-19,8,7,1,258,1646,1479,167,57.4
AndrejBabis,2021-09-19,7,2,5,232,3227,816,2411,134.3
Jan_Skopecek,2021-09-19,5,5,0,551,731,661,70,135
jana_cernochova,2021-09-19,2,2,0,94,730,709,21,67.8
JanLipavsky,2021-09-19,3,0,3,0,1837,335,1502,53.3
kalousekm,2021-09-19,5,5,0,3890,2839,2791,48,1303.4
KarelHavlicek_,2021-09-19,4,3,1,138,1103,804,299,35.9
kducsl,2021-09-19,14,1,13,14,4479,361,4118,15.4
makupka,2021-09-19,1,1,0,395,198,173,25,117.2
market_a,2021-09-19,4,4,0,6319,968,800,168,704.9
metnarl,2021-09-19,1,1,0,113,177,139,38,12.6
MJureka,2021-09-19,2,2,0,154,1541,1346,195,293.9
ODScz,2021-09-19,12,4,8,2725,3878,1294,2584,165.9
olgarichterova,2021-09-19,2,0,2,0,561,515,46,43.3
P_Fiala,2021-09-19,7,2,5,538,1041,643,398,256.4
PiratIvanBartos,2021-09-19,8,6,2,1058,874,816,58,307.8
PiratskaStrana,2021-09-19,1,1,0,753,1512,627,885,95.6
RobertSlachta,2021-09-19,1,1,0,14,210,130,80,4.8
SpoluKoalice,2021-09-19,18,2,16,681,4332,331,4001,68.5
STANcz,2021-09-19,4,1,3,445,1079,304,775,22.5
TomasZdechovsky,2021-09-19,49,37,12,2127,7853,5939,1914,336.8
tomio_cz,2021-09-19,4,4,0,105,985,985,0,52.2
TOP09cz,2021-09-19,8,0,8,0,3440,136,3304,21.8
VeslavM,2021-09-19,3,3,0,56,690,674,16,22.8
Vit_Rakusan,2021-09-19,3,2,1,397,308,279,29,124.7
volimtrikoloru,2021-09-19,1,0,1,0,249,184,65,5.8
vonpecka,2021-09-19,3,1,2,13,822,578,244,15.8
Zbynek_Stanjura,2021-09-19,1,1,0,1450,35,28,7,31.6
ZdenekHrib,2021-09-19,4,4,0,1925,902,800,102,174
zeleni_cz,2021-09-19,1,0,1,0,838,558,280,16.4
alenaschillerov,2021-09-18,6,6,0,321,1638,1472,166,57.2
AndrejBabis,2021-09-18,18,3,15,350,3220,814,2406,134.1
Jan_Skopecek,2021-09-18,8,6,2,176,726,656,70,134.4
jana_cernochova,2021-09-18,4,4,0,146,728,707,21,67.7
kalousekm,2021-09-18,6,6,0,1488,2834,2786,48,1299.5
KarelHavlicek_,2021-09-18,7,6,1,275,1099,801,298,35.8
kducsl,2021-09-18,7,0,7,0,4465,360,4105,15.4
market_a,2021-09-18,4,3,1,1983,964,796,168,698.5
metnarl,2021-09-18,2,2,0,89,176,138,38,12.5
MJureka,2021-09-18,6,6,0,2294,1539,1344,195,293.7
ODScz,2021-09-18,8,4,4,757,3866,1290,2576,163.2
olgarichterova,2021-09-18,1,0,1,0,559,515,44,43.3
P_Fiala,2021-09-18,7,2,5,353,1034,641,393,255.9
PiratIvanBartos,2021-09-18,8,8,0,819,866,810,56,306.7
PiratskaStrana,2021-09-18,1,1,0,120,1511,626,885,94.8
Pospisil_Jiri,2021-09-18,1,0,1,0,460,389,71,100.9
RobertSlachta,2021-09-18,1,0,1,0,209,129,80,4.7
SpoluKoalice,2021-09-18,18,2,16,378,4314,329,3985,67.9
STANcz,2021-09-18,3,1,2,121,1075,303,772,22
TomasZdechovsky,2021-09-18,23,12,11,651,7804,5902,1902,334.7
tomio_cz,2021-09-18,7,7,0,416,981,981,0,52.1
TOP09cz,2021-09-18,9,0,9,0,3432,136,3296,21.8
VeslavM,2021-09-18,6,5,1,1198,687,671,16,22.7
zeleni_cz,2021-09-18,5,3,2,17,837,558,279,16.4
alenaschillerov,2021-09-17,6,4,2,168,1632,1466,166,56.9
AndrejBabis,2021-09-17,10,4,6,542,3202,811,2391,133.7
honzabartosek,2021-09-17,1,1,0,213,392,389,3,47.2
Jan_Skopecek,2021-09-17,4,4,0,715,718,650,68,134.3
jana_cernochova,2021-09-17,5,5,0,1180,724,703,21,67.6
JanLipavsky,2021-09-17,4,1,3,75,1834,335,1499,53.3
jhamacek,2021-09-17,2,2,0,121,516,389,127,57.7
KarelHavlicek_,2021-09-17,9,7,2,170,1092,795,297,35.5
kducsl,2021-09-17,31,4,27,39,4458,360,4098,15.4
market_a,2021-09-17,4,4,0,3059,960,793,167,696.6
MartinBaxa2,2021-09-17,1,0,1,0,134,127,7,40.7
metnarl,2021-09-17,1,1,0,23,174,136,38,12.4
milionchvilek,2021-09-17,3,1,2,233,313,217,96,45.1
MJureka,2021-09-17,9,6,3,2489,1533,1338,195,291.4
ODScz,2021-09-17,20,8,12,1902,3858,1286,2572,162.4
olgarichterova,2021-09-17,1,0,1,0,558,515,43,43.3
P_Fiala,2021-09-17,4,2,2,1827,1027,639,388,255.5
PiratIvanBartos,2021-09-17,14,14,0,1272,858,802,56,305.9
PiratskaStrana,2021-09-17,6,0,6,0,1510,625,885,94.7
Pospisil_Jiri,2021-09-17,3,2,1,372,459,389,70,100.9
RobertSlachta,2021-09-17,4,4,0,113,208,129,79,4.7
SpoluKoalice,2021-09-17,45,7,38,1440,4296,327,3969,67.5
STANcz,2021-09-17,4,1,3,15,1072,302,770,21.9
TomasCzernin,2021-09-17,1,1,0,449,189,184,5,100
TomasZdechovsky,2021-09-17,31,18,13,742,7781,5890,1891,334.1
tomio_cz,2021-09-17,4,4,0,54,974,974,0,51.7
TOP09cz,2021-09-17,21,0,21,0,3423,136,3287,21.8
VeslavM,2021-09-17,1,1,0,35,681,666,15,21.5
Vit_Rakusan,2021-09-17,3,3,0,2511,305,277,28,124.3
volimtrikoloru,2021-09-17,2,1,1,141,248,184,64,5.8
vonpecka,2021-09-17,5,2,3,52,819,577,242,15.8
ZdenekHrib,2021-09-17,3,3,0,148,898,796,102,172.1
zeleni_cz,2021-09-17,3,3,0,112,832,555,277,16.4
alenaschillerov,2021-09-16,11,11,0,387,1626,1462,164,56.7
AndrejBabis,2021-09-16,13,7,6,1121,3192,807,2385,133.2
general_pavel,2021-09-16,1,1,0,484,172,171,1,108.7
Jan_Skopecek,2021-09-16,4,3,1,730,714,646,68,133.6
jana_cernochova,2021-09-16,3,3,0,148,719,698,21,66.4
JanLipavsky,2021-09-16,7,3,4,329,1830,334,1496,53.2
kalousekm,2021-09-16,2,2,0,3019,2828,2780,48,1298
KarelHavlicek_,2021-09-16,10,8,2,276,1083,788,295,35.3
kducsl,2021-09-16,18,1,17,112,4427,356,4071,15.3
market_a,2021-09-16,6,6,0,2856,956,789,167,693.5
milionchvilek,2021-09-16,1,1,0,2,310,216,94,44.8
MJureka,2021-09-16,4,1,3,1438,1524,1332,192,288.9
ODScz,2021-09-16,23,14,9,1677,3838,1278,2560,160.5
olgarichterova,2021-09-16,2,0,2,0,557,515,42,43.3
P_Fiala,2021-09-16,13,6,7,845,1023,637,386,253.7
PiratIvanBartos,2021-09-16,6,6,0,566,844,788,56,304.6
PiratskaStrana,2021-09-16,10,7,3,4064,1504,625,879,94.7
Pospisil_Jiri,2021-09-16,4,4,0,596,456,387,69,100.6
RobertSlachta,2021-09-16,4,3,1,118,204,125,79,4.6
SpoluKoalice,2021-09-16,41,10,31,1586,4251,320,3931,66
STANcz,2021-09-16,7,2,5,194,1068,301,767,21.9
TomasZdechovsky,2021-09-16,47,31,16,1435,7750,5872,1878,333.3
TOP09cz,2021-09-16,17,0,17,0,3402,136,3266,21.8
VeslavM,2021-09-16,2,2,0,90,680,665,15,21.5
Vit_Rakusan,2021-09-16,1,1,0,178,302,274,28,121.8
volimtrikoloru,2021-09-16,2,1,1,13,246,183,63,5.7
vonpecka,2021-09-16,1,1,0,11,814,575,239,15.7
Zbynek_Stanjura,2021-09-16,1,1,0,1573,34,27,7,30.2
ZdenekHrib,2021-09-16,3,3,0,260,895,793,102,171.9
zeleni_cz,2021-09-16,3,3,0,72,829,552,277,16.3
alenaschillerov,2021-09-15,7,6,1,296,1615,1451,164,56.3
AndrejBabis,2021-09-15,16,6,10,1246,3179,800,2379,132.1
honzabartosek,2021-09-15,6,6,0,454,391,388,3,47
Jan_Skopecek,2021-09-15,5,5,0,1531,710,643,67,132.8
jana_cernochova,2021-09-15,1,0,1,0,716,695,21,66.3
JanLipavsky,2021-09-15,6,1,5,207,1823,331,1492,52.9
jhamacek,2021-09-15,3,1,2,161,514,387,127,57.6
kalousekm,2021-09-15,18,18,0,6642,2826,2778,48,1295
KarelHavlicek_,2021-09-15,8,4,4,143,1073,780,293,35
kducsl,2021-09-15,31,5,26,304,4409,355,4054,15.2
makupka,2021-09-15,3,3,0,2230,197,172,25,116.8
market_a,2021-09-15,6,5,1,4501,950,783,167,690.6
milionchvilek,2021-09-15,1,1,0,195,309,215,94,44.8
MJureka,2021-09-15,13,13,0,2260,1520,1331,189,287.5
ODScz,2021-09-15,19,10,9,1321,3815,1264,2551,158.8
olgarichterova,2021-09-15,2,1,1,188,555,515,40,43.3
P_Fiala,2021-09-15,9,2,7,1135,1010,631,379,252.8
PiratIvanBartos,2021-09-15,9,8,1,7386,838,782,56,304.1
PiratskaStrana,2021-09-15,20,11,9,1807,1494,618,876,90.6
Pospisil_Jiri,2021-09-15,2,2,0,514,452,383,69,100
RobertSlachta,2021-09-15,1,0,1,0,200,122,78,4.5
SpoluKoalice,2021-09-15,26,2,24,1197,4210,310,3900,64.5
STANcz,2021-09-15,16,5,11,622,1061,299,762,21.7
TomasCzernin,2021-09-15,1,1,0,320,188,183,5,99.5
TomasZdechovsky,2021-09-15,97,75,22,2669,7703,5841,1862,331.9
tomio_cz,2021-09-15,7,7,0,413,970,970,0,51.6
TOP09cz,2021-09-15,18,0,18,0,3385,136,3249,21.8
VeslavM,2021-09-15,4,4,0,150,678,663,15,21.4
Vit_Rakusan,2021-09-15,1,1,0,1797,301,273,28,121.6
volimtrikoloru,2021-09-15,2,0,2,0,244,182,62,5.6
vonpecka,2021-09-15,18,14,4,20,813,574,239,15.7
Zbynek_Stanjura,2021-09-15,1,1,0,3093,33,26,7,28.6
zeleni_cz,2021-09-15,5,4,1,198,826,549,277,16.2
alenaschillerov,2021-09-14,10,9,1,209,1608,1445,163,56
AndrejBabis,2021-09-14,14,5,9,1104,3163,794,2369,130.8
Jan_Skopecek,2021-09-14,6,6,0,724,705,638,67,131.3
jana_cernochova,2021-09-14,3,3,0,322,715,695,20,66.3
JanLipavsky,2021-09-14,2,0,2,0,1817,330,1487,52.7
jhamacek,2021-09-14,1,1,0,22,511,386,125,57.4
kalousekm,2021-09-14,3,3,0,375,2808,2760,48,1288.3
KarelHavlicek_,2021-09-14,11,9,2,370,1065,776,289,34.9
kducsl,2021-09-14,23,2,21,103,4378,350,4028,14.9
makupka,2021-09-14,2,2,0,2454,194,169,25,114.6
market_a,2021-09-14,3,3,0,3640,944,778,166,686.1
metnarl,2021-09-14,1,1,0,35,173,135,38,12.4
milionchvilek,2021-09-14,1,1,0,140,308,214,94,44.6
MJureka,2021-09-14,11,10,1,551,1507,1318,189,285.2
ODScz,2021-09-14,22,10,12,610,3796,1254,2542,157.5
olgarichterova,2021-09-14,3,3,0,227,553,514,39,43.1
P_Fiala,2021-09-14,3,3,0,1538,1001,629,372,251.7
PavelSehnal64,2021-09-14,2,2,0,4,75,75,0,0.4
PiratIvanBartos,2021-09-14,5,5,0,325,829,774,55,296.7
PiratskaStrana,2021-09-14,4,0,4,0,1474,607,867,88.8
RobertSlachta,2021-09-14,1,1,0,212,199,122,77,4.5
SpoluKoalice,2021-09-14,27,1,26,39,4184,308,3876,63.3
STANcz,2021-09-14,6,1,5,113,1045,294,751,21.1
TomasZdechovsky,2021-09-14,44,34,10,2949,7606,5766,1840,329.2
tomio_cz,2021-09-14,5,5,0,219,963,963,0,51.2
TOP09cz,2021-09-14,13,1,12,17,3367,136,3231,21.8
VeslavM,2021-09-14,2,2,0,113,674,659,15,21.3
Vit_Rakusan,2021-09-14,1,1,0,437,300,272,28,119.8
volimtrikoloru,2021-09-14,4,0,4,0,242,182,60,5.6
vonpecka,2021-09-14,5,3,2,51,795,560,235,15.7
ZdenekHrib,2021-09-14,8,8,0,687,892,790,102,171.7
zeleni_cz,2021-09-14,4,4,0,263,821,545,276,16
alenaschillerov,2021-09-13,12,11,1,269,1598,1436,162,55.8
AndrejBabis,2021-09-13,9,2,7,377,3149,789,2360,129.7
czKSCM,2021-09-13,1,0,1,0,102,21,81,0.2
Jan_Skopecek,2021-09-13,5,4,1,1017,699,632,67,130.6
JanLipavsky,2021-09-13,4,0,4,0,1815,330,1485,52.7
jhamacek,2021-09-13,1,1,0,63,510,385,125,57.4
kalousekm,2021-09-13,12,12,0,5155,2805,2757,48,1288
KarelHavlicek_,2021-09-13,6,5,1,197,1054,767,287,34.5
kducsl,2021-09-13,12,0,12,0,4355,348,4007,14.8
makupka,2021-09-13,1,1,0,1409,192,167,25,112.2
market_a,2021-09-13,3,3,0,3366,941,775,166,682.5
metnarl,2021-09-13,1,1,0,208,172,134,38,12.4
MJureka,2021-09-13,4,3,1,602,1496,1308,188,284.7
ODScz,2021-09-13,22,16,6,775,3774,1244,2530,156.9
P_Fiala,2021-09-13,6,2,4,1874,998,626,372,250.2
PiratIvanBartos,2021-09-13,7,5,2,1438,824,769,55,296.3
PiratskaStrana,2021-09-13,9,2,7,424,1470,607,863,88.8
Pospisil_Jiri,2021-09-13,3,2,1,499,450,381,69,99.4
SpoluKoalice,2021-09-13,26,1,25,256,4157,307,3850,63.2
STANcz,2021-09-13,6,4,2,1313,1039,293,746,21
TomasZdechovsky,2021-09-13,37,26,11,1105,7562,5732,1830,326.3
tomio_cz,2021-09-13,4,4,0,337,958,958,0,51
TOP09cz,2021-09-13,10,0,10,0,3354,135,3219,21.8
VeslavM,2021-09-13,6,6,0,157,672,657,15,21.1
Vit_Rakusan,2021-09-13,3,3,0,817,299,271,28,119.4
vonpecka,2021-09-13,1,1,0,4,790,557,233,15.7
Zbynek_Stanjura,2021-09-13,1,0,1,0,32,25,7,25.5
zeleni_cz,2021-09-13,5,2,3,96,817,541,276,15.7
alenaschillerov,2021-09-12,4,3,1,142,1586,1425,161,55.5
AndrejBabis,2021-09-12,1,1,0,214,3140,787,2353,129.3
czKSCM,2021-09-12,2,0,2,0,101,21,80,0.2
Jan_Skopecek,2021-09-12,2,2,0,565,694,628,66,129.6
jana_cernochova,2021-09-12,4,4,0,306,712,692,20,65.9
jhamacek,2021-09-12,2,2,0,207,509,384,125,57.3
kalousekm,2021-09-12,13,13,0,3621,2793,2745,48,1282.8
KarelHavlicek_,2021-09-12,1,0,1,0,1048,762,286,34.3
kducsl,2021-09-12,10,0,10,0,4343,348,3995,14.8
makupka,2021-09-12,1,1,0,497,191,166,25,110.7
market_a,2021-09-12,1,1,0,275,938,772,166,679.1
metnarl,2021-09-12,2,2,0,43,171,133,38,12.2
MJureka,2021-09-12,6,5,1,1183,1492,1305,187,284.1
ODScz,2021-09-12,21,8,13,620,3752,1228,2524,156.1
P_Fiala,2021-09-12,3,3,0,3822,992,624,368,248.3
PiratIvanBartos,2021-09-12,6,6,0,1311,817,764,53,294.9
PiratskaStrana,2021-09-12,1,0,1,0,1461,605,856,88.4
RobertSlachta,2021-09-12,1,1,0,13,198,121,77,4.3
SpoluKoalice,2021-09-12,26,1,25,520,4131,306,3825,63
STANcz,2021-09-12,2,0,2,0,1033,289,744,19.6
TomasZdechovsky,2021-09-12,19,10,9,1411,7525,5706,1819,325.2
tomio_cz,2021-09-12,3,3,0,255,954,954,0,50.6
TOP09cz,2021-09-12,14,0,14,0,3344,135,3209,21.8
VeslavM,2021-09-12,3,3,0,21,666,651,15,21
Vit_Rakusan,2021-09-12,1,1,0,195,296,268,28,118.5
volimtrikoloru,2021-09-12,12,12,0,85,238,182,56,5.6
Zbynek_Stanjura,2021-09-12,2,2,0,1845,31,25,6,25.5
ZdenekHrib,2021-09-12,1,1,0,47,884,782,102,171
alenaschillerov,2021-09-11,12,12,0,323,1582,1422,160,55.4
AndrejBabis,2021-09-11,11,3,8,478,3139,786,2353,129.1
honzabartosek,2021-09-11,2,2,0,4,385,382,3,46.5
Jan_Skopecek,2021-09-11,2,2,0,85,692,626,66,129
jana_cernochova,2021-09-11,1,1,0,118,708,688,20,65.6
JanLipavsky,2021-09-11,3,0,3,0,1811,330,1481,52.7
jhamacek,2021-09-11,1,1,0,85,507,382,125,57.1
kalousekm,2021-09-11,7,7,0,1260,2780,2732,48,1279.2
KarelHavlicek_,2021-09-11,11,10,1,349,1047,762,285,34.3
kducsl,2021-09-11,18,1,17,24,4333,348,3985,14.8
makupka,2021-09-11,1,1,0,66,190,165,25,110.3
market_a,2021-09-11,3,2,1,671,937,771,166,678.9
MartinBaxa2,2021-09-11,1,1,0,125,133,127,6,40.7
metnarl,2021-09-11,1,1,0,31,169,131,38,12.1
MJureka,2021-09-11,7,6,1,905,1486,1300,186,282.9
ODScz,2021-09-11,15,6,9,365,3731,1220,2511,155.5
P_Fiala,2021-09-11,10,6,4,1350,989,621,368,244.5
PavelSehnal64,2021-09-11,1,1,0,4,73,73,0,0.4
PiratIvanBartos,2021-09-11,1,1,0,312,811,758,53,293.6
PiratskaStrana,2021-09-11,1,0,1,0,1460,605,855,88.4
Pospisil_Jiri,2021-09-11,2,1,1,72,447,379,68,98.9
SpoluKoalice,2021-09-11,45,3,42,699,4105,305,3800,62.5
STANcz,2021-09-11,4,0,4,0,1031,289,742,19.6
TomasZdechovsky,2021-09-11,41,28,13,678,7506,5696,1810,323.8
tomio_cz,2021-09-11,2,2,0,563,951,951,0,50.4
VeslavM,2021-09-11,1,1,0,0,663,648,15,21
Vit_Rakusan,2021-09-11,13,13,0,830,295,267,28,118.4
volimtrikoloru,2021-09-11,4,0,4,0,226,170,56,5.6
Zbynek_Stanjura,2021-09-11,2,2,0,325,29,23,6,23.7
ZdenekHrib,2021-09-11,1,1,0,123,883,781,102,170.9
zeleni_cz,2021-09-11,7,6,1,244,812,539,273,15.6
alenaschillerov,2021-09-10,15,15,0,478,1570,1410,160,55.1
AndrejBabis,2021-09-10,19,4,15,338,3128,783,2345,128.6
honzabartosek,2021-09-10,1,1,0,164,383,380,3,46.5
Jan_Skopecek,2021-09-10,4,4,0,776,690,624,66,128.9
jana_cernochova,2021-09-10,3,3,0,81,707,687,20,65.5
JanLipavsky,2021-09-10,3,0,3,0,1808,330,1478,52.7
jhamacek,2021-09-10,2,2,0,288,506,381,125,57
kalousekm,2021-09-10,8,8,0,3832,2773,2725,48,1277.9
KarelHavlicek_,2021-09-10,6,5,1,266,1036,752,284,34
kducsl,2021-09-10,15,1,14,17,4315,347,3968,14.8
makupka,2021-09-10,1,1,0,2519,189,164,25,110.2
market_a,2021-09-10,2,1,1,436,934,769,165,678.2
metnarl,2021-09-10,3,3,0,146,168,130,38,12.1
MJureka,2021-09-10,3,2,1,926,1479,1294,185,282
ODScz,2021-09-10,15,8,7,1558,3716,1214,2502,155.1
P_Fiala,2021-09-10,3,2,1,328,979,615,364,243.1
PavelSehnal64,2021-09-10,1,1,0,0,72,72,0,0.4
PiratIvanBartos,2021-09-10,4,2,2,839,810,757,53,293.3
PiratskaStrana,2021-09-10,11,7,4,1488,1459,605,854,88.4
Pospisil_Jiri,2021-09-10,2,1,1,237,445,378,67,98.9
SpoluKoalice,2021-09-10,17,3,14,816,4060,302,3758,61.8
STANcz,2021-09-10,7,1,6,84,1027,289,738,19.6
TomasCzernin,2021-09-10,2,2,0,300,187,182,5,99.2
TomasZdechovsky,2021-09-10,22,13,9,1992,7465,5668,1797,323.1
tomio_cz,2021-09-10,2,2,0,180,949,949,0,49.8
TOP09cz,2021-09-10,25,0,25,0,3330,135,3195,21.8
VeslavM,2021-09-10,21,19,2,341,662,647,15,21
Vit_Rakusan,2021-09-10,5,5,0,975,282,254,28,117.5
volimtrikoloru,2021-09-10,1,0,1,0,222,170,52,5.6
zeleni_cz,2021-09-10,11,11,0,620,805,533,272,15.4
alenaschillerov,2021-09-09,11,11,0,220,1555,1395,160,54.6
AndrejBabis,2021-09-09,11,7,4,518,3109,779,2330,128.3
honzabartosek,2021-09-09,1,1,0,216,382,379,3,46.4
Jan_Skopecek,2021-09-09,6,6,0,760,686,620,66,128.1
JanLipavsky,2021-09-09,6,0,6,0,1805,330,1475,52.7
jhamacek,2021-09-09,1,0,1,0,504,379,125,56.8
kalousekm,2021-09-09,26,26,0,2449,2765,2717,48,1274.1
KarelHavlicek_,2021-09-09,8,8,0,234,1030,747,283,33.7
kducsl,2021-09-09,15,0,15,0,4300,346,3954,14.8
makupka,2021-09-09,1,1,0,120,188,163,25,107.7
market_a,2021-09-09,5,4,1,1159,932,768,164,677.7
MartinBaxa2,2021-09-09,1,1,0,1121,132,126,6,40.5
MJureka,2021-09-09,18,17,1,2736,1476,1292,184,281.1
ODScz,2021-09-09,22,11,11,655,3701,1206,2495,153.6
olgarichterova,2021-09-09,3,3,0,222,550,511,39,42.8
P_Fiala,2021-09-09,8,2,6,670,976,613,363,242.8
PavelSehnal64,2021-09-09,1,1,0,3,71,71,0,0.4
PiratIvanBartos,2021-09-09,3,3,0,1771,806,755,51,292.4
PiratskaStrana,2021-09-09,7,3,4,725,1448,598,850,86.9
Pospisil_Jiri,2021-09-09,1,1,0,226,443,377,66,98.6
SpoluKoalice,2021-09-09,40,1,39,170,4043,299,3744,60.9
STANcz,2021-09-09,6,1,5,107,1020,288,732,19.6
TomasZdechovsky,2021-09-09,40,26,14,1375,7443,5655,1788,321.1
tomio_cz,2021-09-09,3,3,0,173,947,947,0,49.6
TOP09cz,2021-09-09,19,0,19,0,3305,135,3170,21.8
VeslavM,2021-09-09,4,4,0,102,641,628,13,20.6
Vit_Rakusan,2021-09-09,2,2,0,1050,277,249,28,116.5
volimtrikoloru,2021-09-09,2,2,0,100,221,170,51,5.6
vonpecka,2021-09-09,3,2,1,8,789,556,233,15.7
ZdenekHrib,2021-09-09,2,0,2,0,882,780,102,170.8
zeleni_cz,2021-09-09,9,8,1,68,794,522,272,14.8
alenaschillerov,2021-09-08,8,8,0,163,1544,1384,160,54.4
AndrejBabis,2021-09-08,15,6,9,714,3098,772,2326,127.8
honzabartosek,2021-09-08,3,3,0,5,381,378,3,46.1
Jan_Skopecek,2021-09-08,4,4,0,2281,680,614,66,127.4
jana_cernochova,2021-09-08,1,1,0,382,704,684,20,65.4
JanLipavsky,2021-09-08,2,0,2,0,1799,330,1469,52.7
jhamacek,2021-09-08,1,1,0,134,503,379,124,56.8
kalousekm,2021-09-08,11,11,0,1490,2739,2691,48,1271.7
KarelHavlicek_,2021-09-08,4,3,1,100,1022,739,283,33.5
kducsl,2021-09-08,23,2,21,109,4285,346,3939,14.8
makupka,2021-09-08,1,1,0,234,187,162,25,107.5
market_a,2021-09-08,5,3,2,2406,927,764,163,676.6
metnarl,2021-09-08,1,0,1,0,165,127,38,11.9
MJureka,2021-09-08,16,15,1,1363,1458,1275,183,278.3
ODScz,2021-09-08,22,9,13,1198,3679,1195,2484,152.9
olgarichterova,2021-09-08,3,2,1,84,547,508,39,42.6
P_Fiala,2021-09-08,11,2,9,453,968,611,357,242.1
PiratskaStrana,2021-09-08,2,0,2,0,1441,595,846,86.2
Pospisil_Jiri,2021-09-08,2,1,1,105,442,376,66,98.4
RobertSlachta,2021-09-08,9,3,6,338,197,120,77,4.3
SpoluKoalice,2021-09-08,30,5,25,659,4003,298,3705,60.8
STANcz,2021-09-08,10,2,8,139,1014,287,727,19.4
TomasZdechovsky,2021-09-08,39,26,13,1160,7403,5629,1774,319.7
tomio_cz,2021-09-08,4,4,0,254,944,944,0,49.5
TOP09cz,2021-09-08,16,0,16,0,3286,135,3151,21.8
VeslavM,2021-09-08,7,7,0,272,637,624,13,20.5
Vit_Rakusan,2021-09-08,2,2,0,401,275,247,28,115.5
volimtrikoloru,2021-09-08,2,0,2,0,219,168,51,5.5
vonpecka,2021-09-08,2,2,0,71,786,554,232,15.6
ZdenekHrib,2021-09-08,2,2,0,584,880,780,100,170.8
zeleni_cz,2021-09-08,28,27,1,605,785,514,271,14.7
alenaschillerov,2021-09-07,9,8,1,216,1536,1376,160,54.2
AndrejBabis,2021-09-07,25,3,22,683,3083,766,2317,127.1
honzabartosek,2021-09-07,2,2,0,319,378,375,3,46.1
Jan_Skopecek,2021-09-07,3,2,1,75,676,610,66,125.1
jana_cernochova,2021-09-07,1,1,0,118,703,683,20,65.1
JanLipavsky,2021-09-07,7,0,7,0,1797,330,1467,52.7
kalousekm,2021-09-07,15,15,0,2833,2728,2680,48,1270.2
KarelHavlicek_,2021-09-07,8,3,5,183,1018,736,282,33.4
kducsl,2021-09-07,20,0,20,0,4262,344,3918,14.7
makupka,2021-09-07,1,1,0,791,186,161,25,107.3
market_a,2021-09-07,3,3,0,2221,922,761,161,674.2
MartinBaxa2,2021-09-07,1,0,1,0,131,125,6,39.4
metnarl,2021-09-07,1,1,0,43,164,127,37,11.9
MJureka,2021-09-07,4,4,0,3918,1442,1260,182,277
ODScz,2021-09-07,16,10,6,1610,3657,1186,2471,151.7
olgarichterova,2021-09-07,1,1,0,162,544,506,38,42.5
P_Fiala,2021-09-07,5,3,2,1073,957,609,348,241.7
PavelSehnal64,2021-09-07,1,1,0,8,70,70,0,0.4
PiratIvanBartos,2021-09-07,2,2,0,445,803,752,51,290.7
PiratskaStrana,2021-09-07,2,0,2,0,1439,595,844,86.2
Pospisil_Jiri,2021-09-07,2,0,2,0,440,375,65,98.3
SpoluKoalice,2021-09-07,25,3,22,465,3973,293,3680,60.1
STANcz,2021-09-07,7,2,5,442,1004,285,719,19.3
TomasCzernin,2021-09-07,1,1,0,154,185,180,5,98.9
TomasZdechovsky,2021-09-07,48,40,8,854,7364,5603,1761,318.5
tomio_cz,2021-09-07,2,2,0,231,940,940,0,49.2
TOP09cz,2021-09-07,26,1,25,213,3270,135,3135,21.8
VeslavM,2021-09-07,1,1,0,0,630,617,13,20.3
volimtrikoloru,2021-09-07,7,4,3,112,217,168,49,5.5
vonpecka,2021-09-07,3,2,1,52,784,552,232,15.6
ZdenekHrib,2021-09-07,8,6,2,3308,878,778,100,170.2
zeleni_cz,2021-09-07,12,12,0,99,757,487,270,14.1
alenaschillerov,2021-09-06,18,18,0,432,1527,1368,159,54
AndrejBabis,2021-09-06,20,8,12,970,3058,763,2295,126.4
honzabartosek,2021-09-06,2,2,0,646,376,373,3,45.8
Jan_Skopecek,2021-09-06,2,2,0,631,673,608,65,125
jana_cernochova,2021-09-06,12,12,0,556,702,682,20,64.9
JanLipavsky,2021-09-06,3,0,3,0,1790,330,1460,52.7
jhamacek,2021-09-06,2,2,0,111,502,378,124,56.6
kalousekm,2021-09-06,5,5,0,2289,2713,2665,48,1267.3
KarelHavlicek_,2021-09-06,9,6,3,249,1010,733,277,33.2
kducsl,2021-09-06,14,0,14,0,4242,344,3898,14.7
market_a,2021-09-06,6,4,2,3478,919,758,161,672
milionchvilek,2021-09-06,1,1,0,99,307,213,94,44.5
MJureka,2021-09-06,1,1,0,23,1438,1256,182,273
ODScz,2021-09-06,20,11,9,1111,3641,1176,2465,150.1
olgarichterova,2021-09-06,1,0,1,0,543,505,38,42.4
P_Fiala,2021-09-06,7,2,5,1004,952,606,346,240.6
PiratIvanBartos,2021-09-06,3,2,1,1361,801,750,51,290.2
PiratskaStrana,2021-09-06,4,3,1,768,1437,595,842,86.2
Pospisil_Jiri,2021-09-06,1,1,0,109,438,375,63,98.3
SpoluKoalice,2021-09-06,28,2,26,333,3948,290,3658,59.6
STANcz,2021-09-06,3,1,2,111,997,283,714,18.9
TomasZdechovsky,2021-09-06,55,43,12,2080,7316,5563,1753,317.7
tomio_cz,2021-09-06,3,3,0,127,938,938,0,49
TOP09cz,2021-09-06,29,0,29,0,3244,134,3110,21.6
VeslavM,2021-09-06,3,3,0,56,629,616,13,20.3
Vit_Rakusan,2021-09-06,2,2,0,469,273,245,28,115.1
volimtrikoloru,2021-09-06,1,0,1,0,210,164,46,5.3
vonpecka,2021-09-06,2,1,1,20,781,550,231,15.5
ZdenekHrib,2021-09-06,2,1,1,353,870,772,98,166.9
zeleni_cz,2021-09-06,6,5,1,461,745,475,270,14
alenaschillerov,2021-09-05,5,4,1,132,1509,1350,159,53.6
AndrejBabis,2021-09-05,10,2,8,497,3038,755,2283,125.4
Jan_Skopecek,2021-09-05,1,1,0,1578,671,606,65,124.4
jana_cernochova,2021-09-05,8,8,0,1013,690,670,20,64.4
kalousekm,2021-09-05,7,7,0,6098,2708,2660,48,1265
KarelHavlicek_,2021-09-05,6,4,2,286,1001,727,274,33
kducsl,2021-09-05,15,4,11,325,4228,344,3884,14.7
makupka,2021-09-05,1,1,0,1158,185,160,25,106.5
market_a,2021-09-05,1,1,0,2078,913,754,159,668.5
metnarl,2021-09-05,1,1,0,42,163,126,37,11.9
MJureka,2021-09-05,4,4,0,2021,1437,1255,182,273
ODScz,2021-09-05,17,10,7,1919,3621,1165,2456,149
P_Fiala,2021-09-05,9,3,6,3800,945,604,341,239.6
PiratIvanBartos,2021-09-05,1,1,0,648,798,748,50,288.9
PiratskaStrana,2021-09-05,4,2,2,162,1433,592,841,85.4
Pospisil_Jiri,2021-09-05,1,1,0,347,437,374,63,98.2
RobertSlachta,2021-09-05,1,1,0,9,188,117,71,3.9
SpoluKoalice,2021-09-05,21,1,20,607,3920,288,3632,59.3
STANcz,2021-09-05,3,1,2,39,994,282,712,18.8
TomasZdechovsky,2021-09-05,24,14,10,2128,7261,5520,1741,315.6
tomio_cz,2021-09-05,4,4,0,192,935,935,0,48.9
TOP09cz,2021-09-05,5,1,4,345,3215,134,3081,21.6
VeslavM,2021-09-05,4,4,0,131,626,613,13,20.2
vojtafilip,2021-09-05,1,1,0,32,74,74,0,6.4
Zbynek_Stanjura,2021-09-05,1,0,1,0,27,21,6,23.3
zeleni_cz,2021-09-05,3,3,0,1,739,470,269,13.5
alenaschillerov,2021-09-04,4,4,0,173,1504,1346,158,53.4
czKSCM,2021-09-04,1,0,1,0,99,21,78,0.2
Jan_Skopecek,2021-09-04,5,4,1,434,670,605,65,122.8
jana_cernochova,2021-09-04,8,8,0,950,682,662,20,63.4
JanLipavsky,2021-09-04,1,0,1,0,1787,330,1457,52.7
jhamacek,2021-09-04,1,1,0,233,500,376,124,56.5
kalousekm,2021-09-04,3,3,0,6617,2701,2653,48,1258.9
KarelHavlicek_,2021-09-04,3,3,0,117,995,723,272,32.7
kducsl,2021-09-04,8,0,8,0,4213,340,3873,14.3
market_a,2021-09-04,3,1,2,309,912,753,159,666.4
MartinBaxa2,2021-09-04,2,2,0,252,130,125,5,39.4
MJureka,2021-09-04,1,1,0,1630,1433,1251,182,271
ODScz,2021-09-04,18,7,11,1022,3604,1155,2449,147.1
P_Fiala,2021-09-04,5,2,3,1316,936,601,335,235.8
PiratIvanBartos,2021-09-04,7,7,0,2011,797,747,50,288.2
PiratskaStrana,2021-09-04,8,4,4,1204,1429,590,839,85.3
Pospisil_Jiri,2021-09-04,1,0,1,0,436,373,63,97.8
SpoluKoalice,2021-09-04,5,0,5,0,3899,287,3612,58.7
STANcz,2021-09-04,3,2,1,417,991,281,710,18.7
TomasCzernin,2021-09-04,1,1,0,1738,184,179,5,98.7
TomasZdechovsky,2021-09-04,11,9,2,696,7237,5506,1731,313.5
tomio_cz,2021-09-04,4,4,0,306,931,931,0,48.7
VeslavM,2021-09-04,2,2,0,2,622,609,13,20.1
ZdenekHrib,2021-09-04,1,1,0,287,868,771,97,166.6
zeleni_cz,2021-09-04,2,2,0,85,736,467,269,13.5
alenaschillerov,2021-09-03,6,4,2,81,1500,1342,158,53.2
AndrejBabis,2021-09-03,17,6,11,890,3028,753,2275,124.9
Jan_Skopecek,2021-09-03,4,4,0,595,665,601,64,122.4
jana_cernochova,2021-09-03,3,3,0,591,674,654,20,62.4
JanLipavsky,2021-09-03,1,0,1,0,1786,330,1456,52.7
kalousekm,2021-09-03,6,6,0,3900,2698,2650,48,1252.3
KarelHavlicek_,2021-09-03,11,7,4,276,992,720,272,32.5
kducsl,2021-09-03,19,2,17,90,4205,340,3865,14.3
makupka,2021-09-03,1,1,0,1259,184,159,25,105.4
market_a,2021-09-03,1,1,0,437,909,752,157,666.1
metnarl,2021-09-03,3,3,0,169,162,125,37,11.8
MJureka,2021-09-03,4,4,0,726,1432,1250,182,269.4
ODScz,2021-09-03,29,14,15,1018,3586,1148,2438,146.1
P_Fiala,2021-09-03,5,2,3,908,931,599,332,234.5
PiratIvanBartos,2021-09-03,4,3,1,870,790,740,50,286.2
PiratskaStrana,2021-09-03,8,2,6,655,1421,586,835,84.1
Pospisil_Jiri,2021-09-03,2,2,0,262,435,373,62,97.8
SpoluKoalice,2021-09-03,29,2,27,983,3894,287,3607,58.7
STANcz,2021-09-03,5,1,4,92,988,279,709,18.3
TomasZdechovsky,2021-09-03,32,22,10,255,7226,5497,1729,312.8
tomio_cz,2021-09-03,3,3,0,276,927,927,0,48.4
TOP09cz,2021-09-03,11,0,11,0,3210,133,3077,21.2
VeslavM,2021-09-03,6,5,1,7,620,607,13,20.1
Vit_Rakusan,2021-09-03,1,1,0,223,271,243,28,114.6
volimtrikoloru,2021-09-03,3,0,3,0,209,164,45,5.3
vonpecka,2021-09-03,3,3,0,49,779,549,230,15.5
zeleni_cz,2021-09-03,15,13,2,359,734,465,269,13.5
alenaschillerov,2021-09-02,5,5,0,187,1494,1338,156,53.2
AndrejBabis,2021-09-02,3,1,2,189,3011,747,2264,124
czKSCM,2021-09-02,2,0,2,0,98,21,77,0.2
Jan_Skopecek,2021-09-02,7,6,1,480,661,597,64,121.8
jana_cernochova,2021-09-02,1,1,0,256,671,651,20,61.8
JanLipavsky,2021-09-02,5,0,5,0,1785,330,1455,52.7
jhamacek,2021-09-02,4,3,1,386,499,375,124,56.3
kalousekm,2021-09-02,12,12,0,6146,2692,2644,48,1248.4
KarelHavlicek_,2021-09-02,3,3,0,121,981,713,268,32.3
kducsl,2021-09-02,12,0,12,0,4186,338,3848,14.2
market_a,2021-09-02,5,4,1,3551,908,751,157,665.7
MartinBaxa2,2021-09-02,1,0,1,0,128,123,5,39.2
metnarl,2021-09-02,1,1,0,12,159,122,37,11.7
milionchvilek,2021-09-02,1,0,1,0,306,212,94,44.4
MJureka,2021-09-02,16,14,2,3202,1428,1246,182,268.6
ODScz,2021-09-02,13,9,4,887,3557,1134,2423,145.1
olgarichterova,2021-09-02,2,2,0,186,542,505,37,42.4
P_Fiala,2021-09-02,5,3,2,1647,926,597,329,233.6
PiratIvanBartos,2021-09-02,5,2,3,496,786,737,49,285.3
PiratskaStrana,2021-09-02,7,5,2,956,1413,584,829,83.4
Pospisil_Jiri,2021-09-02,2,2,0,1073,433,371,62,97.6
SpoluKoalice,2021-09-02,16,2,14,3104,3865,285,3580,57.7
STANcz,2021-09-02,10,0,10,0,983,278,705,18.2
TomasCzernin,2021-09-02,1,1,0,277,183,178,5,97
TomasZdechovsky,2021-09-02,36,27,9,2832,7194,5475,1719,312.5
tomio_cz,2021-09-02,1,1,0,61,924,924,0,48.1
TOP09cz,2021-09-02,15,0,15,0,3199,133,3066,21.2
VeslavM,2021-09-02,4,4,0,147,614,602,12,20.1
Vit_Rakusan,2021-09-02,3,3,0,728,270,242,28,114.4
volimtrikoloru,2021-09-02,5,4,1,101,206,164,42,5.3
Zbynek_Stanjura,2021-09-02,1,0,1,0,26,21,5,23.3
ZdenekHrib,2021-09-02,1,0,1,0,867,770,97,166.3
zeleni_cz,2021-09-02,3,3,0,61,719,452,267,13.1
alenaschillerov,2021-09-01,11,11,0,312,1489,1333,156,53
AndrejBabis,2021-09-01,16,8,8,716,3008,746,2262,123.8
general_pavel,2021-09-01,1,1,0,328,171,170,1,108.3
Jan_Skopecek,2021-09-01,4,4,0,171,654,591,63,121.3
jana_cernochova,2021-09-01,3,3,0,254,670,650,20,61.6
JanLipavsky,2021-09-01,3,1,2,95,1780,330,1450,52.7
jhamacek,2021-09-01,3,2,1,91,495,372,123,55.9
kalousekm,2021-09-01,20,20,0,6123,2680,2632,48,1242.3
KarelHavlicek_,2021-09-01,2,2,0,69,978,710,268,32.2
kducsl,2021-09-01,28,7,21,1433,4174,338,3836,14.2
makupka,2021-09-01,1,1,0,48,183,158,25,104.1
market_a,2021-09-01,5,4,1,3184,903,747,156,662.1
MartinBaxa2,2021-09-01,1,1,0,565,127,123,4,39.2
milionchvilek,2021-09-01,1,1,0,613,305,212,93,44.4
MJureka,2021-09-01,2,2,0,1113,1412,1232,180,265.4
ODScz,2021-09-01,17,6,11,293,3544,1125,2419,144.2
olgarichterova,2021-09-01,1,1,0,1640,540,503,37,42.2
P_Fiala,2021-09-01,10,7,3,2461,921,594,327,231.9
PiratIvanBartos,2021-09-01,10,8,2,1274,781,735,46,284.8
PiratskaStrana,2021-09-01,15,9,6,2607,1406,579,827,82.5
Pospisil_Jiri,2021-09-01,3,2,1,360,431,369,62,96.5
SpoluKoalice,2021-09-01,31,3,28,294,3849,283,3566,54.6
STANcz,2021-09-01,12,1,11,543,973,278,695,18.2
TomasCzernin,2021-09-01,1,1,0,885,182,177,5,96.7
TomasZdechovsky,2021-09-01,65,42,23,2407,7158,5448,1710,309.7
tomio_cz,2021-09-01,2,2,0,143,923,923,0,48
TOP09cz,2021-09-01,24,1,23,207,3184,133,3051,21.2
VeslavM,2021-09-01,1,1,0,132,610,598,12,19.9
Vit_Rakusan,2021-09-01,6,6,0,1514,267,239,28,113.7
volimtrikoloru,2021-09-01,1,0,1,0,201,160,41,5.2
vonpecka,2021-09-01,3,1,2,10,776,546,230,15.5
ZdenekHrib,2021-09-01,4,4,0,479,866,770,96,166.3
zeleni_cz,2021-09-01,1,1,0,0,716,449,267,13
alenaschillerov,2021-08-31,8,8,0,211,1478,1322,156,52.7
AndrejBabis,2021-08-31,13,6,7,400,2992,738,2254,123.1
honzabartosek,2021-08-31,1,1,0,431,374,371,3,45.2
Jan_Skopecek,2021-08-31,6,6,0,548,650,587,63,121.1
jana_cernochova,2021-08-31,1,1,0,175,667,647,20,61.3
JanLipavsky,2021-08-31,2,0,2,0,1777,329,1448,52.6
jhamacek,2021-08-31,2,1,1,28,492,370,122,55.8
kalousekm,2021-08-31,20,19,1,5305,2660,2612,48,1236.2
KarelHavlicek_,2021-08-31,8,6,2,417,976,708,268,32.1
kducsl,2021-08-31,28,0,28,0,4146,331,3815,12.8
makupka,2021-08-31,1,1,0,376,182,157,25,104.1
market_a,2021-08-31,2,2,0,4907,898,743,155,658.9
MartinBaxa2,2021-08-31,1,0,1,0,126,122,4,38.6
metnarl,2021-08-31,1,1,0,35,158,121,37,11.7
milionchvilek,2021-08-31,2,2,0,201,304,211,93,43.8
MJureka,2021-08-31,10,10,0,1503,1410,1230,180,264.3
ODScz,2021-08-31,21,7,14,1001,3527,1119,2408,143.9
olgarichterova,2021-08-31,5,4,1,262,539,502,37,40.6
P_Fiala,2021-08-31,8,6,2,2894,911,587,324,229.5
PiratIvanBartos,2021-08-31,7,7,0,1775,771,727,44,283.6
PiratskaStrana,2021-08-31,9,5,4,187,1391,570,821,79.8
Pospisil_Jiri,2021-08-31,1,1,0,278,428,367,61,96.2
RobertSlachta,2021-08-31,7,4,3,240,187,116,71,3.9
SpoluKoalice,2021-08-31,30,2,28,357,3818,280,3538,54.3
STANcz,2021-08-31,56,39,17,1890,961,277,684,17.7
TomasCzernin,2021-08-31,2,2,0,748,181,176,5,95.8
TomasZdechovsky,2021-08-31,83,62,21,2070,7093,5406,1687,307.3
tomio_cz,2021-08-31,2,2,0,33,921,921,0,47.9
TOP09cz,2021-08-31,11,1,10,110,3160,132,3028,21
VeslavM,2021-08-31,12,12,0,2275,609,597,12,19.8
Vit_Rakusan,2021-08-31,2,2,0,1951,261,233,28,112.2
volimtrikoloru,2021-08-31,4,3,1,78,200,160,40,5.2
vonpecka,2021-08-31,3,3,0,31,773,545,228,15.4
zeleni_cz,2021-08-31,8,7,1,567,715,448,267,13
alenaschillerov,2021-08-30,6,6,0,220,1470,1314,156,52.5
AndrejBabis,2021-08-30,16,0,16,0,2979,732,2247,122.7
Jan_Skopecek,2021-08-30,2,2,0,229,644,581,63,120.6
jana_cernochova,2021-08-30,1,1,0,51,666,646,20,61.1
JanLipavsky,2021-08-30,2,0,2,0,1775,329,1446,52.6
kalousekm,2021-08-30,2,2,0,1670,2640,2593,47,1230.8
KarelHavlicek_,2021-08-30,11,8,3,261,968,702,266,31.7
kducsl,2021-08-30,19,2,17,64,4118,331,3787,12.8
makupka,2021-08-30,1,1,0,548,181,156,25,103.7
market_a,2021-08-30,3,3,0,2204,896,741,155,654
metnarl,2021-08-30,1,1,0,75,157,120,37,11.6
milionchvilek,2021-08-30,1,1,0,683,302,209,93,43.6
MJureka,2021-08-30,3,3,0,895,1400,1220,180,262.8
ODScz,2021-08-30,17,12,5,275,3506,1112,2394,142.9
olgarichterova,2021-08-30,2,2,0,116,534,498,36,40.3
P_Fiala,2021-08-30,2,1,1,936,903,581,322,226.6
PiratIvanBartos,2021-08-30,7,6,1,2024,764,720,44,281.8
PiratskaStrana,2021-08-30,7,1,6,1282,1382,565,817,79.7
Pospisil_Jiri,2021-08-30,1,1,0,249,427,366,61,95.9
SpoluKoalice,2021-08-30,24,1,23,517,3788,278,3510,54
STANcz,2021-08-30,6,1,5,71,905,238,667,15.8
TomasCzernin,2021-08-30,1,1,0,468,179,174,5,95.1
TomasZdechovsky,2021-08-30,38,24,14,1526,7010,5344,1666,305.2
tomio_cz,2021-08-30,2,2,0,45,919,919,0,47.8
TOP09cz,2021-08-30,22,1,21,320,3149,131,3018,20.9
VeslavM,2021-08-30,3,3,0,553,597,585,12,17.5
Vit_Rakusan,2021-08-30,1,1,0,721,259,231,28,110.2
vojtafilip,2021-08-30,1,1,0,200,73,73,0,6.3
vonpecka,2021-08-30,3,1,2,36,770,542,228,15.4
ZdenekHrib,2021-08-30,2,0,2,0,862,766,96,165.8
zeleni_cz,2021-08-30,3,1,2,59,707,441,266,12.5
alenaschillerov,2021-08-29,4,2,2,139,1464,1308,156,52.2
AndrejBabis,2021-08-29,14,4,10,863,2963,732,2231,122.7
Jan_Skopecek,2021-08-29,3,2,1,140,642,579,63,120.3
JanLipavsky,2021-08-29,5,0,5,0,1773,329,1444,52.6
jhamacek,2021-08-29,1,1,0,6,490,369,121,55.8
kalousekm,2021-08-29,17,17,0,2312,2638,2591,47,1229.2
KarelHavlicek_,2021-08-29,5,2,3,301,957,694,263,31.4
kducsl,2021-08-29,11,5,6,306,4099,329,3770,12.7
Kuba_Martin,2021-08-29,9,9,0,747,1106,1106,0,135.4
market_a,2021-08-29,2,2,0,1774,893,738,155,651.8
MJureka,2021-08-29,6,6,0,1006,1397,1217,180,261.9
ODScz,2021-08-29,14,7,7,2353,3489,1100,2389,142.6
P_Fiala,2021-08-29,6,4,2,3558,901,580,321,225.6
RobertSlachta,2021-08-29,3,2,1,24,180,112,68,3.7
SpoluKoalice,2021-08-29,13,1,12,248,3764,277,3487,53.4
STANcz,2021-08-29,6,1,5,74,899,237,662,15.7
TomasZdechovsky,2021-08-29,2,0,2,0,6972,5320,1652,303.7
tomio_cz,2021-08-29,4,4,0,202,917,917,0,47.8
TOP09cz,2021-08-29,2,0,2,0,3127,130,2997,20.6
VeslavM,2021-08-29,16,15,1,2586,594,582,12,16.9
Vit_Rakusan,2021-08-29,1,1,0,975,258,230,28,109.5
volimtrikoloru,2021-08-29,1,0,1,0,196,157,39,5.2
vonpecka,2021-08-29,1,0,1,0,767,541,226,15.4
zeleni_cz,2021-08-29,6,5,1,243,704,440,264,12.4
alenaschillerov,2021-08-28,5,4,1,161,1460,1306,154,52.1
AndrejBabis,2021-08-28,13,2,11,467,2949,728,2221,121.9
Jan_Skopecek,2021-08-28,6,6,0,740,639,577,62,120.2
JanLipavsky,2021-08-28,2,0,2,0,1768,329,1439,52.6
kalousekm,2021-08-28,6,6,0,3452,2621,2574,47,1226.9
KarelHavlicek_,2021-08-28,6,5,1,225,952,692,260,31.1
kducsl,2021-08-28,5,0,5,0,4088,324,3764,12.4
market_a,2021-08-28,2,2,0,1532,891,736,155,650
MartinBaxa2,2021-08-28,1,0,1,0,125,122,3,38.6
MJureka,2021-08-28,1,1,0,12,1391,1211,180,260.9
ODScz,2021-08-28,8,2,6,324,3475,1093,2382,140.2
P_Fiala,2021-08-28,2,2,0,680,895,576,319,222.1
Pospisil_Jiri,2021-08-28,2,1,1,276,426,365,61,95.6
RobertSlachta,2021-08-28,1,0,1,0,177,110,67,3.7
SpoluKoalice,2021-08-28,23,1,22,503,3751,276,3475,53.2
STANcz,2021-08-28,9,1,8,35,893,236,657,15.6
tomio_cz,2021-08-28,3,3,0,210,913,913,0,47.6
TOP09cz,2021-08-28,16,0,16,0,3125,130,2995,20.6
VeslavM,2021-08-28,2,2,0,87,578,567,11,14.4
Vit_Rakusan,2021-08-28,1,1,0,456,257,229,28,108.5
zeleni_cz,2021-08-28,8,7,1,179,698,435,263,12.2
alenaschillerov,2021-08-27,8,7,1,211,1455,1302,153,51.9
AndrejBabis,2021-08-27,22,8,14,777,2936,726,2210,121.4
Jan_Skopecek,2021-08-27,8,8,0,424,633,571,62,119.5
jana_cernochova,2021-08-27,4,4,0,677,665,645,20,61.1
JanLipavsky,2021-08-27,4,1,3,51,1766,329,1437,52.6
jhamacek,2021-08-27,1,1,0,35,489,368,121,55.8
kalousekm,2021-08-27,16,16,0,10625,2615,2568,47,1223.4
KarelHavlicek_,2021-08-27,5,5,0,244,946,687,259,30.9
kducsl,2021-08-27,10,0,10,0,4083,324,3759,12.4
makupka,2021-08-27,1,1,0,1613,180,155,25,103.1
market_a,2021-08-27,5,5,0,2333,889,734,155,648.5
metnarl,2021-08-27,2,2,0,172,156,119,37,11.6
milionchvilek,2021-08-27,6,5,1,2409,301,208,93,42.9
ODScz,2021-08-27,21,10,11,513,3467,1091,2376,139.9
olgarichterova,2021-08-27,2,2,0,146,532,496,36,40.2
P_Fiala,2021-08-27,6,5,1,2429,893,574,319,221.4
PiratIvanBartos,2021-08-27,2,2,0,1163,757,714,43,279.8
PiratskaStrana,2021-08-27,4,1,3,79,1375,564,811,78.4
RobertSlachta,2021-08-27,1,1,0,4,176,110,66,3.7
SpoluKoalice,2021-08-27,16,2,14,161,3728,275,3453,52.7
STANcz,2021-08-27,5,0,5,0,884,235,649,15.6
TomasZdechovsky,2021-08-27,30,21,9,1427,6970,5320,1650,303.7
tomio_cz,2021-08-27,4,4,0,173,910,910,0,47.4
TOP09cz,2021-08-27,11,0,11,0,3109,130,2979,20.6
VeslavM,2021-08-27,8,8,0,141,576,565,11,14.3
Vit_Rakusan,2021-08-27,3,3,0,699,256,228,28,108.1
ZdenekHrib,2021-08-27,3,3,0,344,860,766,94,165.8
zeleni_cz,2021-08-27,13,12,1,383,690,428,262,12
alenaschillerov,2021-08-26,8,8,0,268,1447,1295,152,51.7
AndrejBabis,2021-08-26,12,0,12,0,2914,718,2196,120.6
Jan_Skopecek,2021-08-26,2,2,0,178,625,563,62,119
jana_cernochova,2021-08-26,8,8,0,2270,661,641,20,60.4
JanLipavsky,2021-08-26,6,1,5,1,1762,328,1434,52.6
kalousekm,2021-08-26,16,15,1,3703,2599,2552,47,1212.8
KarelHavlicek_,2021-08-26,8,4,4,201,941,682,259,30.6
kducsl,2021-08-26,21,3,18,159,4073,324,3749,12.4
market_a,2021-08-26,4,4,0,1627,884,729,155,646.2
milionchvilek,2021-08-26,1,1,0,22,295,203,92,40.5
MJureka,2021-08-26,4,3,1,400,1390,1210,180,260.9
ODScz,2021-08-26,24,11,13,671,3446,1081,2365,139.4
olgarichterova,2021-08-26,2,1,1,263,530,494,36,40
P_Fiala,2021-08-26,18,3,15,687,887,569,318,219
PiratIvanBartos,2021-08-26,8,8,0,886,755,712,43,278.6
PiratskaStrana,2021-08-26,4,0,4,0,1371,563,808,78.3
Pospisil_Jiri,2021-08-26,2,1,1,398,424,364,60,95.3
RobertSlachta,2021-08-26,1,0,1,0,175,109,66,3.7
SpoluKoalice,2021-08-26,23,2,21,555,3712,273,3439,52.5
STANcz,2021-08-26,7,0,7,0,879,235,644,15.6
TomasCzernin,2021-08-26,2,2,0,332,178,173,5,94.6
TomasZdechovsky,2021-08-26,39,25,14,1336,6940,5299,1641,302.3
tomio_cz,2021-08-26,3,3,0,228,906,906,0,47.2
TOP09cz,2021-08-26,22,1,21,227,3098,130,2968,20.6
VeslavM,2021-08-26,4,4,0,337,568,557,11,14.1
Vit_Rakusan,2021-08-26,5,5,0,919,253,225,28,107.4
volimtrikoloru,2021-08-26,2,2,0,49,195,157,38,5.2
zeleni_cz,2021-08-26,14,14,0,287,677,416,261,11.6
alenaschillerov,2021-08-25,8,8,0,208,1439,1287,152,51.5
AndrejBabis,2021-08-25,23,7,16,682,2902,718,2184,120.6
general_pavel,2021-08-25,1,1,0,238,170,169,1,107.9
honzabartosek,2021-08-25,1,1,0,44,373,370,3,44.7
Jan_Skopecek,2021-08-25,4,3,1,2119,623,561,62,118.9
JanLipavsky,2021-08-25,5,0,5,0,1756,327,1429,52.6
kalousekm,2021-08-25,8,7,1,3739,2583,2537,46,1209.1
KarelHavlicek_,2021-08-25,7,5,2,356,933,678,255,30.4
kducsl,2021-08-25,32,2,30,120,4052,321,3731,12.3
Kuba_Martin,2021-08-25,21,21,0,4178,1097,1097,0,134.7
makupka,2021-08-25,2,0,2,0,179,154,25,101.5
market_a,2021-08-25,2,2,0,1437,880,725,155,644.5
MartinBaxa2,2021-08-25,1,0,1,0,124,122,2,38.6
metnarl,2021-08-25,5,5,0,211,154,117,37,11.4
milionchvilek,2021-08-25,1,1,0,209,294,202,92,40.5
MJureka,2021-08-25,5,5,0,1483,1386,1207,179,260.5
ODScz,2021-08-25,28,12,16,1951,3422,1070,2352,138.7
P_Fiala,2021-08-25,9,3,6,3227,869,566,303,218.3
PiratIvanBartos,2021-08-25,2,2,0,2962,747,704,43,277.7
PiratskaStrana,2021-08-25,4,0,4,0,1367,563,804,78.3
Pospisil_Jiri,2021-08-25,1,1,0,36,422,363,59,95
RobertSlachta,2021-08-25,2,0,2,0,174,109,65,3.7
SpoluKoalice,2021-08-25,22,3,19,620,3689,271,3418,52
STANcz,2021-08-25,2,0,2,0,872,235,637,15.6
TomasZdechovsky,2021-08-25,56,39,17,1906,6901,5274,1627,300.9
tomio_cz,2021-08-25,4,4,0,411,903,903,0,47
TOP09cz,2021-08-25,20,1,19,90,3076,129,2947,20.4
VeslavM,2021-08-25,7,7,0,153,564,553,11,13.8
volimtrikoloru,2021-08-25,3,2,1,51,193,155,38,5.1
vonpecka,2021-08-25,1,0,1,0,766,541,225,15.4
zeleni_cz,2021-08-25,4,4,0,125,663,402,261,11.3
alenaschillerov,2021-08-24,10,8,2,228,1431,1279,152,51.3
AndrejBabis,2021-08-24,17,5,12,413,2879,711,2168,119.9
general_pavel,2021-08-24,1,1,0,127,169,168,1,107.7
honzabartosek,2021-08-24,2,2,0,72,372,369,3,44.7
Jan_Skopecek,2021-08-24,4,4,0,257,619,558,61,116.7
jana_cernochova,2021-08-24,4,4,0,48,653,633,20,58.1
JanLipavsky,2021-08-24,2,0,2,0,1751,327,1424,52.6
kalousekm,2021-08-24,15,15,0,6435,2575,2530,45,1205.3
KarelHavlicek_,2021-08-24,4,2,2,119,926,673,253,30.1
kducsl,2021-08-24,10,2,8,96,4020,319,3701,12.2
Kuba_Martin,2021-08-24,20,20,0,232,1076,1076,0,130.5
makupka,2021-08-24,1,1,0,1558,177,154,23,101.5
market_a,2021-08-24,3,2,1,1161,878,723,155,643.1
MJureka,2021-08-24,2,2,0,434,1381,1202,179,259
ODScz,2021-08-24,12,3,9,319,3394,1058,2336,136.8
P_Fiala,2021-08-24,6,2,4,1034,860,563,297,215.1
PiratIvanBartos,2021-08-24,4,4,0,384,745,702,43,274.8
PiratskaStrana,2021-08-24,3,1,2,152,1363,563,800,78.3
Pospisil_Jiri,2021-08-24,1,1,0,158,421,362,59,94.9
RobertSlachta,2021-08-24,1,0,1,0,172,109,63,3.7
SpoluKoalice,2021-08-24,13,2,11,406,3667,268,3399,51.4
STANcz,2021-08-24,4,1,3,73,870,235,635,15.6
TomasCzernin,2021-08-24,1,1,0,244,176,171,5,94.3
TomasZdechovsky,2021-08-24,27,20,7,1836,6845,5235,1610,299
tomio_cz,2021-08-24,6,6,0,227,899,899,0,46.6
TOP09cz,2021-08-24,21,1,20,528,3056,128,2928,20.3
VeslavM,2021-08-24,1,0,1,0,557,546,11,13.6
Vit_Rakusan,2021-08-24,1,0,1,0,248,220,28,106.4
volimtrikoloru,2021-08-24,7,3,4,106,190,153,37,5.1
vonpecka,2021-08-24,2,1,1,17,765,541,224,15.4
ZdenekHrib,2021-08-24,1,1,0,304,857,763,94,165.5
zeleni_cz,2021-08-24,11,10,1,774,659,398,261,11.2
alenaschillerov,2021-08-23,10,10,0,330,1421,1271,150,51
AndrejBabis,2021-08-23,11,1,10,86,2862,706,2156,119.5
general_pavel,2021-08-23,1,1,0,453,168,167,1,107.6
honzabartosek,2021-08-23,2,2,0,81,370,367,3,44.6
Jan_Skopecek,2021-08-23,2,2,0,315,615,554,61,116.5
jana_cernochova,2021-08-23,6,5,1,60,649,629,20,58.1
JanLipavsky,2021-08-23,4,0,4,0,1749,327,1422,52.6
kalousekm,2021-08-23,12,11,1,4318,2560,2515,45,1198.9
KarelHavlicek_,2021-08-23,5,4,1,355,922,671,251,30
kducsl,2021-08-23,19,3,16,126,4010,317,3693,12.1
Kuba_Martin,2021-08-23,6,6,0,372,1056,1056,0,130.3
makupka,2021-08-23,1,1,0,1168,176,153,23,100
market_a,2021-08-23,3,3,0,2656,875,721,154,642
MJureka,2021-08-23,3,3,0,245,1379,1200,179,258.6
ODScz,2021-08-23,18,7,11,1510,3382,1055,2327,136.5
olgarichterova,2021-08-23,2,1,1,412,528,493,35,39.8
P_Fiala,2021-08-23,6,4,2,1830,854,561,293,214
PiratIvanBartos,2021-08-23,5,5,0,1093,741,698,43,274.4
PiratskaStrana,2021-08-23,12,11,1,1132,1360,562,798,78.2
Pospisil_Jiri,2021-08-23,1,1,0,789,420,361,59,94.8
RobertSlachta,2021-08-23,1,0,1,0,171,109,62,3.7
SpoluKoalice,2021-08-23,12,0,12,0,3654,266,3388,51
TomasCzernin,2021-08-23,2,2,0,1945,175,170,5,94
TomasZdechovsky,2021-08-23,38,28,10,1425,6818,5215,1603,297.2
tomio_cz,2021-08-23,5,5,0,164,893,893,0,46.3
TOP09cz,2021-08-23,25,1,24,97,3035,127,2908,19.7
volimtrikoloru,2021-08-23,3,1,2,95,183,150,33,5
zeleni_cz,2021-08-23,8,8,0,572,648,388,260,10.4
alenaschillerov,2021-08-22,5,4,1,455,1411,1261,150,50.7
AndrejBabis,2021-08-22,8,3,5,736,2851,705,2146,119.4
honzabartosek,2021-08-22,1,1,0,230,368,365,3,44.5
Jan_Skopecek,2021-08-22,2,2,0,482,613,552,61,116.2
jana_cernochova,2021-08-22,13,13,0,3131,643,624,19,58
JanLipavsky,2021-08-22,6,0,6,0,1745,327,1418,52.6
jhamacek,2021-08-22,2,2,0,389,488,367,121,55.7
kalousekm,2021-08-22,8,8,0,1201,2548,2504,44,1194.6
KarelHavlicek_,2021-08-22,3,0,3,0,917,667,250,29.6
kducsl,2021-08-22,18,0,18,0,3991,314,3677,11.9
market_a,2021-08-22,1,1,0,3122,872,718,154,639.3
MartinBaxa2,2021-08-22,1,1,0,136,123,122,1,38.6
milionchvilek,2021-08-22,1,0,1,0,293,201,92,40.3
MJureka,2021-08-22,10,10,0,5010,1376,1197,179,258.3
ODScz,2021-08-22,12,5,7,589,3364,1048,2316,135
P_Fiala,2021-08-22,1,1,0,262,848,557,291,212.2
PiratIvanBartos,2021-08-22,1,1,0,2544,736,693,43,273.3
PiratskaStrana,2021-08-22,2,1,1,153,1348,551,797,77
Pospisil_Jiri,2021-08-22,1,1,0,117,419,360,59,94
RobertSlachta,2021-08-22,1,0,1,0,170,109,61,3.7
SpoluKoalice,2021-08-22,15,0,15,0,3642,266,3376,51
STANcz,2021-08-22,4,1,3,35,866,234,632,15.5
TomasCzernin,2021-08-22,2,1,1,972,173,168,5,92.1
TomasZdechovsky,2021-08-22,41,35,6,1135,6780,5187,1593,295.8
tomio_cz,2021-08-22,6,6,0,435,888,888,0,46.2
TOP09cz,2021-08-22,1,0,1,0,3010,126,2884,19.6
Vit_Rakusan,2021-08-22,4,4,0,4448,247,220,27,106.4
zeleni_cz,2021-08-22,3,3,0,49,640,380,260,9.9
alenaschillerov,2021-08-21,2,2,0,136,1406,1257,149,50.2
AndrejBabis,2021-08-21,3,1,2,345,2843,702,2141,118.7
general_pavel,2021-08-21,1,1,0,4496,167,166,1,107.1
honzabartosek,2021-08-21,1,1,0,46,367,364,3,44.3
Jan_Skopecek,2021-08-21,4,4,0,365,611,550,61,115.7
jana_cernochova,2021-08-21,15,15,0,912,630,611,19,54.9
JanLipavsky,2021-08-21,7,3,4,20,1739,327,1412,52.6
jhamacek,2021-08-21,1,1,0,215,486,365,121,55.3
KarelHavlicek_,2021-08-21,8,8,0,407,914,667,247,29.6
kducsl,2021-08-21,14,1,13,124,3973,314,3659,11.9
Kuba_Martin,2021-08-21,7,7,0,45,1050,1050,0,129.9
makupka,2021-08-21,1,1,0,143,175,152,23,98.8
market_a,2021-08-21,3,3,0,1032,871,717,154,636.2
metnarl,2021-08-21,1,1,0,95,149,112,37,11.2
milionchvilek,2021-08-21,2,2,0,206,292,201,91,40.3
MJureka,2021-08-21,1,1,0,153,1366,1187,179,253.3
ODScz,2021-08-21,16,2,14,230,3352,1043,2309,134.4
olgarichterova,2021-08-21,1,1,0,178,526,492,34,39.4
P_Fiala,2021-08-21,1,1,0,823,847,556,291,211.9
PiratIvanBartos,2021-08-21,3,3,0,598,735,692,43,270.7
Pospisil_Jiri,2021-08-21,1,1,0,135,418,359,59,93.9
SpoluKoalice,2021-08-21,13,2,11,254,3627,266,3361,51
STANcz,2021-08-21,5,0,5,0,862,233,629,15.5
TomasZdechovsky,2021-08-21,25,19,6,728,6739,5152,1587,294.6
tomio_cz,2021-08-21,5,5,0,362,882,882,0,45.7
TOP09cz,2021-08-21,9,0,9,0,3009,126,2883,19.6
Vit_Rakusan,2021-08-21,8,8,0,1298,243,216,27,102
vojtafilip,2021-08-21,1,1,0,62,72,72,0,6.1
volimtrikoloru,2021-08-21,2,2,0,63,180,149,31,4.9
ZdenekHrib,2021-08-21,6,5,1,737,856,762,94,165.2
zeleni_cz,2021-08-21,5,5,0,127,637,377,260,9.8
alenaschillerov,2021-08-20,7,7,0,222,1404,1255,149,50.1
AndrejBabis,2021-08-20,12,1,11,161,2840,701,2139,118.4
JanLipavsky,2021-08-20,6,4,2,365,1732,324,1408,52.5
jhamacek,2021-08-20,1,1,0,67,485,364,121,55.1
kalousekm,2021-08-20,31,31,0,6467,2540,2496,44,1193.4
KarelHavlicek_,2021-08-20,9,7,2,470,906,659,247,29.2
kducsl,2021-08-20,10,0,10,0,3959,313,3646,11.8
Kuba_Martin,2021-08-20,1,1,0,75,1043,1043,0,129.8
market_a,2021-08-20,2,1,1,861,868,714,154,635.1
MJureka,2021-08-20,3,2,1,162,1365,1186,179,253.2
ODScz,2021-08-20,10,3,7,595,3336,1041,2295,134.1
P_Fiala,2021-08-20,3,3,0,1262,846,555,291,211.1
PiratIvanBartos,2021-08-20,3,2,1,732,732,689,43,270.1
PiratskaStrana,2021-08-20,2,1,1,402,1346,550,796,76.9
SpoluKoalice,2021-08-20,3,1,2,367,3614,264,3350,50.7
STANcz,2021-08-20,5,3,2,324,857,233,624,15.5
TomasZdechovsky,2021-08-20,21,14,7,141,6714,5133,1581,293.9
tomio_cz,2021-08-20,4,4,0,310,877,877,0,45.4
TOP09cz,2021-08-20,11,2,9,119,3000,126,2874,19.6
Vit_Rakusan,2021-08-20,1,1,0,275,235,208,27,100.7
volimtrikoloru,2021-08-20,2,1,1,75,178,147,31,4.8
vonpecka,2021-08-20,1,1,0,9,763,540,223,15.4
ZdenekHrib,2021-08-20,1,0,1,0,850,757,93,164.4
zeleni_cz,2021-08-20,8,8,0,282,632,372,260,9.7
alenaschillerov,2021-08-19,7,5,2,120,1397,1248,149,49.9
AndrejBabis,2021-08-19,24,4,20,663,2828,700,2128,118.2
czKSCM,2021-08-19,3,1,2,4,96,21,75,0.2
general_pavel,2021-08-19,2,2,0,495,166,165,1,102.6
honzabartosek,2021-08-19,3,3,0,87,366,363,3,44.3
Jan_Skopecek,2021-08-19,2,2,0,407,607,546,61,115.3
jana_cernochova,2021-08-19,2,2,0,352,615,596,19,54
JanLipavsky,2021-08-19,2,0,2,0,1726,320,1406,52.2
kalousekm,2021-08-19,13,13,0,3271,2509,2465,44,1186.9
KarelHavlicek_,2021-08-19,4,3,1,165,897,652,245,28.7
kducsl,2021-08-19,24,7,17,152,3949,313,3636,11.8
market_a,2021-08-19,4,3,1,1953,866,713,153,634.3
metnarl,2021-08-19,2,1,1,104,148,111,37,11.1
MJureka,2021-08-19,12,9,3,1302,1362,1184,178,253
ODScz,2021-08-19,10,3,7,618,3326,1038,2288,133.5
olgarichterova,2021-08-19,1,1,0,305,525,491,34,39.2
P_Fiala,2021-08-19,2,2,0,300,843,552,291,209.8
PavelSehnal64,2021-08-19,1,1,0,5,69,69,0,0.4
PiratIvanBartos,2021-08-19,4,4,0,720,729,687,42,269.4
PiratskaStrana,2021-08-19,3,1,2,60,1344,549,795,76.5
Pospisil_Jiri,2021-08-19,1,1,0,20,417,358,59,93.7
RobertSlachta,2021-08-19,3,0,3,0,169,109,60,3.7
SpoluKoalice,2021-08-19,13,1,12,356,3611,263,3348,50.3
STANcz,2021-08-19,6,1,5,45,852,230,622,15.2
TomasCzernin,2021-08-19,1,1,0,27,171,167,4,91.1
TomasZdechovsky,2021-08-19,70,59,11,1772,6693,5119,1574,293.8
tomio_cz,2021-08-19,3,3,0,426,873,873,0,45.1
TOP09cz,2021-08-19,11,0,11,0,2989,124,2865,19.5
VeslavM,2021-08-19,2,2,0,0,556,546,10,13.6
Vit_Rakusan,2021-08-19,1,1,0,245,234,207,27,100.4
vojtafilip,2021-08-19,1,1,0,99,71,71,0,6.1
volimtrikoloru,2021-08-19,3,2,1,40,176,146,30,4.7
zeleni_cz,2021-08-19,13,13,0,474,624,364,260,9.4
alenaschillerov,2021-08-18,10,9,1,378,1390,1243,147,49.8
AndrejBabis,2021-08-18,9,1,8,296,2804,696,2108,117.5
Jan_Skopecek,2021-08-18,2,2,0,167,605,544,61,114.9
jana_cernochova,2021-08-18,2,2,0,100,613,594,19,53.6
JanLipavsky,2021-08-18,2,0,2,0,1724,320,1404,52.2
jhamacek,2021-08-18,5,3,2,186,484,363,121,55.1
kalousekm,2021-08-18,26,26,0,7641,2496,2452,44,1183.7
KarelHavlicek_,2021-08-18,1,0,1,0,893,649,244,28.6
kducsl,2021-08-18,10,1,9,22,3925,306,3619,11.7
makupka,2021-08-18,2,2,0,2220,174,151,23,98.7
market_a,2021-08-18,3,2,1,1528,862,710,152,632.3
MartinBaxa2,2021-08-18,1,1,0,749,122,121,1,38.5
metnarl,2021-08-18,5,2,3,442,146,110,36,11
milionchvilek,2021-08-18,1,1,0,99,290,199,91,40.1
MJureka,2021-08-18,5,4,1,0,1350,1175,175,251.7
ODScz,2021-08-18,25,12,13,660,3316,1035,2281,132.9
P_Fiala,2021-08-18,9,5,4,1422,841,550,291,209.5
PiratIvanBartos,2021-08-18,15,14,1,957,725,683,42,268.7
PiratskaStrana,2021-08-18,2,1,1,72,1341,548,793,76.4
Pospisil_Jiri,2021-08-18,1,1,0,723,416,357,59,93.7
RobertSlachta,2021-08-18,1,0,1,0,166,109,57,3.7
SpoluKoalice,2021-08-18,16,0,16,0,3598,262,3336,50
STANcz,2021-08-18,5,0,5,0,846,229,617,15.1
TomasCzernin,2021-08-18,1,1,0,297,170,166,4,91.1
TomasZdechovsky,2021-08-18,41,31,10,1528,6623,5060,1563,292
tomio_cz,2021-08-18,1,1,0,22,870,870,0,44.7
TOP09cz,2021-08-18,18,2,16,719,2978,124,2854,19.5
VeslavM,2021-08-18,14,14,0,51,554,544,10,13.6
Vit_Rakusan,2021-08-18,1,1,0,400,233,206,27,100.2
volimtrikoloru,2021-08-18,4,4,0,149,173,144,29,4.7
vonpecka,2021-08-18,2,0,2,0,762,539,223,15.4
ZdenekHrib,2021-08-18,1,0,1,0,849,757,92,164.4
zeleni_cz,2021-08-18,6,6,0,14,611,351,260,8.9
alenaschillerov,2021-08-17,5,5,0,134,1380,1234,146,49.4
AndrejBabis,2021-08-17,21,1,20,337,2795,695,2100,117.2
czKSCM,2021-08-17,1,0,1,0,93,20,73,0.2
general_pavel,2021-08-17,2,2,0,357,164,163,1,102.1
honzabartosek,2021-08-17,1,1,0,11,363,360,3,44.2
Jan_Skopecek,2021-08-17,1,1,0,110,603,542,61,114.8
jana_cernochova,2021-08-17,6,6,0,2663,611,592,19,53.5
JanLipavsky,2021-08-17,6,1,5,41,1722,320,1402,52.2
jhamacek,2021-08-17,2,2,0,137,479,360,119,54.9
kalousekm,2021-08-17,17,17,0,9237,2470,2426,44,1176
KarelHavlicek_,2021-08-17,12,10,2,322,892,649,243,28.6
kducsl,2021-08-17,16,0,16,0,3915,305,3610,11.6
market_a,2021-08-17,4,3,1,4307,859,708,151,630.8
metnarl,2021-08-17,12,11,1,2323,141,108,33,10.5
milionchvilek,2021-08-17,1,0,1,0,289,198,91,40
ODScz,2021-08-17,6,3,3,452,3291,1023,2268,132.3
olgarichterova,2021-08-17,1,1,0,130,524,490,34,38.9
P_Fiala,2021-08-17,1,0,1,0,832,545,287,208.1
PiratIvanBartos,2021-08-17,6,6,0,1313,710,669,41,267.7
PiratskaStrana,2021-08-17,5,1,4,9,1339,547,792,76.3
SpoluKoalice,2021-08-17,20,0,20,0,3582,262,3320,50
STANcz,2021-08-17,4,0,4,0,841,229,612,15.1
TomasCzernin,2021-08-17,1,1,0,374,169,165,4,90.8
TomasZdechovsky,2021-08-17,26,16,10,1539,6582,5029,1553,290.5
TOP09cz,2021-08-17,13,0,13,0,2960,122,2838,18.8
VeslavM,2021-08-17,5,5,0,4,540,530,10,13.6
Vit_Rakusan,2021-08-17,2,2,0,704,232,205,27,99.8
vojtafilip,2021-08-17,1,1,0,154,70,70,0,6
volimtrikoloru,2021-08-17,18,15,3,127,169,140,29,4.5
vonpecka,2021-08-17,1,1,0,1,760,539,221,15.4
ZdenekHrib,2021-08-17,1,1,0,640,848,757,91,164.4
zeleni_cz,2021-08-17,2,2,0,219,605,345,260,8.9
alenaschillerov,2021-08-16,7,7,0,177,1375,1229,146,49.2
AndrejBabis,2021-08-16,11,5,6,451,2774,694,2080,116.9
general_pavel,2021-08-16,2,2,0,813,162,161,1,101.8
honzabartosek,2021-08-16,5,5,0,937,362,359,3,44.2
Jan_Skopecek,2021-08-16,1,1,0,193,602,541,61,114.6
jana_cernochova,2021-08-16,5,5,0,316,605,586,19,50.9
JanLipavsky,2021-08-16,3,1,2,5,1716,319,1397,52.1
jhamacek,2021-08-16,2,2,0,67,477,358,119,54.7
kalousekm,2021-08-16,16,16,0,20334,2453,2409,44,1166.8
KarelHavlicek_,2021-08-16,1,0,1,0,880,639,241,28.2
kducsl,2021-08-16,24,0,24,0,3899,305,3594,11.6
Kuba_Martin,2021-08-16,9,9,0,2768,1042,1042,0,129.8
market_a,2021-08-16,3,3,0,5151,855,705,150,626.5
metnarl,2021-08-16,2,1,1,105,129,97,32,8.2
milionchvilek,2021-08-16,1,0,1,0,288,198,90,40
MJureka,2021-08-16,2,1,1,1,1345,1171,174,251.7
ODScz,2021-08-16,7,2,5,78,3285,1020,2265,131.8
P_Fiala,2021-08-16,1,1,0,371,831,545,286,208.1
PiratIvanBartos,2021-08-16,10,10,0,1182,704,663,41,266.4
PiratskaStrana,2021-08-16,9,4,5,282,1334,546,788,76.3
Pospisil_Jiri,2021-08-16,2,2,0,128,415,356,59,93
SpoluKoalice,2021-08-16,7,0,7,0,3562,262,3300,50
STANcz,2021-08-16,2,0,2,0,837,229,608,15.1
TomasZdechovsky,2021-08-16,58,49,9,1103,6556,5013,1543,288.9
tomio_cz,2021-08-16,2,2,0,81,869,869,0,44.6
TOP09cz,2021-08-16,9,0,9,0,2947,122,2825,18.8
VeslavM,2021-08-16,4,4,0,69,535,525,10,13.6
Vit_Rakusan,2021-08-16,2,1,1,316,230,203,27,99.1
vonpecka,2021-08-16,10,10,0,318,759,538,221,15.4
ZdenekHrib,2021-08-16,1,1,0,1029,847,756,91,163.8
zeleni_cz,2021-08-16,5,5,0,263,603,343,260,8.7
alenaschillerov,2021-08-15,3,2,1,116,1368,1222,146,49.1
AndrejBabis,2021-08-15,5,3,2,1042,2763,689,2074,116.5
Jan_Skopecek,2021-08-15,2,2,0,199,601,540,61,114.4
jana_cernochova,2021-08-15,18,18,0,2478,600,581,19,50.6
JanLipavsky,2021-08-15,6,1,5,0,1713,318,1395,52.1
jhamacek,2021-08-15,3,3,0,282,475,356,119,54.7
kalousekm,2021-08-15,11,11,0,9563,2437,2393,44,1146.4
KarelHavlicek_,2021-08-15,2,1,1,20,879,639,240,28.2
kducsl,2021-08-15,15,2,13,65,3875,305,3570,11.6
Kuba_Martin,2021-08-15,2,2,0,51,1033,1033,0,127
market_a,2021-08-15,1,0,1,0,852,702,150,621.3
metnarl,2021-08-15,3,3,0,403,127,96,31,8.1
MJureka,2021-08-15,9,9,0,2646,1343,1170,173,251.7
ODScz,2021-08-15,9,1,8,236,3278,1018,2260,131.7
P_Fiala,2021-08-15,1,1,0,1015,830,544,286,207.7
PiratIvanBartos,2021-08-15,4,3,1,993,694,653,41,265.2
PiratskaStrana,2021-08-15,3,0,3,0,1325,542,783,76
Pospisil_Jiri,2021-08-15,2,2,0,147,413,354,59,92.8
SpoluKoalice,2021-08-15,9,0,9,0,3555,262,3293,50
STANcz,2021-08-15,5,0,5,0,835,229,606,15.1
TomasZdechovsky,2021-08-15,30,17,13,1765,6498,4964,1534,287.8
tomio_cz,2021-08-15,2,2,0,142,867,867,0,44.5
TOP09cz,2021-08-15,1,0,1,0,2938,122,2816,18.8
VeslavM,2021-08-15,1,1,0,0,531,521,10,13.5
Vit_Rakusan,2021-08-15,4,4,0,2882,228,202,26,98.8
vonpecka,2021-08-15,12,6,6,161,749,528,221,15
zeleni_cz,2021-08-15,6,6,0,440,598,338,260,8.4
alenaschillerov,2021-08-14,7,7,0,410,1365,1220,145,49
AndrejBabis,2021-08-14,10,2,8,256,2758,686,2072,115.4
czKSCM,2021-08-14,1,0,1,0,92,20,72,0.2
Jan_Skopecek,2021-08-14,3,3,0,236,599,538,61,114.2
jana_cernochova,2021-08-14,1,1,0,7,582,563,19,48.1
JanLipavsky,2021-08-14,19,8,11,4735,1707,317,1390,52.1
jhamacek,2021-08-14,5,5,0,188,472,353,119,54.4
kalousekm,2021-08-14,6,5,1,3343,2426,2382,44,1136.9
KarelHavlicek_,2021-08-14,7,7,0,601,877,638,239,28.2
kducsl,2021-08-14,12,0,12,0,3860,303,3557,11.6
makupka,2021-08-14,1,1,0,302,172,149,23,96.4
market_a,2021-08-14,5,4,1,3236,851,702,149,621.3
metnarl,2021-08-14,2,1,1,951,124,93,31,7.7
MJureka,2021-08-14,5,5,0,402,1334,1161,173,249.1
ODScz,2021-08-14,5,2,3,355,3269,1017,2252,131.5
olgarichterova,2021-08-14,1,0,1,0,523,489,34,38.7
P_Fiala,2021-08-14,2,2,0,536,829,543,286,206.7
PavelSehnal64,2021-08-14,2,2,0,10,68,68,0,0.4
PiratIvanBartos,2021-08-14,8,8,0,4716,690,650,40,264.2
PiratskaStrana,2021-08-14,13,7,6,514,1322,542,780,76
Pospisil_Jiri,2021-08-14,1,1,0,168,411,352,59,92.7
SpoluKoalice,2021-08-14,15,0,15,0,3546,262,3284,50
STANcz,2021-08-14,5,1,4,50,830,229,601,15.1
TomasZdechovsky,2021-08-14,27,25,2,288,6468,4947,1521,286.1
tomio_cz,2021-08-14,2,2,0,180,865,865,0,44.4
TOP09cz,2021-08-14,8,1,7,712,2937,122,2815,18.8
VeslavM,2021-08-14,7,7,0,239,530,520,10,13.5
Vit_Rakusan,2021-08-14,3,3,0,794,224,198,26,95.9
volimtrikoloru,2021-08-14,2,0,2,0,151,125,26,4.4
vonpecka,2021-08-14,6,2,4,3,737,522,215,14.9
zeleni_cz,2021-08-14,12,9,3,31,592,332,260,8
alenaschillerov,2021-08-13,3,2,1,47,1358,1213,145,48.5
AndrejBabis,2021-08-13,9,1,8,334,2748,684,2064,115.2
general_pavel,2021-08-13,2,2,0,570,160,159,1,100.9
Jan_Skopecek,2021-08-13,1,1,0,484,596,535,61,114
jana_cernochova,2021-08-13,8,8,0,121,581,562,19,48.1
JanLipavsky,2021-08-13,3,0,3,0,1688,309,1379,47.4
jhamacek,2021-08-13,1,1,0,33,467,348,119,54.2
kalousekm,2021-08-13,15,15,0,6019,2420,2377,43,1133.5
KarelHavlicek_,2021-08-13,6,5,1,175,870,631,239,27.6
kducsl,2021-08-13,20,0,20,0,3848,303,3545,11.6
Kuba_Martin,2021-08-13,9,9,0,648,1031,1031,0,126.9
market_a,2021-08-13,4,3,1,1989,846,698,148,618.1
milionchvilek,2021-08-13,2,2,0,138,287,198,89,40
MJureka,2021-08-13,6,6,0,949,1329,1156,173,248.7
ODScz,2021-08-13,7,5,2,491,3264,1015,2249,131.1
P_Fiala,2021-08-13,4,2,2,1201,827,541,286,206.2
PiratIvanBartos,2021-08-13,8,6,2,790,682,642,40,259.5
PiratskaStrana,2021-08-13,5,3,2,1003,1309,535,774,75.5
Pospisil_Jiri,2021-08-13,1,1,0,107,410,351,59,92.5
SpoluKoalice,2021-08-13,17,0,17,0,3531,262,3269,50
STANcz,2021-08-13,4,1,3,190,825,228,597,15.1
TomasZdechovsky,2021-08-13,33,23,10,674,6441,4922,1519,285.8
tomio_cz,2021-08-13,1,1,0,14,863,863,0,44.2
TOP09cz,2021-08-13,14,2,12,395,2929,121,2808,18.1
VeslavM,2021-08-13,4,3,1,98,523,513,10,13.3
volimtrikoloru,2021-08-13,3,2,1,14,149,125,24,4.4
vonpecka,2021-08-13,1,0,1,0,731,520,211,14.9
zeleni_cz,2021-08-13,6,6,0,612,580,323,257,8
alenaschillerov,2021-08-12,12,10,2,462,1355,1211,144,48.5
AndrejBabis,2021-08-12,7,4,3,805,2739,683,2056,114.8
Jan_Skopecek,2021-08-12,3,2,1,124,595,534,61,113.5
jana_cernochova,2021-08-12,1,1,0,9,573,554,19,48
JanLipavsky,2021-08-12,2,0,2,0,1685,309,1376,47.4
kalousekm,2021-08-12,20,19,1,5770,2405,2362,43,1127.5
KarelHavlicek_,2021-08-12,5,4,1,172,864,626,238,27.4
kducsl,2021-08-12,14,0,14,0,3828,303,3525,11.6
market_a,2021-08-12,3,3,0,769,842,695,147,616.1
milionchvilek,2021-08-12,1,1,0,56,285,196,89,39.8
MJureka,2021-08-12,1,1,0,236,1323,1150,173,247.7
ODScz,2021-08-12,11,4,7,1089,3257,1010,2247,130.7
P_Fiala,2021-08-12,5,3,2,670,823,539,284,205
PavelSehnal64,2021-08-12,1,1,0,14,66,66,0,0.4
PiratIvanBartos,2021-08-12,7,7,0,986,674,636,38,258.7
PiratskaStrana,2021-08-12,5,1,4,37,1304,532,772,74.5
Pospisil_Jiri,2021-08-12,1,1,0,8,409,350,59,92.4
SpoluKoalice,2021-08-12,12,0,12,0,3514,262,3252,50
STANcz,2021-08-12,2,1,1,724,821,227,594,14.9
TomasZdechovsky,2021-08-12,62,52,10,699,6408,4899,1509,285.1
tomio_cz,2021-08-12,1,1,0,22,862,862,0,44.2
TOP09cz,2021-08-12,8,0,8,0,2915,119,2796,17.7
Vit_Rakusan,2021-08-12,1,1,0,259,221,195,26,95.1
volimtrikoloru,2021-08-12,1,1,0,3,146,123,23,4.4
vonpecka,2021-08-12,1,1,0,59,730,520,210,14.9
ZdenekHrib,2021-08-12,13,13,0,829,846,755,91,162.8
zeleni_cz,2021-08-12,8,6,2,261,574,317,257,7.3
alenaschillerov,2021-08-11,12,12,0,476,1343,1201,142,48
AndrejBabis,2021-08-11,9,3,6,264,2732,679,2053,114
general_pavel,2021-08-11,1,1,0,366,158,157,1,100.4
Jan_Skopecek,2021-08-11,3,3,0,811,592,532,60,113.4
jana_cernochova,2021-08-11,9,9,0,81,572,553,19,48
JanLipavsky,2021-08-11,2,0,2,0,1683,309,1374,47.4
kalousekm,2021-08-11,19,19,0,3880,2385,2343,42,1121.8
KarelHavlicek_,2021-08-11,6,4,2,300,859,622,237,27.3
kducsl,2021-08-11,16,0,16,0,3814,303,3511,11.6
market_a,2021-08-11,4,4,0,3111,839,692,147,615.3
MJureka,2021-08-11,1,1,0,320,1322,1149,173,247.5
ODScz,2021-08-11,4,0,4,0,3246,1006,2240,129.6
P_Fiala,2021-08-11,3,2,1,264,818,536,282,204.3
PavelSehnal64,2021-08-11,1,1,0,5,65,65,0,0.3
PiratIvanBartos,2021-08-11,11,11,0,3475,667,629,38,257.8
PiratskaStrana,2021-08-11,4,1,3,43,1299,531,768,74.5
SpoluKoalice,2021-08-11,21,0,21,0,3502,262,3240,50
STANcz,2021-08-11,8,2,6,353,819,226,593,14.2
TomasZdechovsky,2021-08-11,42,33,9,1137,6346,4847,1499,284.4
tomio_cz,2021-08-11,3,3,0,146,861,861,0,44.2
TOP09cz,2021-08-11,18,1,17,309,2907,119,2788,17.7
VeslavM,2021-08-11,1,1,0,139,519,510,9,13.2
volimtrikoloru,2021-08-11,1,1,0,23,145,122,23,4.4
ZdenekHrib,2021-08-11,3,3,0,571,833,742,91,161.9
zeleni_cz,2021-08-11,8,8,0,155,566,311,255,7.1
alenaschillerov,2021-08-10,5,5,0,239,1331,1189,142,47.6
AndrejBabis,2021-08-10,8,0,8,0,2723,676,2047,113.8
honzabartosek,2021-08-10,1,1,0,10,357,354,3,43.2
Jan_Skopecek,2021-08-10,2,1,1,102,589,529,60,112.6
jana_cernochova,2021-08-10,1,1,0,21,563,544,19,47.9
JanLipavsky,2021-08-10,2,0,2,0,1681,309,1372,47.4
kalousekm,2021-08-10,10,9,1,2860,2366,2324,42,1117.9
KarelHavlicek_,2021-08-10,3,1,2,148,853,618,235,27
kducsl,2021-08-10,20,1,19,79,3798,303,3495,11.6
makupka,2021-08-10,1,1,0,90,171,148,23,96.1
market_a,2021-08-10,2,1,1,283,835,688,147,612.2
metnarl,2021-08-10,1,1,0,210,122,92,30,6.8
MJureka,2021-08-10,2,1,1,171,1321,1148,173,247.2
ODScz,2021-08-10,6,3,3,430,3242,1006,2236,129.6
PavelSehnal64,2021-08-10,3,3,0,4,64,64,0,0.3
PiratIvanBartos,2021-08-10,14,14,0,2630,656,618,38,254.3
PiratskaStrana,2021-08-10,2,0,2,0,1295,530,765,74.4
Pospisil_Jiri,2021-08-10,2,2,0,184,408,349,59,92.4
SpoluKoalice,2021-08-10,15,1,14,1384,3481,262,3219,50
STANcz,2021-08-10,2,0,2,0,811,224,587,13.8
TomasCzernin,2021-08-10,1,1,0,306,168,164,4,90.4
TomasZdechovsky,2021-08-10,73,63,10,1209,6304,4814,1490,283.3
tomio_cz,2021-08-10,1,1,0,23,858,858,0,44
TOP09cz,2021-08-10,8,1,7,56,2889,118,2771,17.4
vonpecka,2021-08-10,1,1,0,30,729,519,210,14.8
zeleni_cz,2021-08-10,2,1,1,40,558,303,255,6.9
alenaschillerov,2021-08-09,6,6,0,574,1326,1184,142,47.3
AndrejBabis,2021-08-09,13,6,7,649,2715,676,2039,113.8
honzabartosek,2021-08-09,1,1,0,139,356,353,3,43.2
Jan_Skopecek,2021-08-09,4,3,1,486,587,528,59,112.5
jana_cernochova,2021-08-09,2,2,0,575,562,543,19,47.9
JanLipavsky,2021-08-09,3,0,3,0,1679,309,1370,47.4
jhamacek,2021-08-09,1,1,0,117,466,347,119,54.2
kalousekm,2021-08-09,14,14,0,5272,2356,2315,41,1115
KarelHavlicek_,2021-08-09,1,1,0,69,850,617,233,26.8
kducsl,2021-08-09,18,4,14,120,3778,302,3476,11.5
market_a,2021-08-09,4,4,0,2324,833,687,146,612
metnarl,2021-08-09,1,0,1,0,121,91,30,6.5
milionchvilek,2021-08-09,6,5,1,252,284,195,89,39.8
MJureka,2021-08-09,5,3,2,889,1319,1147,172,247
ODScz,2021-08-09,14,7,7,607,3236,1003,2233,129.1
P_Fiala,2021-08-09,5,5,0,2736,815,534,281,204.1
PiratIvanBartos,2021-08-09,4,4,0,2097,642,604,38,251.6
PiratskaStrana,2021-08-09,6,1,5,2,1293,530,763,74.4
Pospisil_Jiri,2021-08-09,1,1,0,151,406,347,59,92.2
SpoluKoalice,2021-08-09,21,1,20,143,3466,261,3205,48.6
STANcz,2021-08-09,2,0,2,0,809,224,585,13.8
TomasCzernin,2021-08-09,1,1,0,97,167,163,4,90.1
TomasZdechovsky,2021-08-09,62,52,10,536,6231,4751,1480,282.1
tomio_cz,2021-08-09,3,3,0,223,857,857,0,44
TOP09cz,2021-08-09,18,2,16,218,2881,117,2764,17.3
Vit_Rakusan,2021-08-09,1,1,0,617,220,194,26,94.8
Zbynek_Stanjura,2021-08-09,1,1,0,339,25,21,4,23.3
zeleni_cz,2021-08-09,4,2,2,74,556,302,254,6.9
alenaschillerov,2021-08-08,7,6,1,270,1320,1178,142,46.7
AndrejBabis,2021-08-08,16,4,12,810,2702,670,2032,113.1
Jan_Skopecek,2021-08-08,1,1,0,225,583,525,58,112
jana_cernochova,2021-08-08,2,2,0,167,560,541,19,47.3
JanLipavsky,2021-08-08,2,0,2,0,1676,309,1367,47.4
kalousekm,2021-08-08,3,3,0,249,2342,2301,41,1109.7
KarelHavlicek_,2021-08-08,3,1,2,31,849,616,233,26.8
kducsl,2021-08-08,13,0,13,0,3760,298,3462,11.4
market_a,2021-08-08,4,3,1,1508,829,683,146,609.6
MJureka,2021-08-08,4,4,0,373,1314,1144,170,246.1
ODScz,2021-08-08,8,7,1,1362,3222,996,2226,128.5
olgarichterova,2021-08-08,4,4,0,774,522,489,33,38.7
P_Fiala,2021-08-08,5,0,5,0,810,529,281,201.3
PavelSehnal64,2021-08-08,1,1,0,5,61,61,0,0.3
PiratIvanBartos,2021-08-08,1,1,0,146,638,600,38,249.6
PiratskaStrana,2021-08-08,1,1,0,141,1287,529,758,74.4
SpoluKoalice,2021-08-08,6,0,6,0,3445,260,3185,48.5
STANcz,2021-08-08,2,0,2,0,807,224,583,13.8
TomasZdechovsky,2021-08-08,53,46,7,924,6169,4699,1470,281.5
TOP09cz,2021-08-08,5,1,4,1160,2863,115,2748,17.1
VeslavM,2021-08-08,1,1,0,83,518,509,9,13
Vit_Rakusan,2021-08-08,1,1,0,202,219,193,26,94.2
zeleni_cz,2021-08-08,1,1,0,0,552,300,252,6.8
alenaschillerov,2021-08-07,5,5,0,132,1313,1172,141,46.5
AndrejBabis,2021-08-07,4,2,2,548,2686,666,2020,112.3
general_pavel,2021-08-07,1,1,0,1749,157,156,1,100
Jan_Skopecek,2021-08-07,3,2,1,356,582,524,58,111.8
jana_cernochova,2021-08-07,1,1,0,31,558,539,19,47.1
JanLipavsky,2021-08-07,4,0,4,0,1674,309,1365,47.4
jhamacek,2021-08-07,3,1,2,92,465,346,119,54
kalousekm,2021-08-07,10,10,0,5076,2339,2298,41,1109.5
KarelHavlicek_,2021-08-07,1,1,0,74,846,615,231,26.7
kducsl,2021-08-07,11,0,11,0,3747,298,3449,11.4
market_a,2021-08-07,4,3,1,2169,825,680,145,608.1
metnarl,2021-08-07,2,2,0,94,120,91,29,6.5
milionchvilek,2021-08-07,5,3,2,6341,278,190,88,39.5
MJureka,2021-08-07,4,3,1,1517,1310,1140,170,245.7
ODScz,2021-08-07,3,2,1,508,3214,989,2225,127.2
olgarichterova,2021-08-07,3,2,1,2,518,485,33,38
PiratIvanBartos,2021-08-07,2,2,0,5265,637,599,38,249.4
PiratskaStrana,2021-08-07,2,2,0,551,1286,528,758,74.3
SpoluKoalice,2021-08-07,5,0,5,0,3439,260,3179,48.5
STANcz,2021-08-07,4,1,3,24,805,224,581,13.8
TomasZdechovsky,2021-08-07,73,65,8,647,6116,4653,1463,280.6
tomio_cz,2021-08-07,3,3,0,151,854,854,0,43.8
TOP09cz,2021-08-07,8,0,8,0,2858,114,2744,16
VeslavM,2021-08-07,10,10,0,1240,517,508,9,13
Vit_Rakusan,2021-08-07,3,3,0,2093,218,192,26,94
ZdenekHrib,2021-08-07,1,0,1,0,830,739,91,161.4
zeleni_cz,2021-08-07,1,1,0,4,551,299,252,6.8
alenaschillerov,2021-08-06,3,2,1,71,1308,1167,141,46.3
AndrejBabis,2021-08-06,8,1,7,389,2682,664,2018,111.7
honzabartosek,2021-08-06,2,2,0,232,355,352,3,43.1
Jan_Skopecek,2021-08-06,2,2,0,145,579,522,57,111.4
jana_cernochova,2021-08-06,4,4,0,1091,557,538,19,47.1
JanLipavsky,2021-08-06,5,1,4,17,1670,309,1361,47.4
jhamacek,2021-08-06,4,3,1,49,462,345,117,54
kalousekm,2021-08-06,7,7,0,1914,2329,2288,41,1104.4
KarelHavlicek_,2021-08-06,9,9,0,614,845,614,231,26.7
kducsl,2021-08-06,20,3,17,87,3736,298,3438,11.4
makupka,2021-08-06,1,1,0,79,170,147,23,96
market_a,2021-08-06,4,4,0,536,821,677,144,606
MJureka,2021-08-06,5,3,2,547,1306,1137,169,244.2
ODScz,2021-08-06,6,4,2,683,3211,987,2224,126.7
olgarichterova,2021-08-06,17,17,0,1882,515,483,32,38
P_Fiala,2021-08-06,4,3,1,586,805,529,276,201.3
PavelSehnal64,2021-08-06,1,1,0,4,60,60,0,0.3
PiratIvanBartos,2021-08-06,2,2,0,830,635,597,38,244.1
PiratskaStrana,2021-08-06,1,0,1,0,1284,526,758,73.7
Pospisil_Jiri,2021-08-06,1,1,0,265,405,346,59,92.1
SpoluKoalice,2021-08-06,20,0,20,0,3434,260,3174,48.5
STANcz,2021-08-06,2,1,1,165,801,223,578,13.8
TomasZdechovsky,2021-08-06,49,37,12,654,6043,4588,1455,279.9
tomio_cz,2021-08-06,7,7,0,134,851,851,0,43.6
TOP09cz,2021-08-06,7,3,4,311,2850,114,2736,16
VeslavM,2021-08-06,1,1,0,3,507,498,9,11.7
ZdenekHrib,2021-08-06,5,4,1,677,829,739,90,161.4
zeleni_cz,2021-08-06,5,3,2,127,550,298,252,6.8
alenaschillerov,2021-08-05,8,5,3,93,1305,1165,140,46.3
AndrejBabis,2021-08-05,26,11,15,1282,2674,663,2011,111.4
Jan_Skopecek,2021-08-05,1,0,1,0,577,520,57,111.3
jana_cernochova,2021-08-05,5,5,0,143,553,534,19,46
JanLipavsky,2021-08-05,8,1,7,281,1665,308,1357,47.4
jhamacek,2021-08-05,1,1,0,65,458,342,116,53.9
KarelHavlicek_,2021-08-05,13,11,2,513,836,605,231,26
kducsl,2021-08-05,11,0,11,0,3716,295,3421,11.3
market_a,2021-08-05,3,3,0,1632,817,673,144,605.4
MartinBaxa2,2021-08-05,1,1,0,26,121,120,1,37.7
metnarl,2021-08-05,3,1,2,16,118,89,29,6.4
milionchvilek,2021-08-05,1,1,0,66,273,187,86,33.2
MJureka,2021-08-05,1,1,0,104,1301,1134,167,243.7
ODScz,2021-08-05,13,9,4,217,3205,983,2222,126
olgarichterova,2021-08-05,2,1,1,99,498,466,32,36.1
P_Fiala,2021-08-05,2,1,1,179,801,526,275,200.7
PiratIvanBartos,2021-08-05,4,3,1,2482,633,595,38,243.3
PiratskaStrana,2021-08-05,1,1,0,145,1283,526,757,73.7
Pospisil_Jiri,2021-08-05,2,2,0,409,404,345,59,91.8
RobertSlachta,2021-08-05,3,3,0,56,165,109,56,3.7
SpoluKoalice,2021-08-05,14,0,14,0,3414,260,3154,48.5
STANcz,2021-08-05,3,0,3,0,799,222,577,13.6
TomasZdechovsky,2021-08-05,71,63,8,1155,5994,4551,1443,279.3
tomio_cz,2021-08-05,5,5,0,336,844,844,0,43.5
TOP09cz,2021-08-05,20,1,19,97,2843,111,2732,15.7
VeslavM,2021-08-05,1,1,0,4,506,497,9,11.7
Vit_Rakusan,2021-08-05,3,2,1,1693,215,189,26,91.9
vonpecka,2021-08-05,1,1,0,4,728,518,210,14.8
ZdenekHrib,2021-08-05,3,2,1,1161,824,735,89,160.7
zeleni_cz,2021-08-05,2,1,1,1,545,295,250,6.7
alenaschillerov,2021-08-04,4,4,0,87,1297,1160,137,46.2
AndrejBabis,2021-08-04,7,3,4,237,2648,652,1996,110.1
Jan_Skopecek,2021-08-04,1,1,0,68,576,520,56,111.3
jana_cernochova,2021-08-04,2,2,0,326,548,529,19,45.8
JanLipavsky,2021-08-04,3,0,3,0,1657,307,1350,47.1
jhamacek,2021-08-04,3,2,1,200,457,341,116,53.8
kalousekm,2021-08-04,13,12,1,2988,2322,2281,41,1102.5
KarelHavlicek_,2021-08-04,2,2,0,517,823,594,229,25.5
kducsl,2021-08-04,14,1,13,100,3705,295,3410,11.3
makupka,2021-08-04,1,1,0,425,169,146,23,96
market_a,2021-08-04,2,2,0,889,814,670,144,603.8
MJureka,2021-08-04,10,9,1,240,1300,1133,167,243.6
ODScz,2021-08-04,9,5,4,861,3192,974,2218,125.8
P_Fiala,2021-08-04,4,4,0,3400,799,525,274,200.6
PiratIvanBartos,2021-08-04,1,1,0,306,629,592,37,240.8
Pospisil_Jiri,2021-08-04,1,0,1,0,402,343,59,91.4
SpoluKoalice,2021-08-04,12,0,12,0,3400,260,3140,48.5
STANcz,2021-08-04,2,0,2,0,796,222,574,13.6
TomasCzernin,2021-08-04,1,1,0,152,166,162,4,90
TomasZdechovsky,2021-08-04,48,41,7,523,5923,4488,1435,278.1
tomio_cz,2021-08-04,8,8,0,382,839,839,0,43.2
TOP09cz,2021-08-04,8,0,8,0,2823,110,2713,15.6
VeslavM,2021-08-04,1,1,0,1,505,496,9,11.7
vojtafilip,2021-08-04,1,1,0,23,69,69,0,5.8
vonpecka,2021-08-04,4,1,3,0,727,517,210,14.8
ZdenekHrib,2021-08-04,5,5,0,316,821,733,88,159.5
alenaschillerov,2021-08-03,3,3,0,286,1293,1156,137,46.1
AndrejBabis,2021-08-03,9,2,7,341,2641,649,1992,109.8
czKSCM,2021-08-03,2,0,2,0,91,20,71,0.2
honzabartosek,2021-08-03,5,5,0,317,353,350,3,42.8
Jan_Skopecek,2021-08-03,3,3,0,75,575,519,56,111.2
JanLipavsky,2021-08-03,2,0,2,0,1654,307,1347,47.1
kalousekm,2021-08-03,9,9,0,1758,2309,2269,40,1099.5
KarelHavlicek_,2021-08-03,4,4,0,222,821,592,229,25
kducsl,2021-08-03,22,1,21,32,3691,294,3397,11.2
market_a,2021-08-03,2,2,0,633,812,668,144,602.9
metnarl,2021-08-03,1,1,0,29,115,88,27,6.4
MJureka,2021-08-03,3,3,0,1620,1290,1124,166,243.3
ODScz,2021-08-03,3,2,1,790,3183,969,2214,124.9
olgarichterova,2021-08-03,1,1,0,55,496,465,31,36
PiratskaStrana,2021-08-03,1,1,0,135,1282,525,757,73.6
RobertSlachta,2021-08-03,1,0,1,0,162,106,56,3.6
SpoluKoalice,2021-08-03,18,0,18,0,3388,260,3128,48.5
STANcz,2021-08-03,3,1,2,115,794,222,572,13.6
TomasZdechovsky,2021-08-03,38,33,5,1495,5875,4447,1428,277.6
tomio_cz,2021-08-03,3,3,0,59,831,831,0,42.8
TOP09cz,2021-08-03,13,1,12,63,2815,110,2705,15.6
VeslavM,2021-08-03,15,15,0,449,504,495,9,11.7
Vit_Rakusan,2021-08-03,1,0,1,0,212,187,25,90.2
vojtafilip,2021-08-03,3,3,0,308,68,68,0,5.8
vonpecka,2021-08-03,5,3,2,22,723,516,207,14.8
ZdenekHrib,2021-08-03,4,3,1,3603,816,728,88,159.2
zeleni_cz,2021-08-03,5,4,1,76,543,294,249,6.7
alenaschillerov,2021-08-02,8,8,0,230,1290,1153,137,45.8
AndrejBabis,2021-08-02,10,2,8,245,2632,647,1985,109.5
honzabartosek,2021-08-02,4,4,0,405,348,345,3,42.5
Jan_Skopecek,2021-08-02,2,1,1,300,572,516,56,111.1
JanLipavsky,2021-08-02,8,2,6,220,1652,307,1345,47.1
jhamacek,2021-08-02,1,1,0,71,454,339,115,53.6
kalousekm,2021-08-02,14,14,0,18905,2300,2260,40,1097.8
KarelHavlicek_,2021-08-02,9,7,2,414,817,588,229,24.8
kducsl,2021-08-02,15,0,15,0,3669,293,3376,11.2
makupka,2021-08-02,1,1,0,261,168,145,23,95.5
market_a,2021-08-02,3,3,0,1664,810,666,144,602.3
milionchvilek,2021-08-02,1,1,0,210,272,186,86,33.1
MJureka,2021-08-02,1,1,0,61,1287,1121,166,241.7
ODScz,2021-08-02,7,4,3,663,3180,967,2213,124.1
olgarichterova,2021-08-02,2,1,1,143,495,464,31,35.9
P_Fiala,2021-08-02,2,2,0,722,795,521,274,197.2
PiratIvanBartos,2021-08-02,1,1,0,553,628,591,37,240.5
PiratskaStrana,2021-08-02,2,1,1,112,1281,524,757,73.5
Pospisil_Jiri,2021-08-02,3,2,1,871,401,343,58,91.4
SpoluKoalice,2021-08-02,12,1,11,170,3370,260,3110,48.5
STANcz,2021-08-02,11,2,9,237,791,221,570,13.5
TomasCzernin,2021-08-02,2,2,0,262,165,161,4,89.9
TomasZdechovsky,2021-08-02,24,19,5,341,5837,4414,1423,276.1
tomio_cz,2021-08-02,5,5,0,393,828,828,0,42.7
TOP09cz,2021-08-02,14,2,12,213,2802,109,2693,15.5
VeslavM,2021-08-02,16,16,0,398,489,480,9,11.3
Vit_Rakusan,2021-08-02,3,3,0,1159,211,187,24,90.2
vonpecka,2021-08-02,1,1,0,18,718,513,205,14.8
ZdenekHrib,2021-08-02,9,7,2,8225,812,725,87,155.6
zeleni_cz,2021-08-02,2,2,0,53,538,290,248,6.6
alenaschillerov,2021-08-01,4,3,1,97,1282,1145,137,45.6
AndrejBabis,2021-08-01,12,8,4,1123,2622,645,1977,109.3
jana_cernochova,2021-08-01,2,2,0,137,546,527,19,45.5
JanLipavsky,2021-08-01,4,1,3,197,1644,305,1339,46.9
jhamacek,2021-08-01,2,0,2,0,453,338,115,53.6
kalousekm,2021-08-01,10,10,0,5028,2286,2246,40,1078.8
KarelHavlicek_,2021-08-01,5,4,1,206,808,581,227,24.4
kducsl,2021-08-01,12,0,12,0,3654,293,3361,11.2
market_a,2021-08-01,3,3,0,3207,807,663,144,600.6
metnarl,2021-08-01,1,1,0,18,114,87,27,6.4
milionchvilek,2021-08-01,2,2,0,442,271,185,86,32.9
MJureka,2021-08-01,5,5,0,936,1286,1120,166,241.6
ODScz,2021-08-01,9,3,6,195,3173,963,2210,123.4
olgarichterova,2021-08-01,2,0,2,0,493,463,30,35.8
P_Fiala,2021-08-01,1,1,0,472,793,519,274,196.4
PiratskaStrana,2021-08-01,2,2,0,398,1279,523,756,73.4
RobertSlachta,2021-08-01,1,1,0,15,161,106,55,3.6
SpoluKoalice,2021-08-01,17,1,16,201,3358,259,3099,48.3
STANcz,2021-08-01,1,1,0,61,780,219,561,13.3
TomasCzernin,2021-08-01,1,1,0,720,163,159,4,89.6
TomasZdechovsky,2021-08-01,33,29,4,1330,5813,4395,1418,275.8
tomio_cz,2021-08-01,3,3,0,131,823,823,0,42.3
TOP09cz,2021-08-01,15,0,15,0,2788,107,2681,15.3
VeslavM,2021-08-01,41,41,0,519,473,464,9,10.9
vojtafilip,2021-08-01,1,1,0,195,65,65,0,5.5
vonpecka,2021-08-01,2,0,2,0,717,512,205,14.7
ZdenekHrib,2021-08-01,7,7,0,2564,803,718,85,147.4
zeleni_cz,2021-08-01,1,1,0,0,536,288,248,6.6
alenaschillerov,2021-07-31,4,4,0,177,1278,1142,136,45.5
AndrejBabis,2021-07-31,9,3,6,913,2610,637,1973,108.1
general_pavel,2021-07-31,1,1,0,124,156,155,1,98.3
Jan_Skopecek,2021-07-31,6,6,0,323,570,515,55,110.8
jana_cernochova,2021-07-31,2,2,0,131,544,525,19,45.4
JanLipavsky,2021-07-31,1,0,1,0,1640,304,1336,46.7
kalousekm,2021-07-31,9,9,0,6283,2276,2236,40,1073.8
KarelHavlicek_,2021-07-31,2,2,0,81,803,577,226,24.2
kducsl,2021-07-31,9,0,9,0,3642,293,3349,11.2
metnarl,2021-07-31,2,2,0,15,113,86,27,6.4
MJureka,2021-07-31,1,1,0,358,1281,1115,166,240.7
ODScz,2021-07-31,4,1,3,58,3164,960,2204,123.2
PavelSehnal64,2021-07-31,1,1,0,3,59,59,0,0.3
SpoluKoalice,2021-07-31,11,2,9,85,3341,258,3083,48.1
TomasZdechovsky,2021-07-31,31,25,6,1900,5780,4366,1414,274.4
tomio_cz,2021-07-31,3,3,0,287,820,820,0,42.2
VeslavM,2021-07-31,1,1,0,0,432,423,9,10.3
vonpecka,2021-07-31,6,5,1,19,715,512,203,14.7
ZdenekHrib,2021-07-31,3,3,0,270,796,711,85,144.8
zeleni_cz,2021-07-31,3,3,0,53,535,287,248,6.6
alenaschillerov,2021-07-30,9,7,2,327,1274,1138,136,45.3
AndrejBabis,2021-07-30,24,12,12,1125,2601,634,1967,107.2
honzabartosek,2021-07-30,1,1,0,33,344,341,3,42.1
Jan_Skopecek,2021-07-30,23,23,0,437,564,509,55,110.5
jana_cernochova,2021-07-30,6,6,0,167,542,523,19,45.2
JanLipavsky,2021-07-30,7,0,7,0,1639,304,1335,46.7
jhamacek,2021-07-30,3,3,0,334,451,338,113,53.6
kalousekm,2021-07-30,7,7,0,7592,2267,2227,40,1067.5
KarelHavlicek_,2021-07-30,5,2,3,65,801,575,226,24.1
kducsl,2021-07-30,18,4,14,44,3633,293,3340,11.2
Kuba_Martin,2021-07-30,1,1,0,3037,1022,1022,0,126.3
market_a,2021-07-30,4,2,2,945,804,660,144,597.4
metnarl,2021-07-30,3,3,0,781,111,84,27,6.4
MJureka,2021-07-30,5,5,0,634,1280,1114,166,240.3
ODScz,2021-07-30,14,5,9,696,3160,959,2201,123.2
olgarichterova,2021-07-30,5,5,0,4,491,463,28,35.8
P_Fiala,2021-07-30,2,2,0,290,792,518,274,196
PiratIvanBartos,2021-07-30,3,2,1,844,627,590,37,240
PiratskaStrana,2021-07-30,5,2,3,590,1277,521,756,73
Pospisil_Jiri,2021-07-30,1,1,0,203,398,341,57,90.5
SpoluKoalice,2021-07-30,12,1,11,469,3330,256,3074,48
STANcz,2021-07-30,2,0,2,0,779,218,561,13.2
TomasZdechovsky,2021-07-30,26,20,6,932,5749,4341,1408,272.5
tomio_cz,2021-07-30,6,6,0,420,817,817,0,41.9
TOP09cz,2021-07-30,4,1,3,26,2773,107,2666,15.3
VeslavM,2021-07-30,2,2,0,8,431,422,9,10.3
vonpecka,2021-07-30,2,2,0,18,709,507,202,14.7
Zbynek_Stanjura,2021-07-30,1,1,0,2596,24,20,4,23
ZdenekHrib,2021-07-30,1,1,0,463,793,708,85,144.5
zeleni_cz,2021-07-30,1,1,0,71,532,284,248,6.5
alenaschillerov,2021-07-29,8,8,0,201,1265,1131,134,45
AndrejBabis,2021-07-29,11,7,4,808,2577,622,1955,106.1
general_pavel,2021-07-29,1,1,0,839,155,154,1,98.1
Jan_Skopecek,2021-07-29,1,1,0,1035,541,486,55,110.1
jana_cernochova,2021-07-29,1,0,1,0,536,517,19,45.1
jhamacek,2021-07-29,1,0,1,0,448,335,113,53.2
kalousekm,2021-07-29,7,7,0,857,2260,2220,40,1059.9
KarelHavlicek_,2021-07-29,5,3,2,224,796,573,223,24
kducsl,2021-07-29,19,0,19,0,3615,289,3326,11.1
Kuba_Martin,2021-07-29,2,2,0,1208,1021,1021,0,123.3
makupka,2021-07-29,1,1,0,1863,167,144,23,95.3
MartinBaxa2,2021-07-29,1,1,0,37,120,119,1,37.7
metnarl,2021-07-29,1,1,0,23,108,81,27,5.6
MJureka,2021-07-29,4,3,1,234,1275,1109,166,239.7
ODScz,2021-07-29,16,10,6,1188,3146,954,2192,122.5
olgarichterova,2021-07-29,2,2,0,512,486,458,28,35.8
P_Fiala,2021-07-29,1,1,0,323,790,516,274,195.7
PiratIvanBartos,2021-07-29,1,1,0,0,624,588,36,239.1
PiratskaStrana,2021-07-29,2,1,1,76,1272,519,753,72.4
Pospisil_Jiri,2021-07-29,1,1,0,47,397,340,57,90.3
RobertSlachta,2021-07-29,1,0,1,0,160,105,55,3.6
SpoluKoalice,2021-07-29,15,0,15,0,3318,255,3063,47.5
STANcz,2021-07-29,4,1,3,42,777,218,559,13.2
TomasCzernin,2021-07-29,1,1,0,176,162,158,4,88.9
TomasZdechovsky,2021-07-29,11,7,4,284,5723,4321,1402,271.6
tomio_cz,2021-07-29,5,5,0,350,811,811,0,41.5
VeslavM,2021-07-29,3,3,0,346,429,420,9,10.3
Vit_Rakusan,2021-07-29,1,0,1,0,208,184,24,89.1
vonpecka,2021-07-29,1,1,0,11,707,505,202,14.7
ZdenekHrib,2021-07-29,10,9,1,625,792,707,85,144.1
zeleni_cz,2021-07-29,2,0,2,0,531,283,248,6.4
alenaschillerov,2021-07-28,14,14,0,370,1257,1123,134,44.8
AndrejBabis,2021-07-28,13,2,11,385,2566,615,1951,105.3
general_pavel,2021-07-28,1,1,0,289,154,153,1,97.3
honzabartosek,2021-07-28,2,2,0,25,343,340,3,42.1
Jan_Skopecek,2021-07-28,5,4,1,1419,540,485,55,109
jana_cernochova,2021-07-28,2,2,0,478,535,517,18,45.1
JanLipavsky,2021-07-28,6,0,6,0,1632,304,1328,46.7
jhamacek,2021-07-28,1,1,0,132,447,335,112,53.2
kalousekm,2021-07-28,14,14,0,4531,2253,2213,40,1059.1
KarelHavlicek_,2021-07-28,1,1,0,58,791,570,221,23.8
kducsl,2021-07-28,18,2,16,77,3596,289,3307,11.1
market_a,2021-07-28,2,2,0,1270,800,658,142,596.4
milionchvilek,2021-07-28,2,2,0,124,269,183,86,32.5
MJureka,2021-07-28,2,2,0,12,1271,1106,165,239.5
ODScz,2021-07-28,9,2,7,383,3130,944,2186,121.3
olgarichterova,2021-07-28,3,2,1,579,484,456,28,35.3
P_Fiala,2021-07-28,1,1,0,235,789,515,274,195.4
PiratIvanBartos,2021-07-28,1,1,0,250,623,587,36,239.1
PiratskaStrana,2021-07-28,6,6,0,974,1270,518,752,72.3
Pospisil_Jiri,2021-07-28,3,2,1,91,396,339,57,90.3
SpoluKoalice,2021-07-28,15,1,14,90,3303,255,3048,47.5
STANcz,2021-07-28,6,2,4,189,773,217,556,13.2
TomasZdechovsky,2021-07-28,14,8,6,463,5712,4314,1398,271.3
tomio_cz,2021-07-28,9,9,0,122,806,806,0,41.2
TOP09cz,2021-07-28,8,0,8,0,2769,106,2663,15.3
Vit_Rakusan,2021-07-28,1,1,0,84,207,184,23,89.1
vojtafilip,2021-07-28,1,1,0,75,64,64,0,5.3
vonpecka,2021-07-28,1,0,1,0,706,504,202,14.7
ZdenekHrib,2021-07-28,6,6,0,533,782,698,84,143.4
zeleni_cz,2021-07-28,4,3,1,110,529,283,246,6.4
alenaschillerov,2021-07-27,5,5,0,86,1243,1109,134,44.4
AndrejBabis,2021-07-27,19,6,13,526,2553,613,1940,104.9
czKSCM,2021-07-27,1,0,1,0,89,20,69,0.2
general_pavel,2021-07-27,1,1,0,686,153,152,1,97
honzabartosek,2021-07-27,1,1,0,73,341,338,3,42.1
Jan_Skopecek,2021-07-27,2,2,0,557,535,481,54,107.6
jana_cernochova,2021-07-27,5,5,0,262,533,515,18,44.6
JanLipavsky,2021-07-27,6,2,4,565,1626,304,1322,46.7
jhamacek,2021-07-27,1,1,0,91,446,334,112,53.1
kalousekm,2021-07-27,7,7,0,1269,2239,2199,40,1054.6
KarelHavlicek_,2021-07-27,12,9,3,209,790,569,221,23.7
kducsl,2021-07-27,17,1,16,5,3578,287,3291,11
makupka,2021-07-27,1,1,0,527,166,143,23,93.4
market_a,2021-07-27,4,2,2,643,798,656,142,595.2
milionchvilek,2021-07-27,2,1,1,30,267,181,86,32.3
MJureka,2021-07-27,2,2,0,283,1269,1104,165,239.5
ODScz,2021-07-27,11,6,5,1155,3121,942,2179,120.9
olgarichterova,2021-07-27,2,1,1,219,481,454,27,34.7
P_Fiala,2021-07-27,3,2,1,309,788,514,274,195.1
PiratIvanBartos,2021-07-27,1,1,0,212,622,586,36,238.9
PiratskaStrana,2021-07-27,5,5,0,868,1264,512,752,71.3
Pospisil_Jiri,2021-07-27,1,1,0,95,393,337,56,90.2
SpoluKoalice,2021-07-27,20,1,19,70,3288,254,3034,47.4
STANcz,2021-07-27,1,0,1,0,767,215,552,13
TomasCzernin,2021-07-27,1,1,0,444,161,157,4,88.7
TomasZdechovsky,2021-07-27,27,23,4,1724,5698,4306,1392,270.9
tomio_cz,2021-07-27,7,7,0,454,797,797,0,41
TOP09cz,2021-07-27,5,0,5,0,2761,106,2655,15.3
vojtafilip,2021-07-27,1,1,0,36,63,63,0,5.2
ZdenekHrib,2021-07-27,32,32,0,2412,776,692,84,142.9
zeleni_cz,2021-07-27,4,2,2,64,525,280,245,6.3
alenaschillerov,2021-07-26,12,12,0,262,1238,1104,134,44.3
AndrejBabis,2021-07-26,22,6,16,721,2534,607,1927,104.4
honzabartosek,2021-07-26,2,2,0,567,340,337,3,42
Jan_Skopecek,2021-07-26,2,2,0,74,533,479,54,107.1
JanLipavsky,2021-07-26,1,0,1,0,1620,302,1318,46.1
kalousekm,2021-07-26,9,9,0,5424,2232,2192,40,1053.3
KarelHavlicek_,2021-07-26,12,10,2,383,778,560,218,23.5
kducsl,2021-07-26,27,0,27,0,3561,286,3275,11
Kuba_Martin,2021-07-26,8,8,0,8,1019,1019,0,122.1
market_a,2021-07-26,2,2,0,2650,794,654,140,594.5
milionchvilek,2021-07-26,2,2,0,342,265,180,85,32.3
MJureka,2021-07-26,9,8,1,824,1267,1102,165,239.2
ODScz,2021-07-26,15,11,4,594,3110,936,2174,119.8
P_Fiala,2021-07-26,4,3,1,260,785,512,273,194.8
PavelSehnal64,2021-07-26,2,2,0,6,58,58,0,0.3
PiratIvanBartos,2021-07-26,2,2,0,537,621,585,36,238.7
PiratskaStrana,2021-07-26,2,2,0,622,1259,507,752,70.5
Pospisil_Jiri,2021-07-26,4,4,0,263,392,336,56,90.1
SpoluKoalice,2021-07-26,16,1,15,56,3268,253,3015,47.4
STANcz,2021-07-26,3,0,3,0,766,215,551,13
TomasCzernin,2021-07-26,2,2,0,755,160,156,4,88.3
TomasZdechovsky,2021-07-26,36,30,6,665,5671,4283,1388,269.1
tomio_cz,2021-07-26,4,4,0,367,790,790,0,40.6
TOP09cz,2021-07-26,10,0,10,0,2756,106,2650,15.3
VeslavM,2021-07-26,3,3,0,5,426,417,9,10
ZdenekHrib,2021-07-26,25,25,0,2262,744,660,84,140.5
zeleni_cz,2021-07-26,1,0,1,0,521,278,243,6.3
alenaschillerov,2021-07-25,7,5,2,164,1226,1092,134,44.1
AndrejBabis,2021-07-25,16,13,3,740,2512,601,1911,103.7
Jan_Skopecek,2021-07-25,1,1,0,159,531,477,54,107
jana_cernochova,2021-07-25,1,1,0,1,528,510,18,44.3
JanLipavsky,2021-07-25,1,0,1,0,1619,302,1317,46.1
jhamacek,2021-07-25,1,0,1,0,445,333,112,53
kalousekm,2021-07-25,8,8,0,2447,2223,2183,40,1047.9
KarelHavlicek_,2021-07-25,3,2,1,179,766,550,216,23.1
kducsl,2021-07-25,4,1,3,78,3534,286,3248,11
Kuba_Martin,2021-07-25,19,19,0,488,1011,1011,0,122
market_a,2021-07-25,2,2,0,496,792,652,140,591.9
ODScz,2021-07-25,2,2,0,616,3095,925,2170,119.2
PiratskaStrana,2021-07-25,1,1,0,328,1257,505,752,69.8
Pospisil_Jiri,2021-07-25,2,1,1,235,388,332,56,89.8
RobertSlachta,2021-07-25,2,0,2,0,159,105,54,3.6
SpoluKoalice,2021-07-25,6,0,6,0,3252,252,3000,47.3
STANcz,2021-07-25,2,1,1,92,763,215,548,13
TomasZdechovsky,2021-07-25,15,11,4,279,5635,4253,1382,268.5
tomio_cz,2021-07-25,5,5,0,461,786,786,0,40.2
TOP09cz,2021-07-25,1,0,1,0,2746,106,2640,15.3
VeslavM,2021-07-25,12,12,0,354,423,414,9,10
vonpecka,2021-07-25,1,0,1,0,705,504,201,14.7
ZdenekHrib,2021-07-25,2,0,2,0,719,635,84,138.2
alenaschillerov,2021-07-24,3,3,0,54,1219,1087,132,43.9
AndrejBabis,2021-07-24,4,1,3,170,2496,588,1908,102.9
Jan_Skopecek,2021-07-24,1,1,0,25,530,476,54,106.8
jana_cernochova,2021-07-24,1,1,0,179,527,509,18,44.3
JanLipavsky,2021-07-24,1,1,0,923,1618,302,1316,46.1
jhamacek,2021-07-24,1,0,1,0,444,333,111,53
KarelHavlicek_,2021-07-24,6,6,0,192,763,548,215,23
kducsl,2021-07-24,5,0,5,0,3530,285,3245,10.9
Kuba_Martin,2021-07-24,17,17,0,569,992,992,0,121.6
market_a,2021-07-24,3,2,1,23,790,650,140,591.4
MJureka,2021-07-24,1,1,0,3,1258,1094,164,238.4
ODScz,2021-07-24,3,2,1,351,3093,923,2170,118.6
olgarichterova,2021-07-24,1,1,0,1,479,453,26,34.5
PiratIvanBartos,2021-07-24,2,2,0,380,619,583,36,238.1
SpoluKoalice,2021-07-24,4,0,4,0,3246,252,2994,47.3
STANcz,2021-07-24,1,0,1,0,761,214,547,12.9
TomasZdechovsky,2021-07-24,8,7,1,550,5620,4242,1378,268.2
tomio_cz,2021-07-24,5,5,0,303,781,781,0,39.8
VeslavM,2021-07-24,6,6,0,167,411,402,9,9.6
Vit_Rakusan,2021-07-24,1,1,0,137,206,183,23,89
ZdenekHrib,2021-07-24,1,0,1,0,717,635,82,138.2
alenaschillerov,2021-07-23,7,7,0,137,1216,1084,132,43.8
AndrejBabis,2021-07-23,8,3,5,517,2492,587,1905,102.7
Jan_Skopecek,2021-07-23,5,5,0,437,529,475,54,106.8
JanLipavsky,2021-07-23,4,1,3,272,1617,301,1316,45.2
jhamacek,2021-07-23,1,0,1,0,443,333,110,53
kalousekm,2021-07-23,16,16,0,3555,2215,2175,40,1045.4
KarelHavlicek_,2021-07-23,1,1,0,40,757,542,215,22.8
kducsl,2021-07-23,13,2,11,41,3525,285,3240,10.9
market_a,2021-07-23,1,1,0,1080,787,648,139,591.4
metnarl,2021-07-23,1,1,0,91,107,80,27,5.6
milionchvilek,2021-07-23,1,1,0,130,263,178,85,32
MJureka,2021-07-23,13,12,1,907,1257,1093,164,238.4
ODScz,2021-07-23,10,5,5,627,3090,921,2169,118.2
olgarichterova,2021-07-23,2,1,1,300,478,452,26,34.5
P_Fiala,2021-07-23,3,1,2,146,781,509,272,194.5
PiratIvanBartos,2021-07-23,8,7,1,2148,617,581,36,237.7
PiratskaStrana,2021-07-23,2,1,1,2,1256,504,752,69.5
RobertSlachta,2021-07-23,1,0,1,0,157,105,52,3.6
SpoluKoalice,2021-07-23,17,0,17,0,3242,252,2990,47.3
STANcz,2021-07-23,5,0,5,0,760,214,546,12.9
TomasZdechovsky,2021-07-23,26,15,11,442,5612,4235,1377,267.6
tomio_cz,2021-07-23,1,1,0,12,776,776,0,39.4
TOP09cz,2021-07-23,1,0,1,0,2745,106,2639,15.3
Vit_Rakusan,2021-07-23,7,6,1,727,205,182,23,88.8
vonpecka,2021-07-23,2,2,0,50,704,504,200,14.7
ZdenekHrib,2021-07-23,3,3,0,282,716,635,81,138.2
zeleni_cz,2021-07-23,2,1,1,46,520,278,242,6.3
alenaschillerov,2021-07-22,10,10,0,220,1209,1077,132,43.7
AndrejBabis,2021-07-22,22,7,15,331,2484,584,1900,102.2
general_pavel,2021-07-22,2,2,0,341,152,151,1,96.3
honzabartosek,2021-07-22,2,2,0,81,338,335,3,41.4
Jan_Skopecek,2021-07-22,4,3,1,316,524,470,54,106.4
jana_cernochova,2021-07-22,6,6,0,208,526,508,18,44.2
JanLipavsky,2021-07-22,4,3,1,333,1613,300,1313,44.9
jhamacek,2021-07-22,4,4,0,671,442,333,109,53
kalousekm,2021-07-22,7,7,0,5284,2199,2159,40,1041.9
KarelHavlicek_,2021-07-22,9,7,2,292,756,541,215,22.7
kducsl,2021-07-22,22,0,22,0,3512,283,3229,10.9
Kuba_Martin,2021-07-22,6,6,0,8,975,975,0,121
makupka,2021-07-22,2,2,0,2089,165,142,23,92.9
market_a,2021-07-22,1,1,0,935,786,647,139,590.3
metnarl,2021-07-22,2,2,0,76,106,79,27,5.5
MJureka,2021-07-22,8,7,1,2737,1244,1081,163,237.4
ODScz,2021-07-22,24,10,14,614,3080,916,2164,117.6
olgarichterova,2021-07-22,1,0,1,0,476,451,25,34.2
P_Fiala,2021-07-22,5,3,2,749,778,508,270,194.4
PiratIvanBartos,2021-07-22,3,3,0,186,609,574,35,235.6
PiratskaStrana,2021-07-22,4,3,1,114,1254,503,751,69.5
Pospisil_Jiri,2021-07-22,1,1,0,201,386,331,55,89.6
RobertSlachta,2021-07-22,2,2,0,39,156,105,51,3.6
SpoluKoalice,2021-07-22,18,0,18,0,3225,252,2973,47.3
STANcz,2021-07-22,1,0,1,0,755,214,541,12.9
TomasCzernin,2021-07-22,3,3,0,167,158,154,4,87.5
TomasZdechovsky,2021-07-22,16,12,4,1676,5586,4220,1366,267.2
tomio_cz,2021-07-22,1,1,0,258,775,775,0,39.4
TOP09cz,2021-07-22,2,0,2,0,2744,106,2638,15.3
VeslavM,2021-07-22,1,1,0,54,405,396,9,9.5
vojtafilip,2021-07-22,2,2,0,36,62,62,0,5.2
vonpecka,2021-07-22,1,0,1,0,702,502,200,14.6
ZdenekHrib,2021-07-22,2,1,1,99,713,632,81,138
alenaschillerov,2021-07-21,9,8,1,167,1199,1067,132,43.5
AndrejBabis,2021-07-21,15,10,5,931,2462,577,1885,101.9
Jan_Skopecek,2021-07-21,4,4,0,1261,520,467,53,106.1
jana_cernochova,2021-07-21,1,1,0,73,520,502,18,44
JanLipavsky,2021-07-21,5,0,5,0,1609,297,1312,44.6
jhamacek,2021-07-21,1,1,0,248,438,329,109,52.3
kalousekm,2021-07-21,8,8,0,1856,2192,2152,40,1036.6
KarelHavlicek_,2021-07-21,6,4,2,103,747,534,213,22.4
kducsl,2021-07-21,12,0,12,0,3490,283,3207,10.9
Kuba_Martin,2021-07-21,3,3,0,371,969,969,0,121
market_a,2021-07-21,1,1,0,977,785,646,139,589.3
metnarl,2021-07-21,2,1,1,35,104,77,27,5.4
milionchvilek,2021-07-21,1,1,0,78,262,177,85,31.8
MJureka,2021-07-21,5,3,2,595,1236,1074,162,234.7
ODScz,2021-07-21,29,10,19,764,3056,906,2150,117
P_Fiala,2021-07-21,13,11,2,880,773,505,268,193.7
PiratIvanBartos,2021-07-21,8,8,0,2392,606,571,35,235.4
PiratskaStrana,2021-07-21,3,0,3,0,1250,500,750,69.4
Pospisil_Jiri,2021-07-21,1,1,0,103,385,330,55,89.4
SpoluKoalice,2021-07-21,28,2,26,399,3207,252,2955,47.3
STANcz,2021-07-21,2,1,1,99,754,214,540,12.9
TomasZdechovsky,2021-07-21,26,20,6,2502,5570,4208,1362,265.5
tomio_cz,2021-07-21,3,3,0,388,774,774,0,39.2
TOP09cz,2021-07-21,18,0,18,0,2742,106,2636,15.3
VeslavM,2021-07-21,5,5,0,18,404,395,9,9.4
volimtrikoloru,2021-07-21,1,1,0,1,144,121,23,4.4
vonpecka,2021-07-21,2,1,1,4,701,502,199,14.6
ZdenekHrib,2021-07-21,1,1,0,361,711,631,80,137.9
zeleni_cz,2021-07-21,7,6,1,9,518,277,241,6.2
alenaschillerov,2021-07-20,11,10,1,188,1190,1059,131,43.3
AndrejBabis,2021-07-20,27,12,15,760,2447,567,1880,101
general_pavel,2021-07-20,1,1,0,145,150,149,1,96
Jan_Skopecek,2021-07-20,2,1,1,61,516,463,53,104.8
JanLipavsky,2021-07-20,4,0,4,0,1604,297,1307,44.6
jhamacek,2021-07-20,2,2,0,52,437,328,109,52.1
kalousekm,2021-07-20,8,8,0,2105,2184,2144,40,1034.7
KarelHavlicek_,2021-07-20,4,4,0,150,741,530,211,22.3
kducsl,2021-07-20,19,0,19,0,3478,283,3195,10.9
Kuba_Martin,2021-07-20,3,3,0,18,966,966,0,120.6
market_a,2021-07-20,1,1,0,175,784,645,139,588.4
metnarl,2021-07-20,3,2,1,65,102,76,26,5.4
MJureka,2021-07-20,4,2,2,271,1231,1071,160,234.1
ODScz,2021-07-20,9,2,7,449,3027,896,2131,116.2
olgarichterova,2021-07-20,2,1,1,436,475,451,24,34.2
P_Fiala,2021-07-20,2,2,0,465,760,494,266,192.8
PiratIvanBartos,2021-07-20,3,3,0,1096,598,563,35,233
PiratskaStrana,2021-07-20,3,1,2,156,1247,500,747,69.4
Pospisil_Jiri,2021-07-20,1,1,0,91,384,329,55,89.3
SpoluKoalice,2021-07-20,13,2,11,167,3179,250,2929,46.9
STANcz,2021-07-20,1,0,1,0,752,213,539,12.8
TomasCzernin,2021-07-20,1,1,0,689,155,151,4,87.4
TomasZdechovsky,2021-07-20,12,5,7,503,5544,4188,1356,263
tomio_cz,2021-07-20,1,1,0,13,771,771,0,38.8
TOP09cz,2021-07-20,9,0,9,0,2724,106,2618,15.3
VeslavM,2021-07-20,7,7,0,540,399,390,9,9.4
Vit_Rakusan,2021-07-20,2,2,0,542,198,176,22,88.1
volimtrikoloru,2021-07-20,1,1,0,1,143,120,23,4.4
vonpecka,2021-07-20,6,5,1,32,699,501,198,14.6
ZdenekHrib,2021-07-20,1,1,0,83,710,630,80,137.5
zeleni_cz,2021-07-20,7,6,1,3,511,271,240,6.2
alenaschillerov,2021-07-19,10,10,0,300,1179,1049,130,43.1
AndrejBabis,2021-07-19,21,8,13,1057,2420,555,1865,100.2
czKSCM,2021-07-19,1,0,1,0,88,20,68,0.2
Jan_Skopecek,2021-07-19,3,3,0,793,514,462,52,104.7
JanLipavsky,2021-07-19,6,0,6,0,1600,297,1303,44.6
jhamacek,2021-07-19,3,3,0,264,435,326,109,52
kalousekm,2021-07-19,4,4,0,3149,2176,2136,40,1032.6
KarelHavlicek_,2021-07-19,4,2,2,68,737,526,211,22.2
kducsl,2021-07-19,19,1,18,48,3459,283,3176,10.9
Kuba_Martin,2021-07-19,42,42,0,540,963,963,0,120.6
makupka,2021-07-19,1,1,0,1244,163,140,23,90.8
market_a,2021-07-19,1,1,0,813,783,644,139,588.2
MartinBaxa2,2021-07-19,1,1,0,48,119,118,1,37.7
metnarl,2021-07-19,3,2,1,57,99,74,25,5.3
MJureka,2021-07-19,3,3,0,347,1227,1069,158,233.8
ODScz,2021-07-19,14,3,11,468,3018,894,2124,115.8
P_Fiala,2021-07-19,5,5,0,1273,758,492,266,192.3
PiratIvanBartos,2021-07-19,6,6,0,2553,595,560,35,231.9
PiratskaStrana,2021-07-19,2,0,2,0,1244,499,745,69.2
Pospisil_Jiri,2021-07-19,3,3,0,668,383,328,55,89.2
SpoluKoalice,2021-07-19,29,1,28,262,3166,248,2918,46.7
STANcz,2021-07-19,1,0,1,0,751,213,538,12.8
TomasCzernin,2021-07-19,1,1,0,195,154,150,4,86.7
TomasZdechovsky,2021-07-19,18,15,3,1196,5532,4183,1349,262.5
tomio_cz,2021-07-19,2,2,0,163,770,770,0,38.8
TOP09cz,2021-07-19,17,0,17,0,2715,106,2609,15.3
VeslavM,2021-07-19,5,5,0,2,392,383,9,8.9
vojtafilip,2021-07-19,1,1,0,35,60,60,0,5.1
volimtrikoloru,2021-07-19,1,0,1,0,142,119,23,4.4
vonpecka,2021-07-19,7,4,3,18,693,496,197,14.6
zeleni_cz,2021-07-19,5,4,1,199,504,265,239,6.2
alenaschillerov,2021-07-18,7,7,0,186,1169,1039,130,42.8
AndrejBabis,2021-07-18,2,2,0,423,2399,547,1852,99.1
Jan_Skopecek,2021-07-18,1,1,0,33,511,459,52,103.9
JanLipavsky,2021-07-18,2,0,2,0,1594,297,1297,44.6
kalousekm,2021-07-18,6,6,0,2043,2172,2132,40,1029.5
KarelHavlicek_,2021-07-18,2,1,1,94,733,524,209,22.1
kducsl,2021-07-18,6,0,6,0,3440,282,3158,10.9
market_a,2021-07-18,2,2,0,530,782,643,139,587.4
MJureka,2021-07-18,3,3,0,210,1224,1066,158,233.5
ODScz,2021-07-18,3,1,2,120,3004,891,2113,115.3
PiratIvanBartos,2021-07-18,2,2,0,234,589,554,35,229.4
Pospisil_Jiri,2021-07-18,1,1,0,225,380,325,55,88.5
SpoluKoalice,2021-07-18,8,0,8,0,3137,247,2890,46.5
STANcz,2021-07-18,1,0,1,0,750,213,537,12.8
TomasCzernin,2021-07-18,1,1,0,254,153,149,4,86.5
TomasZdechovsky,2021-07-18,22,18,4,688,5514,4168,1346,261.3
tomio_cz,2021-07-18,2,2,0,270,768,768,0,38.6
TOP09cz,2021-07-18,1,0,1,0,2698,106,2592,15.3
VeslavM,2021-07-18,6,6,0,252,387,378,9,8.9
Vit_Rakusan,2021-07-18,1,1,0,590,196,174,22,87.6
vonpecka,2021-07-18,1,0,1,0,686,492,194,14.6
ZdenekHrib,2021-07-18,12,12,0,81,709,629,80,137.4
zeleni_cz,2021-07-18,1,1,0,0,499,261,238,6
alenaschillerov,2021-07-17,3,3,0,80,1162,1032,130,42.6
AndrejBabis,2021-07-17,13,3,10,411,2397,545,1852,98.7
Jan_Skopecek,2021-07-17,3,3,0,585,510,458,52,103.9
JanLipavsky,2021-07-17,12,0,12,0,1592,297,1295,44.6
kalousekm,2021-07-17,1,1,0,2025,2166,2126,40,1027.4
KarelHavlicek_,2021-07-17,7,7,0,226,731,523,208,22
kducsl,2021-07-17,14,0,14,0,3434,282,3152,10.9
market_a,2021-07-17,1,1,0,5,780,641,139,586.9
MJureka,2021-07-17,9,8,1,1607,1221,1063,158,233.3
ODScz,2021-07-17,3,1,2,383,3001,890,2111,115.2
PiratIvanBartos,2021-07-17,2,2,0,758,587,552,35,229.1
PiratskaStrana,2021-07-17,2,2,0,206,1242,499,743,69.2
SpoluKoalice,2021-07-17,17,2,15,85,3129,247,2882,46.5
STANcz,2021-07-17,2,1,1,137,749,213,536,12.8
TomasZdechovsky,2021-07-17,28,25,3,679,5492,4150,1342,260.6
tomio_cz,2021-07-17,1,1,0,156,766,766,0,38.3
TOP09cz,2021-07-17,5,0,5,0,2697,106,2591,15.3
VeslavM,2021-07-17,2,2,0,0,381,372,9,8.6
Vit_Rakusan,2021-07-17,6,6,0,582,195,173,22,87
vonpecka,2021-07-17,4,2,2,21,685,492,193,14.6
zeleni_cz,2021-07-17,2,0,2,0,498,260,238,6
alenaschillerov,2021-07-16,7,6,1,287,1159,1029,130,42.6
AndrejBabis,2021-07-16,12,9,3,853,2384,542,1842,98.3
honzabartosek,2021-07-16,2,2,0,312,336,333,3,41.3
Jan_Skopecek,2021-07-16,2,2,0,38,507,455,52,103.3
jana_cernochova,2021-07-16,1,1,0,65,519,501,18,43.9
JanLipavsky,2021-07-16,4,0,4,0,1580,297,1283,44.6
jhamacek,2021-07-16,1,1,0,39,432,323,109,51.8
kalousekm,2021-07-16,7,7,0,2777,2165,2125,40,1025.4
KarelHavlicek_,2021-07-16,7,7,0,256,724,516,208,21.8
kducsl,2021-07-16,23,2,21,8,3420,282,3138,10.9
makupka,2021-07-16,1,1,0,695,162,139,23,89.6
market_a,2021-07-16,4,3,1,1295,779,640,139,586.8
MJureka,2021-07-16,6,6,0,527,1212,1055,157,231.7
ODScz,2021-07-16,19,4,15,1420,2998,889,2109,114.8
olgarichterova,2021-07-16,1,0,1,0,473,450,23,33.7
P_Fiala,2021-07-16,14,12,2,1643,753,487,266,191
PiratIvanBartos,2021-07-16,3,3,0,1350,585,550,35,228.4
PiratskaStrana,2021-07-16,3,1,2,1083,1240,497,743,69
Pospisil_Jiri,2021-07-16,1,0,1,0,379,324,55,88.3
SpoluKoalice,2021-07-16,39,4,35,686,3112,245,2867,46.4
STANcz,2021-07-16,2,1,1,63,747,212,535,12.6
TomasZdechovsky,2021-07-16,27,18,9,1147,5464,4125,1339,260
tomio_cz,2021-07-16,5,5,0,325,765,765,0,38.2
TOP09cz,2021-07-16,16,0,16,0,2692,106,2586,15.3
Vit_Rakusan,2021-07-16,1,1,0,230,189,167,22,86.4
vonpecka,2021-07-16,3,2,1,16,681,490,191,14.6
zeleni_cz,2021-07-16,3,2,1,44,496,260,236,6
alenaschillerov,2021-07-15,8,6,2,86,1152,1023,129,42.3
AndrejBabis,2021-07-15,14,8,6,4729,2372,533,1839,97.5
honzabartosek,2021-07-15,2,2,0,91,334,331,3,41
Jan_Skopecek,2021-07-15,8,8,0,1001,505,453,52,103.3
jana_cernochova,2021-07-15,1,1,0,251,518,500,18,43.8
JanLipavsky,2021-07-15,7,1,6,151,1576,297,1279,44.6
jhamacek,2021-07-15,6,4,2,355,431,322,109,51.7
kalousekm,2021-07-15,8,8,0,4413,2158,2118,40,1022.6
KarelHavlicek_,2021-07-15,2,1,1,51,717,509,208,21.5
kducsl,2021-07-15,27,2,25,161,3397,280,3117,10.8
Kuba_Martin,2021-07-15,1,1,0,9,921,921,0,120
makupka,2021-07-15,1,1,0,363,161,138,23,88.9
market_a,2021-07-15,3,2,1,349,775,637,138,585.6
MartinBaxa2,2021-07-15,3,2,1,255,118,117,1,37.6
metnarl,2021-07-15,4,3,1,77,96,72,24,5.2
ODScz,2021-07-15,18,3,15,911,2979,885,2094,113.4
P_Fiala,2021-07-15,5,4,1,877,739,475,264,189.4
PiratIvanBartos,2021-07-15,9,9,0,2031,582,547,35,227
PiratskaStrana,2021-07-15,3,3,0,4092,1237,496,741,67.9
Pospisil_Jiri,2021-07-15,2,2,0,462,378,324,54,88.3
SpoluKoalice,2021-07-15,22,3,19,217,3073,241,2832,45.7
STANcz,2021-07-15,6,3,3,977,745,211,534,12.6
TomasZdechovsky,2021-07-15,24,19,5,623,5437,4107,1330,258.8
tomio_cz,2021-07-15,3,3,0,155,760,760,0,37.9
TOP09cz,2021-07-15,11,2,9,59,2676,106,2570,15.3
VeslavM,2021-07-15,1,1,0,1,379,370,9,8.6
Vit_Rakusan,2021-07-15,2,2,0,510,188,166,22,86.2
vonpecka,2021-07-15,5,4,1,62,678,488,190,14.5
zeleni_cz,2021-07-15,2,1,1,1,493,258,235,6
alenaschillerov,2021-07-14,16,16,0,362,1144,1017,127,42.2
AndrejBabis,2021-07-14,27,8,19,484,2358,525,1833,92.7
honzabartosek,2021-07-14,2,2,0,228,332,329,3,40.9
Jan_Skopecek,2021-07-14,2,2,0,743,497,445,52,102.3
JanLipavsky,2021-07-14,5,0,5,0,1569,296,1273,44.4
kalousekm,2021-07-14,7,7,0,768,2150,2110,40,1018.2
KarelHavlicek_,2021-07-14,4,3,1,127,715,508,207,21.5
kducsl,2021-07-14,17,1,16,28,3370,278,3092,10.7
market_a,2021-07-14,5,5,0,2500,772,635,137,585.2
metnarl,2021-07-14,2,2,0,246,92,69,23,5.2
MJureka,2021-07-14,4,4,0,379,1206,1049,157,231.2
ODScz,2021-07-14,15,6,9,217,2961,882,2079,112.5
P_Fiala,2021-07-14,1,1,0,186,734,471,263,188.5
PavelSehnal64,2021-07-14,1,1,0,6,56,56,0,0.3
PiratIvanBartos,2021-07-14,3,3,0,2212,573,538,35,225
PiratskaStrana,2021-07-14,7,3,4,863,1234,493,741,63.8
Pospisil_Jiri,2021-07-14,1,1,0,1288,376,322,54,87.9
SpoluKoalice,2021-07-14,22,3,19,567,3051,238,2813,45.5
STANcz,2021-07-14,1,0,1,0,739,208,531,11.6
TomasZdechovsky,2021-07-14,45,33,12,1480,5413,4088,1325,258.2
tomio_cz,2021-07-14,2,2,0,200,757,757,0,37.7
TOP09cz,2021-07-14,20,1,19,72,2665,104,2561,15.2
VeslavM,2021-07-14,3,3,0,33,378,369,9,8.6
Vit_Rakusan,2021-07-14,1,1,0,1,186,164,22,85.7
volimtrikoloru,2021-07-14,1,0,1,0,141,119,22,4.4
vonpecka,2021-07-14,9,3,6,45,673,484,189,14.5
ZdenekHrib,2021-07-14,1,0,1,0,697,617,80,137.3
zeleni_cz,2021-07-14,5,4,1,129,491,257,234,6
alenaschillerov,2021-07-13,10,10,0,222,1128,1001,127,41.8
AndrejBabis,2021-07-13,5,0,5,0,2331,517,1814,92.2
general_pavel,2021-07-13,1,1,0,257,149,148,1,95.8
honzabartosek,2021-07-13,1,1,0,79,330,327,3,40.7
Jan_Skopecek,2021-07-13,5,5,0,549,495,443,52,101.5
jana_cernochova,2021-07-13,2,2,0,359,517,499,18,43.6
JanLipavsky,2021-07-13,7,0,7,0,1564,296,1268,44.4
jhamacek,2021-07-13,2,1,1,81,425,318,107,51.4
kalousekm,2021-07-13,10,10,0,1719,2143,2103,40,1017.4
KarelHavlicek_,2021-07-13,3,2,1,44,711,505,206,21.4
kducsl,2021-07-13,34,2,32,159,3353,277,3076,10.7
makupka,2021-07-13,1,1,0,703,160,137,23,88.5
market_a,2021-07-13,6,5,1,1563,767,630,137,582.7
metnarl,2021-07-13,3,2,1,41,90,67,23,4.9
MJureka,2021-07-13,7,6,1,377,1202,1045,157,230.8
ODScz,2021-07-13,21,5,16,930,2946,876,2070,112.2
olgarichterova,2021-07-13,1,1,0,293,472,450,22,33.7
P_Fiala,2021-07-13,5,0,5,0,733,470,263,188.3
PiratIvanBartos,2021-07-13,7,7,0,4379,570,535,35,222.8
PiratskaStrana,2021-07-13,7,3,4,542,1227,490,737,63
Pospisil_Jiri,2021-07-13,1,0,1,0,375,321,54,86.6
SpoluKoalice,2021-07-13,36,6,30,738,3029,235,2794,44.9
STANcz,2021-07-13,11,0,11,0,738,208,530,11.6
TomasCzernin,2021-07-13,1,1,0,195,152,148,4,86.2
TomasZdechovsky,2021-07-13,46,31,15,533,5368,4055,1313,256.7
tomio_cz,2021-07-13,11,11,0,394,755,755,0,37.5
TOP09cz,2021-07-13,11,1,10,52,2645,103,2542,15.1
Vit_Rakusan,2021-07-13,3,3,0,1066,185,163,22,85.7
vonpecka,2021-07-13,1,1,0,32,664,481,183,14.4
ZdenekHrib,2021-07-13,6,6,0,3012,696,617,79,137.3
zeleni_cz,2021-07-13,2,1,1,39,486,253,233,5.8
alenaschillerov,2021-07-12,8,8,0,220,1118,991,127,41.6
AndrejBabis,2021-07-12,10,2,8,161,2326,517,1809,92.2
honzabartosek,2021-07-12,2,2,0,78,329,326,3,40.6
Jan_Skopecek,2021-07-12,1,1,0,66,490,438,52,101
JanLipavsky,2021-07-12,8,0,8,0,1557,296,1261,44.4
jhamacek,2021-07-12,5,4,1,236,423,317,106,51.3
kalousekm,2021-07-12,2,2,0,1777,2133,2093,40,1015.7
KarelHavlicek_,2021-07-12,3,1,2,18,708,503,205,21.3
kducsl,2021-07-12,21,1,20,275,3319,275,3044,10.5
makupka,2021-07-12,1,1,0,377,159,136,23,87.8
market_a,2021-07-12,2,2,0,6367,761,625,136,581.1
metnarl,2021-07-12,1,1,0,28,87,65,22,4.9
MJureka,2021-07-12,3,3,0,177,1195,1039,156,230.4
ODScz,2021-07-12,19,6,13,473,2925,871,2054,111.3
olgarichterova,2021-07-12,2,2,0,429,471,449,22,33.4
P_Fiala,2021-07-12,13,8,5,652,728,470,258,188.3
PiratIvanBartos,2021-07-12,2,2,0,1174,563,528,35,218.4
PiratskaStrana,2021-07-12,3,0,3,0,1220,487,733,62.4
Pospisil_Jiri,2021-07-12,3,2,1,317,374,321,53,86.6
SpoluKoalice,2021-07-12,26,5,21,425,2993,229,2764,44.2
STANcz,2021-07-12,1,0,1,0,727,208,519,11.6
TomasCzernin,2021-07-12,1,1,0,703,151,147,4,86
TomasZdechovsky,2021-07-12,57,43,14,1615,5322,4024,1298,256.2
tomio_cz,2021-07-12,2,2,0,158,744,744,0,37.1
TOP09cz,2021-07-12,14,1,13,352,2634,102,2532,15.1
volimtrikoloru,2021-07-12,1,0,1,0,140,119,21,4.4
vonpecka,2021-07-12,5,5,0,149,663,480,183,14.4
Zbynek_Stanjura,2021-07-12,1,1,0,1541,23,19,4,20.4
ZdenekHrib,2021-07-12,8,8,0,281,690,611,79,134.3
zeleni_cz,2021-07-12,4,3,1,79,484,252,232,5.8
alenaschillerov,2021-07-11,3,2,1,44,1110,983,127,41.4
AndrejBabis,2021-07-11,11,1,10,483,2316,515,1801,92.1
general_pavel,2021-07-11,1,1,0,364,148,147,1,95.6
Jan_Skopecek,2021-07-11,2,2,0,350,489,437,52,100.9
JanLipavsky,2021-07-11,5,1,4,78,1549,296,1253,44.4
kalousekm,2021-07-11,9,9,0,365,2131,2091,40,1013.9
KarelHavlicek_,2021-07-11,2,1,1,18,705,502,203,21.3
kducsl,2021-07-11,8,0,8,0,3298,274,3024,10.2
Kuba_Martin,2021-07-11,9,9,0,292,920,920,0,120
market_a,2021-07-11,1,1,0,180,759,623,136,574.8
MJureka,2021-07-11,11,11,0,1738,1192,1036,156,230.2
ODScz,2021-07-11,3,1,2,151,2906,865,2041,110.8
P_Fiala,2021-07-11,2,2,0,437,715,462,253,187.7
PiratIvanBartos,2021-07-11,2,2,0,695,561,526,35,217.2
PiratskaStrana,2021-07-11,2,0,2,0,1217,487,730,62.4
SpoluKoalice,2021-07-11,8,0,8,0,2967,224,2743,43.8
STANcz,2021-07-11,1,0,1,0,726,208,518,11.6
TomasZdechovsky,2021-07-11,12,10,2,164,5265,3981,1284,254.6
tomio_cz,2021-07-11,1,1,0,61,742,742,0,37
vonpecka,2021-07-11,3,2,1,18,658,475,183,14.3
ZdenekHrib,2021-07-11,3,3,0,315,682,603,79,134
zeleni_cz,2021-07-11,3,2,1,7,480,249,231,5.7
alenaschillerov,2021-07-10,6,6,0,126,1107,981,126,41.3
AndrejBabis,2021-07-10,8,5,3,592,2305,514,1791,91.6
general_pavel,2021-07-10,1,1,0,0,147,146,1,95.2
Jan_Skopecek,2021-07-10,2,2,0,254,487,435,52,100.6
JanLipavsky,2021-07-10,4,0,4,0,1544,295,1249,44.4
kalousekm,2021-07-10,6,5,1,1050,2122,2082,40,1013.6
KarelHavlicek_,2021-07-10,4,4,0,194,703,501,202,21.3
kducsl,2021-07-10,9,0,9,0,3290,274,3016,10.2
Kuba_Martin,2021-07-10,25,25,0,539,911,911,0,119.7
makupka,2021-07-10,5,5,0,30,158,135,23,87.4
MJureka,2021-07-10,5,5,0,829,1181,1025,156,228.5
ODScz,2021-07-10,4,3,1,226,2903,864,2039,110.7
P_Fiala,2021-07-10,1,1,0,131,713,460,253,187.2
SpoluKoalice,2021-07-10,11,0,11,0,2959,224,2735,43.8
TomasZdechovsky,2021-07-10,22,20,2,334,5253,3971,1282,254.4
tomio_cz,2021-07-10,2,2,0,112,741,741,0,36.9
TOP09cz,2021-07-10,5,0,5,0,2620,101,2519,14.7
vonpecka,2021-07-10,2,2,0,9,655,473,182,14.2
ZdenekHrib,2021-07-10,15,15,0,1093,679,600,79,133.7
alenaschillerov,2021-07-09,6,6,0,148,1101,975,126,41.2
AndrejBabis,2021-07-09,9,2,7,151,2297,509,1788,91
general_pavel,2021-07-09,2,2,0,442,146,145,1,95.2
honzabartosek,2021-07-09,2,2,0,59,327,324,3,40.6
Jan_Skopecek,2021-07-09,3,3,0,1083,485,433,52,100.3
jana_cernochova,2021-07-09,6,6,0,551,515,497,18,43.2
JanLipavsky,2021-07-09,5,1,4,543,1540,295,1245,44.4
kalousekm,2021-07-09,4,4,0,986,2116,2077,39,1012.5
KarelHavlicek_,2021-07-09,9,8,1,206,699,497,202,21.1
kducsl,2021-07-09,14,0,14,0,3281,274,3007,10.2
Kuba_Martin,2021-07-09,1,1,0,26,886,886,0,119.2
makupka,2021-07-09,2,2,0,677,153,130,23,87.4
milionchvilek,2021-07-09,2,2,0,296,261,176,85,31.8
MJureka,2021-07-09,12,10,2,800,1176,1020,156,227.7
ODScz,2021-07-09,11,6,5,208,2899,861,2038,110.5
olgarichterova,2021-07-09,1,1,0,0,469,447,22,33
P_Fiala,2021-07-09,2,2,0,1195,712,459,253,187.1
PiratIvanBartos,2021-07-09,3,3,0,3754,559,524,35,216.5
PiratskaStrana,2021-07-09,3,0,3,0,1215,487,728,62.4
SpoluKoalice,2021-07-09,13,0,13,0,2948,224,2724,43.8
STANcz,2021-07-09,1,0,1,0,725,208,517,11.6
TomasZdechovsky,2021-07-09,28,23,5,775,5231,3951,1280,254.1
tomio_cz,2021-07-09,3,3,0,243,739,739,0,36.8
TOP09cz,2021-07-09,7,0,7,0,2615,101,2514,14.7
VeslavM,2021-07-09,1,1,0,1,375,366,9,8.6
Vit_Rakusan,2021-07-09,3,3,0,943,182,160,22,84.6
vonpecka,2021-07-09,2,2,0,511,653,471,182,14.2
ZdenekHrib,2021-07-09,5,4,1,588,664,585,79,132.6
zeleni_cz,2021-07-09,6,5,1,63,477,247,230,5.7
alenaschillerov,2021-07-08,11,11,0,382,1095,969,126,41.1
AndrejBabis,2021-07-08,15,7,8,596,2288,507,1781,90.9
czKSCM,2021-07-08,1,0,1,0,87,20,67,0.2
honzabartosek,2021-07-08,4,4,0,44,325,322,3,40.5
Jan_Skopecek,2021-07-08,8,8,0,2129,482,430,52,99.2
jana_cernochova,2021-07-08,1,1,0,562,509,491,18,42.7
JanLipavsky,2021-07-08,2,0,2,0,1535,294,1241,43.8
kalousekm,2021-07-08,22,21,1,1160,2112,2073,39,1011.5
KarelHavlicek_,2021-07-08,12,10,2,254,690,489,201,20.9
kducsl,2021-07-08,21,2,19,55,3267,274,2993,10.2
Kuba_Martin,2021-07-08,1,1,0,721,885,885,0,119.2
makupka,2021-07-08,1,1,0,1325,151,128,23,86.7
market_a,2021-07-08,2,1,1,1054,758,622,136,574.6
MJureka,2021-07-08,8,8,0,563,1164,1010,154,226.9
ODScz,2021-07-08,19,12,7,1422,2888,855,2033,110.2
olgarichterova,2021-07-08,3,3,0,88,468,446,22,33
P_Fiala,2021-07-08,1,1,0,269,710,457,253,185.9
PiratIvanBartos,2021-07-08,1,1,0,370,556,521,35,212.8
PiratskaStrana,2021-07-08,4,3,1,1558,1212,487,725,62.4
Pospisil_Jiri,2021-07-08,1,1,0,381,371,319,52,86.2
SpoluKoalice,2021-07-08,33,1,32,156,2935,224,2711,43.8
STANcz,2021-07-08,2,0,2,0,724,208,516,11.6
TomasZdechovsky,2021-07-08,29,23,6,1953,5203,3928,1275,253.3
tomio_cz,2021-07-08,3,3,0,355,736,736,0,36.5
TOP09cz,2021-07-08,6,1,5,219,2608,101,2507,14.7
VeslavM,2021-07-08,6,6,0,1,374,365,9,8.6
Vit_Rakusan,2021-07-08,1,1,0,206,179,157,22,83.6
vonpecka,2021-07-08,2,1,1,3,651,469,182,13.7
ZdenekHrib,2021-07-08,1,0,1,0,659,581,78,132
zeleni_cz,2021-07-08,2,1,1,23,471,242,229,5.6
alenaschillerov,2021-07-07,6,6,0,220,1084,958,126,40.7
AndrejBabis,2021-07-07,10,2,8,135,2273,500,1773,90.3
general_pavel,2021-07-07,1,1,0,112,144,143,1,94.8
honzabartosek,2021-07-07,3,3,0,647,321,318,3,40.5
Jan_Skopecek,2021-07-07,2,2,0,583,474,422,52,97.1
jana_cernochova,2021-07-07,1,1,0,153,508,490,18,42.1
JanLipavsky,2021-07-07,4,0,4,0,1533,294,1239,43.8
jhamacek,2021-07-07,2,2,0,535,418,313,105,51.1
kalousekm,2021-07-07,15,14,1,3258,2090,2052,38,1010.4
KarelHavlicek_,2021-07-07,3,3,0,78,678,479,199,20.6
kducsl,2021-07-07,33,5,28,202,3246,272,2974,10.2
market_a,2021-07-07,3,1,2,827,756,621,135,573.5
milionchvilek,2021-07-07,1,1,0,64,259,174,85,31.5
MJureka,2021-07-07,24,20,4,7809,1156,1002,154,226.3
ODScz,2021-07-07,15,9,6,780,2869,843,2026,108.8
olgarichterova,2021-07-07,2,2,0,152,465,443,22,32.9
P_Fiala,2021-07-07,5,4,1,2831,709,456,253,185.6
PiratIvanBartos,2021-07-07,13,13,0,863,555,520,35,212.4
PiratskaStrana,2021-07-07,9,0,9,0,1208,484,724,60.9
Pospisil_Jiri,2021-07-07,1,1,0,258,370,318,52,85.9
SpoluKoalice,2021-07-07,14,3,11,115,2902,223,2679,43.6
STANcz,2021-07-07,2,1,1,74,722,208,514,11.6
TomasCzernin,2021-07-07,1,1,0,262,150,146,4,85.3
TomasZdechovsky,2021-07-07,42,37,5,1604,5174,3905,1269,251.3
tomio_cz,2021-07-07,6,6,0,891,733,733,0,36.2
TOP09cz,2021-07-07,11,1,10,62,2602,100,2502,14.5
VeslavM,2021-07-07,1,1,0,24,368,359,9,8.6
Vit_Rakusan,2021-07-07,1,0,1,0,178,156,22,83.4
vojtafilip,2021-07-07,1,1,0,68,59,59,0,5.1
vonpecka,2021-07-07,3,3,0,76,649,468,181,13.7
zeleni_cz,2021-07-07,1,1,0,18,469,241,228,5.6
alenaschillerov,2021-07-06,2,1,1,15,1078,952,126,40.5
AndrejBabis,2021-07-06,4,0,4,0,2263,498,1765,90.1
Jan_Skopecek,2021-07-06,3,3,0,1105,472,420,52,96.5
JanLipavsky,2021-07-06,3,0,3,0,1529,294,1235,43.8
jhamacek,2021-07-06,1,1,0,55,416,311,105,50.5
kalousekm,2021-07-06,26,26,0,7169,2075,2038,37,1007.1
KarelHavlicek_,2021-07-06,4,3,1,71,675,476,199,20.6
kducsl,2021-07-06,22,0,22,0,3213,267,2946,10
Kuba_Martin,2021-07-06,9,9,0,972,884,884,0,118.5
makupka,2021-07-06,1,1,0,799,150,127,23,85.4
market_a,2021-07-06,1,1,0,1485,753,620,133,572.7
MJureka,2021-07-06,3,3,0,1446,1132,982,150,218.5
ODScz,2021-07-06,4,0,4,0,2854,834,2020,108
P_Fiala,2021-07-06,1,1,0,116,704,452,252,182.8
PiratIvanBartos,2021-07-06,5,5,0,2941,542,507,35,211.6
PiratskaStrana,2021-07-06,7,3,4,228,1199,484,715,60.9
Pospisil_Jiri,2021-07-06,1,1,0,159,369,317,52,85.6
SpoluKoalice,2021-07-06,21,0,21,0,2888,220,2668,43.5
STANcz,2021-07-06,4,0,4,0,720,207,513,11.5
TomasCzernin,2021-07-06,1,1,0,1248,149,145,4,85.1
TomasZdechovsky,2021-07-06,45,36,9,888,5132,3868,1264,249.7
tomio_cz,2021-07-06,2,2,0,309,727,727,0,35.3
TOP09cz,2021-07-06,9,0,9,0,2591,99,2492,14.4
VeslavM,2021-07-06,2,2,0,2,367,358,9,8.5
Vit_Rakusan,2021-07-06,1,1,0,1216,177,156,21,83.4
vonpecka,2021-07-06,2,0,2,0,646,465,181,13.6
Zbynek_Stanjura,2021-07-06,1,1,0,1390,22,18,4,18.9
zeleni_cz,2021-07-06,3,3,0,12,468,240,228,5.6
alenaschillerov,2021-07-05,2,2,0,138,1076,951,125,40.5
AndrejBabis,2021-07-05,6,4,2,1032,2259,498,1761,90.1
jhamacek,2021-07-05,1,1,0,120,415,310,105,50.5
kalousekm,2021-07-05,20,20,0,4029,2049,2012,37,1000
KarelHavlicek_,2021-07-05,2,1,1,292,671,473,198,20.5
kducsl,2021-07-05,15,0,15,0,3191,267,2924,10
Kuba_Martin,2021-07-05,1,1,0,0,875,875,0,117.5
MartinBaxa2,2021-07-05,1,1,0,43,115,115,0,37.4
milionchvilek,2021-07-05,1,1,0,26,258,173,85,31.4
MJureka,2021-07-05,2,2,0,1253,1129,979,150,217
ODScz,2021-07-05,4,2,2,683,2850,834,2016,108
P_Fiala,2021-07-05,1,1,0,594,703,451,252,182.7
PiratIvanBartos,2021-07-05,13,13,0,641,537,502,35,208.6
PiratskaStrana,2021-07-05,1,0,1,0,1192,481,711,60.7
Pospisil_Jiri,2021-07-05,2,1,1,281,368,316,52,85.4
SpoluKoalice,2021-07-05,12,0,12,0,2867,220,2647,43.5
TomasZdechovsky,2021-07-05,47,40,7,827,5087,3832,1255,248.8
tomio_cz,2021-07-05,1,1,0,0,725,725,0,35
TOP09cz,2021-07-05,2,0,2,0,2582,99,2483,14.4
Vit_Rakusan,2021-07-05,1,1,0,158,176,155,21,82.2
vonpecka,2021-07-05,1,1,0,15,644,465,179,13.6
alenaschillerov,2021-07-04,6,5,1,270,1074,949,125,40.3
AndrejBabis,2021-07-04,7,0,7,0,2253,494,1759,89.1
Jan_Skopecek,2021-07-04,2,1,1,49,469,417,52,95.4
JanLipavsky,2021-07-04,1,0,1,0,1526,294,1232,43.8
kalousekm,2021-07-04,8,8,0,978,2029,1992,37,995.9
KarelHavlicek_,2021-07-04,9,9,0,245,669,472,197,20.2
kducsl,2021-07-04,8,0,8,0,3176,267,2909,10
Kuba_Martin,2021-07-04,7,7,0,22,874,874,0,117.5
milionchvilek,2021-07-04,1,1,0,205,257,172,85,31.4
ODScz,2021-07-04,1,1,0,1009,2846,832,2014,107.4
olgarichterova,2021-07-04,1,0,1,0,463,441,22,32.8
PiratskaStrana,2021-07-04,1,1,0,150,1191,481,710,60.7
SpoluKoalice,2021-07-04,6,0,6,0,2855,220,2635,43.5
STANcz,2021-07-04,1,0,1,0,716,207,509,11.5
TomasZdechovsky,2021-07-04,18,16,2,470,5040,3792,1248,248
tomio_cz,2021-07-04,3,3,0,434,724,724,0,35
TOP09cz,2021-07-04,2,0,2,0,2580,99,2481,14.4
VeslavM,2021-07-04,3,3,0,49,365,356,9,8.5
vonpecka,2021-07-04,1,0,1,0,643,464,179,13.6
alenaschillerov,2021-07-03,5,5,0,211,1068,944,124,40
AndrejBabis,2021-07-03,4,2,2,545,2246,494,1752,89.1
Jan_Skopecek,2021-07-03,2,2,0,130,467,416,51,95.4
JanLipavsky,2021-07-03,4,0,4,0,1525,294,1231,43.8
kalousekm,2021-07-03,7,7,0,3672,2021,1984,37,995
kducsl,2021-07-03,10,0,10,0,3168,267,2901,10
Kuba_Martin,2021-07-03,7,7,0,342,867,867,0,117.5
market_a,2021-07-03,1,1,0,2680,752,619,133,571.2
milionchvilek,2021-07-03,1,1,0,172,256,171,85,31.2
MJureka,2021-07-03,1,1,0,62,1127,977,150,215.8
ODScz,2021-07-03,4,1,3,170,2845,831,2014,106.4
P_Fiala,2021-07-03,3,2,1,373,702,450,252,182.1
PiratIvanBartos,2021-07-03,4,4,0,348,524,489,35,208
PiratskaStrana,2021-07-03,1,0,1,0,1190,480,710,60.5
SpoluKoalice,2021-07-03,6,0,6,0,2849,220,2629,43.5
TomasZdechovsky,2021-07-03,22,18,4,1266,5022,3776,1246,247.6
tomio_cz,2021-07-03,3,3,0,350,721,721,0,34.6
TOP09cz,2021-07-03,1,0,1,0,2578,99,2479,14.4
VeslavM,2021-07-03,1,1,0,31,362,353,9,8.5
ZdenekHrib,2021-07-03,1,1,0,54,658,581,77,132
zeleni_cz,2021-07-03,2,2,0,40,465,237,228,5.6
alenaschillerov,2021-07-02,15,12,3,399,1063,939,124,39.8
AndrejBabis,2021-07-02,11,6,5,509,2242,492,1750,88.6
honzabartosek,2021-07-02,1,0,1,0,318,315,3,39.8
Jan_Skopecek,2021-07-02,1,1,0,280,465,414,51,95.2
JanLipavsky,2021-07-02,3,0,3,0,1521,294,1227,43.8
kalousekm,2021-07-02,2,2,0,269,2014,1977,37,991.3
KarelHavlicek_,2021-07-02,5,5,0,175,660,463,197,19.9
kducsl,2021-07-02,17,2,15,37,3158,267,2891,10
Kuba_Martin,2021-07-02,1,1,0,1,860,860,0,117.1
makupka,2021-07-02,1,1,0,196,149,126,23,84.6
market_a,2021-07-02,1,1,0,1124,751,618,133,568.5
MJureka,2021-07-02,3,2,1,1511,1126,976,150,215.7
ODScz,2021-07-02,8,4,4,713,2841,830,2011,106.2
P_Fiala,2021-07-02,1,1,0,527,699,448,251,181.7
PiratIvanBartos,2021-07-02,7,7,0,911,520,485,35,207.6
PiratskaStrana,2021-07-02,6,2,4,226,1189,480,709,60.5
Pospisil_Jiri,2021-07-02,1,1,0,37,366,315,51,85.2
RobertSlachta,2021-07-02,2,0,2,0,154,103,51,3.6
SpoluKoalice,2021-07-02,15,1,14,368,2843,220,2623,43.5
STANcz,2021-07-02,2,1,1,50,715,207,508,11.5
TomasCzernin,2021-07-02,1,1,0,303,148,144,4,83.8
TomasZdechovsky,2021-07-02,20,15,5,845,5000,3758,1242,246.3
tomio_cz,2021-07-02,2,2,0,87,718,718,0,34.2
TOP09cz,2021-07-02,8,1,7,232,2577,99,2478,14.4
VeslavM,2021-07-02,9,9,0,14,361,352,9,8.5
vonpecka,2021-07-02,3,1,2,17,642,464,178,13.6
zeleni_cz,2021-07-02,6,6,0,190,463,235,228,5.5
alenaschillerov,2021-07-01,11,9,2,190,1048,927,121,39.4
AndrejBabis,2021-07-01,12,5,7,416,2231,486,1745,88
czKSCM,2021-07-01,1,0,1,0,86,20,66,0.2
general_pavel,2021-07-01,2,2,0,439,143,142,1,94.7
honzabartosek,2021-07-01,1,1,0,90,317,315,2,39.8
Jan_Skopecek,2021-07-01,6,4,2,459,464,413,51,95
jana_cernochova,2021-07-01,1,1,0,12,507,489,18,41.9
JanLipavsky,2021-07-01,5,0,5,0,1518,294,1224,43.8
jhamacek,2021-07-01,1,0,1,0,414,309,105,50.4
kalousekm,2021-07-01,16,16,0,3255,2012,1975,37,991
KarelHavlicek_,2021-07-01,11,10,1,201,655,458,197,19.8
kducsl,2021-07-01,18,0,18,0,3141,265,2876,9.9
Kuba_Martin,2021-07-01,3,3,0,12,859,859,0,117.1
makupka,2021-07-01,1,1,0,180,148,125,23,84.4
market_a,2021-07-01,3,3,0,5390,750,617,133,567.4
MartinBaxa2,2021-07-01,1,1,0,105,114,114,0,37.3
metnarl,2021-07-01,1,1,0,31,86,64,22,4.8
MJureka,2021-07-01,3,3,0,411,1123,974,149,214.2
ODScz,2021-07-01,8,7,1,918,2833,826,2007,105.5
P_Fiala,2021-07-01,4,4,0,539,698,447,251,181.2
PiratIvanBartos,2021-07-01,12,12,0,1394,513,478,35,206.7
PiratskaStrana,2021-07-01,13,9,4,848,1183,478,705,60.3
RobertSlachta,2021-07-01,4,0,4,0,152,103,49,3.6
SpoluKoalice,2021-07-01,17,0,17,0,2828,219,2609,43.1
STANcz,2021-07-01,6,4,2,277,713,206,507,11.5
TomasZdechovsky,2021-07-01,49,42,7,776,4980,3743,1237,245.4
tomio_cz,2021-07-01,2,2,0,60,716,716,0,34.1
TOP09cz,2021-07-01,13,0,13,0,2569,98,2471,14.2
VeslavM,2021-07-01,4,4,0,81,352,343,9,8.4
Vit_Rakusan,2021-07-01,3,2,1,123,175,154,21,82.1
vojtafilip,2021-07-01,1,1,0,349,58,58,0,5
volimtrikoloru,2021-07-01,2,2,0,29,139,119,20,4.4
vonpecka,2021-07-01,6,4,2,141,639,463,176,13.6
Zbynek_Stanjura,2021-07-01,1,1,0,730,21,17,4,17.5
ZdenekHrib,2021-07-01,4,4,0,613,657,580,77,132
zeleni_cz,2021-07-01,5,5,0,118,457,229,228,5.3
alenaschillerov,2021-06-30,8,7,1,133,1037,918,119,39.2
AndrejBabis,2021-06-30,13,2,11,181,2219,481,1738,87.6
Jan_Skopecek,2021-06-30,2,2,0,199,458,409,49,94.5
JanLipavsky,2021-06-30,6,0,6,0,1513,294,1219,43.8
jhamacek,2021-06-30,1,1,0,127,413,309,104,50.4
kalousekm,2021-06-30,18,18,0,5544,1996,1959,37,987.8
KarelHavlicek_,2021-06-30,9,9,0,128,644,448,196,19.6
kducsl,2021-06-30,27,2,25,59,3123,265,2858,9.9
market_a,2021-06-30,1,1,0,298,747,614,133,562
metnarl,2021-06-30,2,2,0,65,85,63,22,4.8
MJureka,2021-06-30,3,2,1,450,1120,971,149,213.8
ODScz,2021-06-30,18,8,10,617,2825,819,2006,104.6
olgarichterova,2021-06-30,1,0,1,0,462,441,21,32.8
P_Fiala,2021-06-30,11,9,2,1322,694,443,251,180.7
PiratIvanBartos,2021-06-30,10,9,1,1386,501,466,35,205.3
PiratskaStrana,2021-06-30,9,1,8,108,1170,469,701,59.4
Pospisil_Jiri,2021-06-30,1,1,0,348,365,314,51,85.1
RobertSlachta,2021-06-30,1,1,0,5,148,103,45,3.6
SpoluKoalice,2021-06-30,18,1,17,273,2811,219,2592,43.1
STANcz,2021-06-30,4,3,1,55,707,202,505,11.2
TomasCzernin,2021-06-30,2,2,0,637,147,143,4,83.5
TomasZdechovsky,2021-06-30,46,40,6,711,4931,3701,1230,244.7
tomio_cz,2021-06-30,1,1,0,153,714,714,0,34.1
TOP09cz,2021-06-30,18,0,18,0,2556,98,2458,14.2
VeslavM,2021-06-30,1,1,0,63,348,339,9,8.4
vonpecka,2021-06-30,1,0,1,0,633,459,174,13.5
zeleni_cz,2021-06-30,10,9,1,49,452,224,228,5.2
alenaschillerov,2021-06-29,8,5,3,190,1029,911,118,39.1
AndrejBabis,2021-06-29,20,5,15,352,2206,479,1727,87.4
czKSCM,2021-06-29,2,0,2,0,85,20,65,0.2
honzabartosek,2021-06-29,1,1,0,47,316,314,2,39.7
Jan_Skopecek,2021-06-29,3,3,0,606,456,407,49,94.3
jana_cernochova,2021-06-29,1,1,0,116,506,488,18,41.9
JanLipavsky,2021-06-29,3,1,2,1,1507,294,1213,43.8
jhamacek,2021-06-29,5,3,2,427,412,308,104,50.2
kalousekm,2021-06-29,10,10,0,1032,1978,1941,37,982.2
KarelHavlicek_,2021-06-29,8,8,0,141,635,439,196,19.4
kducsl,2021-06-29,28,3,25,64,3096,263,2833,9.9
Kuba_Martin,2021-06-29,1,1,0,11,856,856,0,117.1
makupka,2021-06-29,1,1,0,415,147,124,23,84.2
market_a,2021-06-29,4,3,1,3171,746,613,133,561.7
metnarl,2021-06-29,1,1,0,24,83,61,22,4.8
MJureka,2021-06-29,5,4,1,2101,1117,969,148,213.3
ODScz,2021-06-29,11,3,8,643,2807,811,1996,103.9
olgarichterova,2021-06-29,2,0,2,0,461,441,20,32.8
P_Fiala,2021-06-29,7,4,3,330,683,434,249,179.3
PiratIvanBartos,2021-06-29,3,3,0,1311,491,457,34,203.9
PiratskaStrana,2021-06-29,4,1,3,214,1161,468,693,59.3
Pospisil_Jiri,2021-06-29,1,1,0,73,364,313,51,84.8
SpoluKoalice,2021-06-29,33,2,31,62,2793,218,2575,42.9
STANcz,2021-06-29,5,0,5,0,703,199,504,11.1
TomasCzernin,2021-06-29,1,1,0,359,145,141,4,82.9
TomasZdechovsky,2021-06-29,44,33,11,885,4885,3661,1224,244
tomio_cz,2021-06-29,6,6,0,499,713,713,0,33.9
TOP09cz,2021-06-29,13,1,12,18,2538,98,2440,14.2
VeslavM,2021-06-29,1,1,0,22,347,338,9,8.3
Vit_Rakusan,2021-06-29,1,1,0,350,172,152,20,81.9
vojtafilip,2021-06-29,1,1,0,62,57,57,0,4.7
vonpecka,2021-06-29,3,3,0,44,632,459,173,13.5
ZdenekHrib,2021-06-29,10,9,1,1899,653,576,77,131.4
zeleni_cz,2021-06-29,28,26,2,413,442,215,227,5.2
alenaschillerov,2021-06-28,9,8,1,358,1021,906,115,38.9
AndrejBabis,2021-06-28,16,0,16,0,2186,474,1712,87.1
honzabartosek,2021-06-28,1,1,0,5,315,313,2,39.7
Jan_Skopecek,2021-06-28,4,4,0,551,453,404,49,93.7
JanLipavsky,2021-06-28,3,1,2,76,1504,293,1211,43.8
jhamacek,2021-06-28,1,1,0,102,407,305,102,49.8
kalousekm,2021-06-28,29,29,0,15894,1968,1931,37,981.2
KarelHavlicek_,2021-06-28,5,4,1,169,627,431,196,19.3
kducsl,2021-06-28,29,0,29,0,3068,260,2808,9.8
makupka,2021-06-28,1,1,0,227,146,123,23,83.8
market_a,2021-06-28,3,2,1,360,742,610,132,558.6
MJureka,2021-06-28,2,2,0,6130,1112,965,147,211.2
ODScz,2021-06-28,6,3,3,888,2796,808,1988,103.3
P_Fiala,2021-06-28,2,1,1,298,676,430,246,179
PiratIvanBartos,2021-06-28,6,6,0,1967,488,454,34,202.6
PiratskaStrana,2021-06-28,4,0,4,0,1157,467,690,59.1
Pospisil_Jiri,2021-06-28,1,1,0,809,363,312,51,84.7
SpoluKoalice,2021-06-28,20,0,20,0,2760,216,2544,42.8
STANcz,2021-06-28,1,0,1,0,698,199,499,11.1
TomasCzernin,2021-06-28,2,2,0,1622,144,140,4,82.5
TomasZdechovsky,2021-06-28,42,34,8,1446,4841,3628,1213,243.1
tomio_cz,2021-06-28,1,1,0,6,707,707,0,33.4
TOP09cz,2021-06-28,13,0,13,0,2525,97,2428,14.2
VeslavM,2021-06-28,1,1,0,0,346,337,9,8.3
vonpecka,2021-06-28,2,2,0,31,629,456,173,13.4
ZdenekHrib,2021-06-28,2,1,1,287,643,567,76,129.5
zeleni_cz,2021-06-28,1,1,0,16,414,189,225,4.8
alenaschillerov,2021-06-27,5,3,2,489,1012,898,114,38.6
AndrejBabis,2021-06-27,16,6,10,1627,2170,474,1696,87.1
czKSCM,2021-06-27,1,0,1,0,83,20,63,0.2
honzabartosek,2021-06-27,1,0,1,0,314,312,2,39.7
Jan_Skopecek,2021-06-27,2,2,0,369,449,400,49,93.1
jana_cernochova,2021-06-27,1,1,0,90,505,487,18,41.8
JanLipavsky,2021-06-27,3,0,3,0,1501,292,1209,43.7
jhamacek,2021-06-27,3,2,1,496,406,304,102,49.7
kalousekm,2021-06-27,6,6,0,125,1939,1902,37,965.3
KarelHavlicek_,2021-06-27,2,1,1,29,622,427,195,19.1
kducsl,2021-06-27,19,1,18,43,3039,260,2779,9.8
makupka,2021-06-27,1,1,0,69,145,122,23,83.6
market_a,2021-06-27,6,4,2,7585,739,608,131,558.2
MJureka,2021-06-27,3,2,1,4019,1110,963,147,205.1
ODScz,2021-06-27,11,7,4,821,2790,805,1985,102.4
olgarichterova,2021-06-27,1,1,0,283,459,441,18,32.8
P_Fiala,2021-06-27,1,1,0,846,674,429,245,178.7
Pospisil_Jiri,2021-06-27,3,3,0,5003,362,311,51,83.9
RobertSlachta,2021-06-27,1,0,1,0,147,102,45,3.6
SpoluKoalice,2021-06-27,30,1,29,942,2740,216,2524,42.8
STANcz,2021-06-27,4,0,4,0,697,199,498,11.1
TomasZdechovsky,2021-06-27,25,14,11,1643,4799,3594,1205,241.6
tomio_cz,2021-06-27,5,5,0,218,706,706,0,33.4
TOP09cz,2021-06-27,9,0,9,0,2512,97,2415,14.2
VeslavM,2021-06-27,2,2,0,14,345,336,9,8.3
ZdenekHrib,2021-06-27,1,0,1,0,641,566,75,129.2
alenaschillerov,2021-06-26,8,7,1,259,1007,895,112,38.1
AndrejBabis,2021-06-26,8,1,7,528,2154,468,1686,85.5
czKSCM,2021-06-26,1,0,1,0,82,20,62,0.2
general_pavel,2021-06-26,1,1,0,424,141,140,1,94.2
Jan_Skopecek,2021-06-26,2,2,0,1641,447,398,49,92.8
JanLipavsky,2021-06-26,5,0,5,0,1498,292,1206,43.7
jhamacek,2021-06-26,3,1,2,265,403,302,101,49.2
kalousekm,2021-06-26,6,5,1,954,1933,1896,37,965.2
KarelHavlicek_,2021-06-26,2,2,0,91,620,426,194,19.1
kducsl,2021-06-26,19,1,18,371,3020,259,2761,9.8
makupka,2021-06-26,2,1,1,908,144,121,23,83.5
market_a,2021-06-26,5,1,4,2543,733,604,129,550.6
milionchvilek,2021-06-26,2,2,0,118,255,170,85,31
MJureka,2021-06-26,9,9,0,7005,1107,961,146,201.1
ODScz,2021-06-26,8,1,7,33,2779,798,1981,101.6
P_Fiala,2021-06-26,1,1,0,285,673,428,245,177.9
Pospisil_Jiri,2021-06-26,1,1,0,79,359,308,51,78.9
RobertSlachta,2021-06-26,2,0,2,0,146,102,44,3.6
SpoluKoalice,2021-06-26,25,0,25,0,2710,215,2495,41.8
STANcz,2021-06-26,1,0,1,0,693,199,494,11.1
TomasZdechovsky,2021-06-26,33,22,11,582,4774,3580,1194,240
tomio_cz,2021-06-26,4,4,0,118,701,701,0,33.2
TOP09cz,2021-06-26,1,0,1,0,2503,97,2406,14.2
VeslavM,2021-06-26,2,2,0,5,343,334,9,8.3
Vit_Rakusan,2021-06-26,2,1,1,4,171,151,20,81.6
vonpecka,2021-06-26,1,0,1,0,627,454,173,13.4
Zbynek_Stanjura,2021-06-26,1,1,0,673,20,16,4,16.7
ZdenekHrib,2021-06-26,1,0,1,0,640,566,74,129.2
zeleni_cz,2021-06-26,2,2,0,5,413,188,225,4.8
alenaschillerov,2021-06-25,14,9,5,659,999,888,111,37.8
AndrejBabis,2021-06-25,48,3,45,800,2146,467,1679,84.9
general_pavel,2021-06-25,3,3,0,879,140,139,1,93.8
honzabartosek,2021-06-25,3,2,1,15,313,312,1,39.7
jana_cernochova,2021-06-25,2,1,1,161,504,486,18,41.7
JanLipavsky,2021-06-25,11,0,11,0,1493,292,1201,43.7
jhamacek,2021-06-25,5,5,0,1031,400,301,99,48.9
kalousekm,2021-06-25,16,15,1,8729,1927,1891,36,964.2
KarelHavlicek_,2021-06-25,23,16,7,819,618,424,194,19
kducsl,2021-06-25,38,7,31,451,3001,258,2743,9.4
makupka,2021-06-25,1,1,0,503,142,120,22,82.6
market_a,2021-06-25,10,5,5,1804,728,603,125,548.1
MartinBaxa2,2021-06-25,1,1,0,408,113,113,0,37.2
metnarl,2021-06-25,3,1,2,110,82,60,22,4.7
MJureka,2021-06-25,13,11,2,13038,1098,952,146,194.1
ODScz,2021-06-25,18,6,12,507,2771,797,1974,101.6
P_Fiala,2021-06-25,31,4,27,1435,672,427,245,177.6
PiratIvanBartos,2021-06-25,1,1,0,4,482,448,34,200.7
Pospisil_Jiri,2021-06-25,2,2,0,5498,358,307,51,78.8
RobertSlachta,2021-06-25,3,2,1,67,144,102,42,3.6
SpoluKoalice,2021-06-25,25,2,23,924,2685,215,2470,41.8
STANcz,2021-06-25,17,3,14,178,692,199,493,11.1
TomasCzernin,2021-06-25,2,2,0,198,142,138,4,80.9
TomasZdechovsky,2021-06-25,49,28,21,1466,4741,3558,1183,239.4
tomio_cz,2021-06-25,5,5,0,321,697,697,0,33.1
TOP09cz,2021-06-25,26,0,26,0,2502,97,2405,14.2
VeslavM,2021-06-25,4,4,0,612,341,332,9,8.3
volimtrikoloru,2021-06-25,2,1,1,62,137,117,20,4.3
vonpecka,2021-06-25,5,3,2,180,626,454,172,13.4
ZdenekHrib,2021-06-25,1,0,1,0,639,566,73,129.2
zeleni_cz,2021-06-25,1,1,0,56,411,186,225,4.7
alenaschillerov,2021-06-24,6,6,0,726,985,879,106,37.2
AndrejBabis,2021-06-24,40,3,37,762,2098,464,1634,84.1
honzabartosek,2021-06-24,1,1,0,79,310,310,0,39.7
Jan_Skopecek,2021-06-24,1,1,0,71,445,396,49,91.1
jana_cernochova,2021-06-24,5,5,0,142,502,485,17,41.6
JanLipavsky,2021-06-24,6,0,6,0,1482,292,1190,43.7
jhamacek,2021-06-24,9,6,3,2785,395,296,99,47.9
kalousekm,2021-06-24,18,17,1,5387,1911,1876,35,955.5
KarelHavlicek_,2021-06-24,31,21,10,1096,595,408,187,18.2
kducsl,2021-06-24,22,0,22,0,2963,251,2712,8.9
Kuba_Martin,2021-06-24,2,2,0,650,855,855,0,117.1
market_a,2021-06-24,7,3,4,835,718,598,120,546.3
MartinBaxa2,2021-06-24,1,1,0,138,112,112,0,36.8
metnarl,2021-06-24,1,1,0,229,79,59,20,4.6
MJureka,2021-06-24,8,7,1,4348,1085,941,144,181.1
ODScz,2021-06-24,16,2,14,2,2753,791,1962,101
olgarichterova,2021-06-24,3,0,3,0,458,440,18,32.5
P_Fiala,2021-06-24,5,4,1,2449,641,423,218,176.2
PavelSehnal64,2021-06-24,2,2,0,7,55,55,0,0.3
PiratIvanBartos,2021-06-24,6,6,0,1360,481,447,34,200.6
PiratskaStrana,2021-06-24,16,14,2,1058,1153,467,686,59.1
Pospisil_Jiri,2021-06-24,2,2,0,701,356,305,51,73.3
SpoluKoalice,2021-06-24,26,0,26,0,2660,213,2447,40.9
STANcz,2021-06-24,2,1,1,90,675,196,479,11
TomasCzernin,2021-06-24,2,2,0,594,140,136,4,80.7
TomasZdechovsky,2021-06-24,37,27,10,762,4692,3530,1162,237.9
tomio_cz,2021-06-24,1,1,0,191,692,692,0,32.7
TOP09cz,2021-06-24,7,1,6,60,2476,97,2379,14.2
VeslavM,2021-06-24,1,1,0,78,337,328,9,7.6
Vit_Rakusan,2021-06-24,1,1,0,172,169,150,19,81.6
volimtrikoloru,2021-06-24,1,1,0,0,135,116,19,4.3
vonpecka,2021-06-24,2,2,0,52,621,451,170,13.2
ZdenekHrib,2021-06-24,16,13,3,1696,638,566,72,129.2
alenaschillerov,2021-06-23,8,8,0,353,979,873,106,36.4
AndrejBabis,2021-06-23,28,7,21,684,2058,461,1597,83.4
honzabartosek,2021-06-23,1,1,0,34,309,309,0,39.6
Jan_Skopecek,2021-06-23,2,2,0,315,444,395,49,91.1
jana_cernochova,2021-06-23,5,5,0,231,497,480,17,41.4
JanLipavsky,2021-06-23,9,1,8,19,1476,292,1184,43.7
jhamacek,2021-06-23,3,3,0,71,386,290,96,45.1
kalousekm,2021-06-23,3,3,0,109,1893,1859,34,950.1
KarelHavlicek_,2021-06-23,12,11,1,343,564,387,177,17.1
kducsl,2021-06-23,24,5,19,96,2941,251,2690,8.9
Kuba_Martin,2021-06-23,1,1,0,1,853,853,0,116.5
makupka,2021-06-23,1,1,0,141,141,119,22,82.1
market_a,2021-06-23,2,2,0,868,711,595,116,545.4
metnarl,2021-06-23,1,1,0,106,78,58,20,4.4
milionchvilek,2021-06-23,1,0,1,0,253,168,85,30.9
MJureka,2021-06-23,7,7,0,534,1077,934,143,176.7
ODScz,2021-06-23,22,8,14,178,2737,789,1948,101
P_Fiala,2021-06-23,6,6,0,2132,636,419,217,173.7
PiratIvanBartos,2021-06-23,11,11,0,1003,475,441,34,199.3
PiratskaStrana,2021-06-23,1,0,1,0,1137,453,684,58.1
Pospisil_Jiri,2021-06-23,1,1,0,2561,354,303,51,72.6
SpoluKoalice,2021-06-23,34,1,33,191,2634,213,2421,40.9
STANcz,2021-06-23,3,1,2,67,673,195,478,10.9
TomasCzernin,2021-06-23,2,2,0,440,138,134,4,80.1
TomasZdechovsky,2021-06-23,54,44,10,635,4655,3503,1152,237.2
tomio_cz,2021-06-23,2,2,0,81,691,691,0,32.5
TOP09cz,2021-06-23,17,2,15,422,2469,96,2373,14.1
vonpecka,2021-06-23,8,7,1,293,619,449,170,13.2
ZdenekHrib,2021-06-23,4,4,0,198,622,553,69,127.5
zeleni_cz,2021-06-23,3,0,3,0,410,185,225,4.7
alenaschillerov,2021-06-22,8,8,0,350,971,865,106,36.1
AndrejBabis,2021-06-22,22,6,16,300,2030,454,1576,82.7
general_pavel,2021-06-22,1,1,0,318,137,136,1,92.9
Jan_Skopecek,2021-06-22,2,0,2,0,442,393,49,90.8
jana_cernochova,2021-06-22,7,7,0,132,492,475,17,41.2
JanLipavsky,2021-06-22,3,0,3,0,1467,291,1176,43.7
kalousekm,2021-06-22,20,20,0,4698,1890,1856,34,950
KarelHavlicek_,2021-06-22,6,6,0,142,552,376,176,16.8
kducsl,2021-06-22,14,0,14,0,2917,246,2671,8.8
Kuba_Martin,2021-06-22,1,1,0,992,852,852,0,116.5
market_a,2021-06-22,1,1,0,270,709,593,116,544.6
metnarl,2021-06-22,4,1,3,11,77,57,20,4.3
milionchvilek,2021-06-22,4,4,0,120,252,168,84,30.9
MJureka,2021-06-22,3,3,0,56,1070,927,143,176.2
ODScz,2021-06-22,21,16,5,741,2715,781,1934,100.9
olgarichterova,2021-06-22,1,0,1,0,455,440,15,32.5
P_Fiala,2021-06-22,3,2,1,289,630,413,217,171.6
PiratIvanBartos,2021-06-22,3,3,0,798,464,430,34,198.3
PiratskaStrana,2021-06-22,4,1,3,252,1136,453,683,58.1
Pospisil_Jiri,2021-06-22,2,2,0,446,353,302,51,70.1
SpoluKoalice,2021-06-22,18,0,18,0,2600,212,2388,40.7
STANcz,2021-06-22,3,1,2,59,670,194,476,10.8
TomasCzernin,2021-06-22,1,0,1,0,136,132,4,79.7
TomasZdechovsky,2021-06-22,38,34,4,936,4601,3459,1142,236.5
tomio_cz,2021-06-22,3,3,0,148,689,689,0,32.5
TOP09cz,2021-06-22,7,0,7,0,2452,94,2358,13.7
Vit_Rakusan,2021-06-22,1,1,0,197,168,149,19,81.4
vonpecka,2021-06-22,7,3,4,71,611,442,169,12.9
ZdenekHrib,2021-06-22,1,0,1,0,618,549,69,127.3
alenaschillerov,2021-06-21,6,6,0,242,963,857,106,35.7
AndrejBabis,2021-06-21,20,4,16,153,2008,448,1560,82.4
czKSCM,2021-06-21,1,0,1,0,81,20,61,0.2
general_pavel,2021-06-21,1,1,0,168,136,135,1,92.6
honzabartosek,2021-06-21,2,2,0,209,308,308,0,39.5
Jan_Skopecek,2021-06-21,3,2,1,557,440,393,47,90.8
jana_cernochova,2021-06-21,1,1,0,277,485,468,17,41.1
JanLipavsky,2021-06-21,8,0,8,0,1464,291,1173,43.7
jhamacek,2021-06-21,2,2,0,677,383,287,96,45.1
kalousekm,2021-06-21,10,10,0,4640,1870,1836,34,945.3
KarelHavlicek_,2021-06-21,7,7,0,149,546,370,176,16.6
kducsl,2021-06-21,31,1,30,13,2903,246,2657,8.8
Kuba_Martin,2021-06-21,1,1,0,5,851,851,0,115.5
makupka,2021-06-21,1,1,0,264,140,118,22,81.9
market_a,2021-06-21,2,2,0,3382,708,592,116,544.3
metnarl,2021-06-21,1,1,0,34,73,56,17,4.3
milionchvilek,2021-06-21,2,2,0,102,248,164,84,30.8
MJureka,2021-06-21,7,7,0,753,1067,924,143,176.1
ODScz,2021-06-21,13,3,10,132,2694,765,1929,100.1
olgarichterova,2021-06-21,1,1,0,158,454,440,14,32.5
P_Fiala,2021-06-21,3,2,1,559,627,411,216,171.3
PiratIvanBartos,2021-06-21,2,2,0,359,461,427,34,197.5
PiratskaStrana,2021-06-21,2,0,2,0,1132,452,680,57.8
Pospisil_Jiri,2021-06-21,1,0,1,0,351,300,51,69.6
RobertSlachta,2021-06-21,3,3,0,67,141,100,41,3.5
SpoluKoalice,2021-06-21,26,0,26,0,2582,212,2370,40.7
STANcz,2021-06-21,4,0,4,0,667,193,474,10.8
TomasZdechovsky,2021-06-21,36,26,10,881,4563,3425,1138,235.6
tomio_cz,2021-06-21,3,3,0,229,686,686,0,32.3
TOP09cz,2021-06-21,6,0,6,0,2445,94,2351,13.7
vojtafilip,2021-06-21,1,1,0,142,56,56,0,4.6
vonpecka,2021-06-21,2,1,1,9,604,439,165,12.8
ZdenekHrib,2021-06-21,1,1,0,95,617,549,68,127.3
zeleni_cz,2021-06-21,1,0,1,0,407,185,222,4.7
alenaschillerov,2021-06-20,5,3,2,117,957,851,106,35.5
AndrejBabis,2021-06-20,10,3,7,796,1988,444,1544,82.2
honzabartosek,2021-06-20,2,2,0,46,306,306,0,39.3
jana_cernochova,2021-06-20,1,1,0,540,484,467,17,40.8
JanLipavsky,2021-06-20,2,0,2,0,1456,291,1165,43.7
kalousekm,2021-06-20,5,5,0,1420,1860,1826,34,940.6
KarelHavlicek_,2021-06-20,3,1,2,190,539,363,176,16.5
kducsl,2021-06-20,9,1,8,8,2872,245,2627,8.8
Kuba_Martin,2021-06-20,3,3,0,60,850,850,0,115.5
market_a,2021-06-20,1,0,1,0,706,590,116,540.9
milionchvilek,2021-06-20,8,6,2,794,246,162,84,30.6
MJureka,2021-06-20,2,1,1,19,1060,917,143,175.4
ODScz,2021-06-20,12,9,3,1428,2681,762,1919,100
olgarichterova,2021-06-20,4,3,1,84,453,439,14,32.3
P_Fiala,2021-06-20,2,2,0,290,624,409,215,170.7
PiratskaStrana,2021-06-20,2,1,1,61,1130,452,678,57.8
Pospisil_Jiri,2021-06-20,1,1,0,691,350,300,50,69.6
SpoluKoalice,2021-06-20,17,0,17,0,2556,212,2344,40.7
TomasZdechovsky,2021-06-20,49,46,3,1687,4527,3399,1128,234.7
tomio_cz,2021-06-20,4,4,0,151,683,683,0,32.1
TOP09cz,2021-06-20,2,0,2,0,2439,94,2345,13.7
VeslavM,2021-06-20,4,4,0,99,336,327,9,7.6
vonpecka,2021-06-20,1,1,0,3,602,438,164,12.8
zeleni_cz,2021-06-20,1,0,1,0,406,185,221,4.7
alenaschillerov,2021-06-19,2,2,0,60,952,848,104,35.4
AndrejBabis,2021-06-19,10,1,9,168,1978,441,1537,81.4
honzabartosek,2021-06-19,1,1,0,9,304,304,0,39.3
Jan_Skopecek,2021-06-19,2,2,0,390,437,391,46,90.2
jana_cernochova,2021-06-19,5,5,0,324,483,466,17,40.2
JanLipavsky,2021-06-19,3,0,3,0,1454,291,1163,43.7
jhamacek,2021-06-19,1,1,0,171,381,285,96,44.4
kalousekm,2021-06-19,3,3,0,691,1855,1821,34,939.2
KarelHavlicek_,2021-06-19,6,6,0,208,536,362,174,16.3
kducsl,2021-06-19,8,0,8,0,2863,244,2619,8.8
ODScz,2021-06-19,9,0,9,0,2669,753,1916,98.6
P_Fiala,2021-06-19,3,2,1,157,622,407,215,170.4
PiratIvanBartos,2021-06-19,1,1,0,208,459,425,34,197.1
PiratskaStrana,2021-06-19,1,0,1,0,1128,451,677,57.7
SpoluKoalice,2021-06-19,14,0,14,0,2539,212,2327,40.7
TomasZdechovsky,2021-06-19,22,20,2,1004,4478,3353,1125,233
tomio_cz,2021-06-19,5,5,0,389,679,679,0,31.9
TOP09cz,2021-06-19,4,0,4,0,2437,94,2343,13.7
VeslavM,2021-06-19,4,4,0,31,332,323,9,7.5
vonpecka,2021-06-19,3,1,2,27,601,437,164,12.8
alenaschillerov,2021-06-18,7,7,0,150,950,846,104,35.3
AndrejBabis,2021-06-18,26,6,20,808,1968,440,1528,81.3
Jan_Skopecek,2021-06-18,1,1,0,345,435,389,46,89.8
jana_cernochova,2021-06-18,2,2,0,307,478,461,17,39.9
JanLipavsky,2021-06-18,7,0,7,0,1451,291,1160,43.7
kalousekm,2021-06-18,16,16,0,3212,1852,1818,34,938.5
KarelHavlicek_,2021-06-18,6,5,1,165,530,356,174,16.1
kducsl,2021-06-18,20,2,18,62,2855,244,2611,8.8
market_a,2021-06-18,2,2,0,846,705,590,115,540.9
metnarl,2021-06-18,1,1,0,207,72,55,17,4.2
MJureka,2021-06-18,6,4,2,329,1058,916,142,175.3
ODScz,2021-06-18,9,3,6,273,2660,753,1907,98.6
olgarichterova,2021-06-18,2,2,0,79,449,436,13,32.2
P_Fiala,2021-06-18,1,1,0,1911,619,405,214,170.3
PiratIvanBartos,2021-06-18,2,2,0,794,458,424,34,196.9
PiratskaStrana,2021-06-18,7,2,5,136,1127,451,676,57.7
Pospisil_Jiri,2021-06-18,1,1,0,583,349,299,50,68.9
SpoluKoalice,2021-06-18,32,0,32,0,2525,212,2313,40.7
STANcz,2021-06-18,2,0,2,0,663,193,470,10.8
TomasZdechovsky,2021-06-18,7,3,4,252,4456,3333,1123,232
tomio_cz,2021-06-18,7,7,0,205,674,674,0,31.6
TOP09cz,2021-06-18,11,0,11,0,2433,94,2339,13.7
VeslavM,2021-06-18,1,1,0,1,328,319,9,7.4
Vit_Rakusan,2021-06-18,4,4,0,451,167,148,19,81.2
vonpecka,2021-06-18,2,1,1,2,598,436,162,12.8
ZdenekHrib,2021-06-18,4,3,1,540,616,548,68,127.2
alenaschillerov,2021-06-17,7,7,0,266,943,839,104,35.2
AndrejBabis,2021-06-17,12,0,12,0,1942,434,1508,80.5
czKSCM,2021-06-17,1,0,1,0,80,20,60,0.2
general_pavel,2021-06-17,1,1,0,111,135,134,1,92.4
Jan_Skopecek,2021-06-17,2,2,0,909,434,388,46,89.5
jana_cernochova,2021-06-17,4,4,0,6,476,459,17,39.6
JanLipavsky,2021-06-17,12,1,11,95,1444,291,1153,43.7
jhamacek,2021-06-17,2,0,2,0,380,284,96,44.2
kalousekm,2021-06-17,7,7,0,2287,1836,1802,34,935.3
KarelHavlicek_,2021-06-17,8,6,2,188,524,351,173,15.9
kducsl,2021-06-17,16,1,15,24,2835,242,2593,8.8
market_a,2021-06-17,6,4,2,626,703,588,115,540.1
milionchvilek,2021-06-17,1,1,0,148,238,156,82,29.9
MJureka,2021-06-17,2,2,0,213,1052,912,140,175
ODScz,2021-06-17,15,4,11,307,2651,750,1901,98.3
P_Fiala,2021-06-17,7,7,0,826,618,404,214,168.4
PiratIvanBartos,2021-06-17,3,2,1,168,456,422,34,196.1
PiratskaStrana,2021-06-17,6,2,4,279,1120,449,671,57.6
Pospisil_Jiri,2021-06-17,1,1,0,134,348,298,50,68.3
SpoluKoalice,2021-06-17,24,1,23,393,2493,212,2281,40.7
STANcz,2021-06-17,10,2,8,101,661,193,468,10.8
TomasZdechovsky,2021-06-17,24,17,7,674,4449,3330,1119,231.8
tomio_cz,2021-06-17,1,1,0,153,667,667,0,31.3
TOP09cz,2021-06-17,18,0,18,0,2422,94,2328,13.7
VeslavM,2021-06-17,7,7,0,252,327,318,9,7.4
volimtrikoloru,2021-06-17,3,2,1,65,134,115,19,4.3
vonpecka,2021-06-17,2,1,1,1,596,435,161,12.8
ZdenekHrib,2021-06-17,3,3,0,245,612,545,67,126.7
zeleni_cz,2021-06-17,2,1,1,23,405,185,220,4.7
alenaschillerov,2021-06-16,8,7,1,247,936,832,104,34.9
AndrejBabis,2021-06-16,12,3,9,360,1930,434,1496,80.5
general_pavel,2021-06-16,1,1,0,166,134,133,1,92.3
honzabartosek,2021-06-16,4,4,0,473,303,303,0,39.3
Jan_Skopecek,2021-06-16,3,3,0,756,432,386,46,88.6
jana_cernochova,2021-06-16,1,1,0,0,472,455,17,39.6
JanLipavsky,2021-06-16,13,4,9,462,1432,290,1142,43.6
jhamacek,2021-06-16,1,0,1,0,378,284,94,44.2
kalousekm,2021-06-16,4,4,0,1841,1829,1795,34,933
KarelHavlicek_,2021-06-16,6,4,2,170,516,345,171,15.7
kducsl,2021-06-16,22,3,19,150,2819,241,2578,8.7
makupka,2021-06-16,2,2,0,368,139,117,22,81.7
market_a,2021-06-16,6,5,1,1738,697,584,113,539.4
MartinBaxa2,2021-06-16,1,1,0,274,111,111,0,36.7
metnarl,2021-06-16,1,0,1,0,71,54,17,4
MJureka,2021-06-16,6,6,0,775,1050,910,140,174.8
ODScz,2021-06-16,18,8,10,401,2636,746,1890,98
P_Fiala,2021-06-16,1,1,0,957,611,397,214,167.5
PiratIvanBartos,2021-06-16,8,8,0,1530,453,420,33,196
PiratskaStrana,2021-06-16,10,2,8,368,1114,447,667,57.3
Pospisil_Jiri,2021-06-16,2,1,1,97,347,297,50,68.2
RobertSlachta,2021-06-16,2,1,1,16,138,97,41,3.4
SpoluKoalice,2021-06-16,25,1,24,24,2469,211,2258,40.3
STANcz,2021-06-16,3,0,3,0,651,191,460,10.7
TomasZdechovsky,2021-06-16,38,24,14,2022,4425,3313,1112,231.1
tomio_cz,2021-06-16,1,1,0,91,666,666,0,31.2
TOP09cz,2021-06-16,11,2,9,269,2404,94,2310,13.7
Vit_Rakusan,2021-06-16,4,4,0,211,163,144,19,80.8
volimtrikoloru,2021-06-16,1,1,0,18,131,113,18,4.2
vonpecka,2021-06-16,1,1,0,22,594,434,160,12.8
zeleni_cz,2021-06-16,4,3,1,111,403,184,219,4.7
alenaschillerov,2021-06-15,5,5,0,230,928,825,103,34.6
AndrejBabis,2021-06-15,13,0,13,0,1918,431,1487,80.1
honzabartosek,2021-06-15,1,1,0,0,299,299,0,38.8
Jan_Skopecek,2021-06-15,1,1,0,236,429,383,46,87.8
jana_cernochova,2021-06-15,7,7,0,15,471,454,17,39.6
JanLipavsky,2021-06-15,11,0,11,0,1419,286,1133,43.2
kalousekm,2021-06-15,21,21,0,5634,1825,1791,34,931.2
KarelHavlicek_,2021-06-15,5,4,1,201,510,341,169,15.5
kducsl,2021-06-15,22,3,19,77,2797,238,2559,8.6
makupka,2021-06-15,1,1,0,1347,137,115,22,81.3
market_a,2021-06-15,4,4,0,783,691,579,112,537.7
MJureka,2021-06-15,7,7,0,273,1044,904,140,174
ODScz,2021-06-15,16,12,4,675,2618,738,1880,97.6
P_Fiala,2021-06-15,1,1,0,628,610,396,214,166.6
PiratIvanBartos,2021-06-15,6,6,0,591,445,412,33,194.4
PiratskaStrana,2021-06-15,13,3,10,460,1104,445,659,57
Pospisil_Jiri,2021-06-15,1,1,0,251,345,296,49,68.1
SpoluKoalice,2021-06-15,44,2,42,718,2444,210,2234,40.3
STANcz,2021-06-15,10,3,7,189,648,191,457,10.7
TomasCzernin,2021-06-15,1,1,0,400,135,132,3,79.7
TomasZdechovsky,2021-06-15,45,39,6,1108,4387,3289,1098,229.1
tomio_cz,2021-06-15,3,3,0,88,665,665,0,31.1
TOP09cz,2021-06-15,15,1,14,34,2393,92,2301,13.4
VeslavM,2021-06-15,1,1,0,0,320,311,9,7.2
Vit_Rakusan,2021-06-15,5,5,0,753,159,140,19,80.6
volimtrikoloru,2021-06-15,1,0,1,0,130,112,18,4.2
vonpecka,2021-06-15,5,5,0,104,593,433,160,12.7
ZdenekHrib,2021-06-15,5,5,0,3926,609,542,67,126.4
zeleni_cz,2021-06-15,2,1,1,15,399,181,218,4.6
alenaschillerov,2021-06-14,7,7,0,268,923,820,103,34.4
AndrejBabis,2021-06-14,19,1,18,248,1905,431,1474,80.1
general_pavel,2021-06-14,2,2,0,688,133,132,1,92.2
honzabartosek,2021-06-14,1,1,0,84,298,298,0,38.8
Jan_Skopecek,2021-06-14,2,2,0,295,428,382,46,87.6
jana_cernochova,2021-06-14,6,6,0,316,464,447,17,39.6
kalousekm,2021-06-14,3,3,0,1483,1804,1770,34,925.6
KarelHavlicek_,2021-06-14,2,2,0,78,505,337,168,15.3
kducsl,2021-06-14,20,2,18,159,2775,235,2540,8.5
market_a,2021-06-14,6,6,0,1277,687,575,112,536.9
metnarl,2021-06-14,3,2,1,60,70,54,16,4
milionchvilek,2021-06-14,2,2,0,271,237,155,82,29.7
MJureka,2021-06-14,2,2,0,238,1037,897,140,173.8
ODScz,2021-06-14,23,12,11,538,2602,726,1876,96.9
olgarichterova,2021-06-14,1,1,0,58,447,434,13,32.2
P_Fiala,2021-06-14,9,8,1,2431,609,395,214,166
PiratIvanBartos,2021-06-14,5,5,0,630,439,406,33,193.8
PiratskaStrana,2021-06-14,4,1,3,127,1091,442,649,56.5
Pospisil_Jiri,2021-06-14,1,1,0,69,344,295,49,67.9
SpoluKoalice,2021-06-14,22,0,22,0,2400,208,2192,39.6
STANcz,2021-06-14,3,1,2,123,638,188,450,10.5
TomasCzernin,2021-06-14,2,2,0,498,134,131,3,79.3
TomasZdechovsky,2021-06-14,43,40,3,1573,4342,3250,1092,228
tomio_cz,2021-06-14,2,2,0,20,662,662,0,31
TOP09cz,2021-06-14,11,0,11,0,2378,91,2287,13.4
Vit_Rakusan,2021-06-14,2,2,0,410,154,135,19,79.8
volimtrikoloru,2021-06-14,1,1,0,81,129,112,17,4.2
vonpecka,2021-06-14,1,1,0,25,588,428,160,12.6
zeleni_cz,2021-06-14,1,1,0,18,397,180,217,4.5
alenaschillerov,2021-06-13,2,2,0,78,916,813,103,34.1
AndrejBabis,2021-06-13,5,4,1,586,1886,430,1456,79.9
Jan_Skopecek,2021-06-13,4,1,3,90,426,380,46,87.3
JanLipavsky,2021-06-13,2,1,1,261,1408,286,1122,43.2
kalousekm,2021-06-13,10,10,0,3857,1801,1767,34,924.1
KarelHavlicek_,2021-06-13,1,0,1,0,503,335,168,15.3
kducsl,2021-06-13,9,0,9,0,2755,233,2522,8.4
market_a,2021-06-13,4,4,0,1344,681,569,112,535.6
MartinBaxa2,2021-06-13,1,1,0,170,110,110,0,36.4
MJureka,2021-06-13,2,2,0,143,1035,895,140,173.5
ODScz,2021-06-13,3,0,3,0,2579,714,1865,96.4
olgarichterova,2021-06-13,1,0,1,0,446,433,13,32.1
P_Fiala,2021-06-13,1,1,0,161,600,387,213,163.5
PiratIvanBartos,2021-06-13,2,2,0,1332,434,401,33,193.2
PiratskaStrana,2021-06-13,4,1,3,710,1087,441,646,56.4
Pospisil_Jiri,2021-06-13,1,0,1,0,343,294,49,67.8
RobertSlachta,2021-06-13,2,2,0,58,136,96,40,3.4
SpoluKoalice,2021-06-13,18,0,18,0,2378,208,2170,39.6
STANcz,2021-06-13,1,1,0,34,635,187,448,10.3
TomasZdechovsky,2021-06-13,13,9,4,904,4299,3210,1089,226.4
tomio_cz,2021-06-13,2,2,0,78,660,660,0,31
TOP09cz,2021-06-13,15,1,14,327,2367,91,2276,13.4
vonpecka,2021-06-13,2,2,0,8,587,427,160,12.6
ZdenekHrib,2021-06-13,1,0,1,0,604,537,67,122.5
zeleni_cz,2021-06-13,1,0,1,0,396,179,217,4.5
alenaschillerov,2021-06-12,4,3,1,177,914,811,103,34.1
AndrejBabis,2021-06-12,6,3,3,984,1881,426,1455,79.3
honzabartosek,2021-06-12,1,1,0,51,297,297,0,38.7
Jan_Skopecek,2021-06-12,3,3,0,259,422,379,43,87.2
JanLipavsky,2021-06-12,2,0,2,0,1406,285,1121,42.9
jhamacek,2021-06-12,1,1,0,97,377,284,93,44.2
kalousekm,2021-06-12,2,2,0,1588,1791,1757,34,920.2
KarelHavlicek_,2021-06-12,6,5,1,163,502,335,167,15.3
Kuba_Martin,2021-06-12,2,2,0,1,847,847,0,115.4
market_a,2021-06-12,2,2,0,735,677,565,112,534.3
MJureka,2021-06-12,3,3,0,580,1033,893,140,173.4
ODScz,2021-06-12,7,0,7,0,2576,714,1862,96.4
P_Fiala,2021-06-12,4,3,1,845,599,386,213,163.4
PiratIvanBartos,2021-06-12,2,1,1,418,432,399,33,191.9
PiratskaStrana,2021-06-12,5,3,2,2728,1083,440,643,55.7
RobertSlachta,2021-06-12,1,0,1,0,134,94,40,3.3
SpoluKoalice,2021-06-12,6,0,6,0,2360,208,2152,39.6
STANcz,2021-06-12,2,0,2,0,634,186,448,10.3
TomasCzernin,2021-06-12,1,1,0,83,132,129,3,78.8
TomasZdechovsky,2021-06-12,18,16,2,935,4286,3201,1085,225.5
tomio_cz,2021-06-12,5,5,0,290,658,658,0,30.9
TOP09cz,2021-06-12,7,0,7,0,2352,90,2262,13.1
volimtrikoloru,2021-06-12,1,0,1,0,128,111,17,4.1
vonpecka,2021-06-12,4,3,1,35,585,425,160,12.6
zeleni_cz,2021-06-12,1,0,1,0,395,179,216,4.5
alenaschillerov,2021-06-11,5,4,1,156,910,808,102,33.9
AndrejBabis,2021-06-11,16,5,11,1097,1875,423,1452,78.3
general_pavel,2021-06-11,1,1,0,141,131,130,1,91.5
honzabartosek,2021-06-11,1,1,0,38,296,296,0,38.7
Jan_Skopecek,2021-06-11,3,2,1,462,419,376,43,86.9
JanLipavsky,2021-06-11,5,0,5,0,1404,285,1119,42.9
kalousekm,2021-06-11,4,4,0,826,1789,1755,34,918.6
KarelHavlicek_,2021-06-11,3,3,0,122,496,330,166,15.1
kducsl,2021-06-11,16,0,16,0,2746,233,2513,8.4
Kuba_Martin,2021-06-11,6,6,0,1714,845,845,0,115.4
makupka,2021-06-11,1,1,0,1176,136,114,22,80
market_a,2021-06-11,14,12,2,1847,675,563,112,533.6
MJureka,2021-06-11,14,14,0,1367,1030,890,140,172.8
ODScz,2021-06-11,13,4,9,34,2569,714,1855,96.4
olgarichterova,2021-06-11,2,2,0,358,445,433,12,32.1
P_Fiala,2021-06-11,5,4,1,2123,595,383,212,162.5
PavelSehnal64,2021-06-11,1,1,0,4,53,53,0,0.3
PiratIvanBartos,2021-06-11,3,2,1,417,430,398,32,191.5
PiratskaStrana,2021-06-11,12,7,5,936,1078,437,641,52.9
Pospisil_Jiri,2021-06-11,2,2,0,443,342,294,48,67.8
RobertSlachta,2021-06-11,1,0,1,0,133,94,39,3.3
SpoluKoalice,2021-06-11,11,5,6,545,2354,208,2146,39.6
STANcz,2021-06-11,8,3,5,56,632,186,446,10.3
TomasZdechovsky,2021-06-11,30,24,6,2568,4268,3185,1083,224.6
TOP09cz,2021-06-11,20,0,20,0,2345,90,2255,13.1
Vit_Rakusan,2021-06-11,2,1,1,68,152,133,19,79.4
vonpecka,2021-06-11,7,4,3,135,581,422,159,12.6
ZdenekHrib,2021-06-11,2,2,0,173,603,537,66,122.5
alenaschillerov,2021-06-10,10,8,2,327,905,804,101,33.7
AndrejBabis,2021-06-10,27,9,18,824,1859,418,1441,77.2
czKSCM,2021-06-10,1,0,1,0,79,20,59,0.2
general_pavel,2021-06-10,2,2,0,428,130,129,1,91.3
honzabartosek,2021-06-10,2,2,0,99,295,295,0,38.6
Jan_Skopecek,2021-06-10,2,2,0,1092,416,374,42,86.5
jana_cernochova,2021-06-10,1,1,0,564,458,441,17,39.3
JanLipavsky,2021-06-10,9,4,5,682,1399,285,1114,42.9
jhamacek,2021-06-10,2,1,1,118,376,283,93,44.1
kalousekm,2021-06-10,4,4,0,3596,1785,1751,34,917.8
KarelHavlicek_,2021-06-10,8,5,3,245,493,327,166,15
kducsl,2021-06-10,23,2,21,95,2730,233,2497,8.4
market_a,2021-06-10,5,4,1,3366,661,551,110,531.7
MartinBaxa2,2021-06-10,1,1,0,5,109,109,0,36.2
metnarl,2021-06-10,2,2,0,26,67,52,15,4
MJureka,2021-06-10,11,9,2,1004,1016,876,140,171.4
ODScz,2021-06-10,18,6,12,702,2556,710,1846,96.3
olgarichterova,2021-06-10,6,5,1,163,443,431,12,31.8
P_Fiala,2021-06-10,10,4,6,1267,590,379,211,160.4
PavelSehnal64,2021-06-10,1,1,0,3,52,52,0,0.3
PiratIvanBartos,2021-06-10,5,5,0,2307,427,396,31,191
PiratskaStrana,2021-06-10,22,13,9,917,1066,430,636,52
Pospisil_Jiri,2021-06-10,2,2,0,522,340,292,48,67.3
SpoluKoalice,2021-06-10,40,0,40,0,2343,203,2140,39.1
STANcz,2021-06-10,15,2,13,83,624,183,441,10.2
TomasCzernin,2021-06-10,1,1,0,480,131,128,3,78.7
TomasZdechovsky,2021-06-10,39,29,10,2967,4238,3161,1077,222
tomio_cz,2021-06-10,1,1,0,16,653,653,0,30.6
TOP09cz,2021-06-10,8,0,8,0,2325,90,2235,13.1
VeslavM,2021-06-10,2,2,0,61,319,310,9,7.2
Vit_Rakusan,2021-06-10,4,4,0,477,150,132,18,79.3
vojtafilip,2021-06-10,1,1,0,94,55,55,0,4.5
vonpecka,2021-06-10,10,3,7,618,574,418,156,12.4
ZdenekHrib,2021-06-10,2,2,0,482,601,535,66,122.3
zeleni_cz,2021-06-10,1,0,1,0,394,179,215,4.5
alenaschillerov,2021-06-09,7,7,0,345,895,796,99,33.4
AndrejBabis,2021-06-09,20,7,13,1080,1832,409,1423,76.4
czKSCM,2021-06-09,2,0,2,0,78,20,58,0.2
general_pavel,2021-06-09,1,1,0,142,128,127,1,90.9
honzabartosek,2021-06-09,1,1,0,134,293,293,0,38.5
Jan_Skopecek,2021-06-09,3,1,2,177,414,372,42,85.4
jana_cernochova,2021-06-09,3,3,0,54,457,440,17,38.7
JanLipavsky,2021-06-09,8,0,8,0,1390,281,1109,42.2
jhamacek,2021-06-09,1,1,0,351,374,282,92,44
kalousekm,2021-06-09,7,7,0,2585,1781,1747,34,914.2
KarelHavlicek_,2021-06-09,1,0,1,0,485,322,163,14.7
kducsl,2021-06-09,17,2,15,29,2707,231,2476,8.3
Kuba_Martin,2021-06-09,1,1,0,167,839,839,0,113.7
makupka,2021-06-09,1,1,0,190,135,113,22,78.8
market_a,2021-06-09,5,5,0,2619,656,547,109,528.4
MartinBaxa2,2021-06-09,2,2,0,40,108,108,0,36.2
metnarl,2021-06-09,1,0,1,0,65,50,15,3.9
milionchvilek,2021-06-09,1,1,0,127,235,153,82,29.4
MJureka,2021-06-09,7,4,3,582,1005,867,138,170.4
ODScz,2021-06-09,28,14,14,780,2538,704,1834,95.6
olgarichterova,2021-06-09,13,13,0,405,437,426,11,31.6
P_Fiala,2021-06-09,1,0,1,0,580,375,205,159.1
PavelSehnal64,2021-06-09,3,3,0,4,51,51,0,0.3
PiratIvanBartos,2021-06-09,7,7,0,1545,422,391,31,188.7
PiratskaStrana,2021-06-09,9,3,6,167,1044,417,627,51.1
Pospisil_Jiri,2021-06-09,2,2,0,372,338,290,48,66.8
SpoluKoalice,2021-06-09,9,2,7,447,2303,203,2100,39.1
STANcz,2021-06-09,5,1,4,27,609,181,428,10.2
TomasCzernin,2021-06-09,3,3,0,821,130,127,3,78.2
TomasZdechovsky,2021-06-09,32,24,8,3536,4199,3132,1067,219
tomio_cz,2021-06-09,3,3,0,39,652,652,0,30.6
TOP09cz,2021-06-09,18,1,17,51,2317,90,2227,13.1
VeslavM,2021-06-09,1,1,0,15,317,308,9,7.1
vojtafilip,2021-06-09,2,2,0,148,54,54,0,4.4
volimtrikoloru,2021-06-09,1,1,0,117,127,111,16,4.1
vonpecka,2021-06-09,5,2,3,14,564,415,149,11.8
ZdenekHrib,2021-06-09,8,8,0,1969,599,533,66,121.8
zeleni_cz,2021-06-09,1,1,0,37,393,179,214,4.5
alenaschillerov,2021-06-08,7,7,0,116,888,789,99,33.1
AndrejBabis,2021-06-08,15,2,13,500,1812,402,1410,75.3
czKSCM,2021-06-08,1,0,1,0,76,20,56,0.2
general_pavel,2021-06-08,1,1,0,79,127,126,1,90.8
honzabartosek,2021-06-08,2,2,0,276,292,292,0,38.4
Jan_Skopecek,2021-06-08,5,4,1,541,411,371,40,85.2
JanLipavsky,2021-06-08,4,1,3,111,1382,281,1101,42.2
jhamacek,2021-06-08,5,5,0,283,373,281,92,43.6
kalousekm,2021-06-08,4,4,0,2968,1774,1740,34,911.6
KarelHavlicek_,2021-06-08,8,5,3,198,484,322,162,14.7
kducsl,2021-06-08,10,0,10,0,2690,229,2461,8.2
Kuba_Martin,2021-06-08,1,1,0,191,838,838,0,113.5
makupka,2021-06-08,1,1,0,229,134,112,22,78.6
market_a,2021-06-08,6,6,0,4260,651,542,109,525.7
MartinBaxa2,2021-06-08,1,1,0,66,106,106,0,36.2
milionchvilek,2021-06-08,4,3,1,283,234,152,82,29.3
MJureka,2021-06-08,2,2,0,2,998,863,135,169.8
ODScz,2021-06-08,25,14,11,1073,2510,690,1820,94.9
olgarichterova,2021-06-08,2,2,0,277,424,413,11,31.2
P_Fiala,2021-06-08,6,5,1,835,579,375,204,159.1
PiratIvanBartos,2021-06-08,8,8,0,2684,415,384,31,187.2
PiratskaStrana,2021-06-08,11,5,6,1290,1035,414,621,50.9
Pospisil_Jiri,2021-06-08,1,1,0,494,336,288,48,66.4
RobertSlachta,2021-06-08,2,0,2,0,132,94,38,3.3
SpoluKoalice,2021-06-08,30,1,29,130,2294,201,2093,38.6
STANcz,2021-06-08,4,1,3,131,604,180,424,10.1
TomasZdechovsky,2021-06-08,56,41,15,1557,4167,3108,1059,215.5
tomio_cz,2021-06-08,1,1,0,154,649,649,0,30.6
TOP09cz,2021-06-08,13,0,13,0,2299,89,2210,13
Vit_Rakusan,2021-06-08,2,2,0,555,146,128,18,78.8
volimtrikoloru,2021-06-08,1,0,1,0,126,110,16,4
vonpecka,2021-06-08,6,5,1,107,559,413,146,11.8
ZdenekHrib,2021-06-08,2,0,2,0,591,525,66,119.9
zeleni_cz,2021-06-08,1,0,1,0,392,178,214,4.5
alenaschillerov,2021-06-07,8,7,1,324,881,782,99,32.9
AndrejBabis,2021-06-07,23,2,21,163,1797,400,1397,74.8
honzabartosek,2021-06-07,2,2,0,4,290,290,0,38.1
Jan_Skopecek,2021-06-07,4,4,0,893,406,367,39,84.6
JanLipavsky,2021-06-07,1,1,0,246,1378,280,1098,42.1
jhamacek,2021-06-07,3,2,1,243,368,276,92,43.4
kalousekm,2021-06-07,4,4,0,1362,1770,1736,34,908.7
KarelHavlicek_,2021-06-07,4,3,1,175,476,317,159,14.5
kducsl,2021-06-07,7,0,7,0,2680,229,2451,8.2
Kuba_Martin,2021-06-07,4,4,0,14,837,837,0,113.3
makupka,2021-06-07,1,1,0,340,133,111,22,78.4
market_a,2021-06-07,3,3,0,2025,645,536,109,521.5
MJureka,2021-06-07,3,3,0,383,996,861,135,169.8
ODScz,2021-06-07,15,2,13,106,2485,676,1809,93.8
olgarichterova,2021-06-07,2,2,0,262,422,411,11,30.9
P_Fiala,2021-06-07,3,2,1,831,573,370,203,158.3
PavelSehnal64,2021-06-07,1,1,0,1,48,48,0,0.3
PiratIvanBartos,2021-06-07,2,2,0,485,407,376,31,184.5
PiratskaStrana,2021-06-07,6,0,6,0,1024,409,615,49.6
Pospisil_Jiri,2021-06-07,4,3,1,173,335,287,48,66
RobertSlachta,2021-06-07,1,0,1,0,130,94,36,3.3
SpoluKoalice,2021-06-07,16,1,15,126,2264,200,2064,38.5
STANcz,2021-06-07,1,1,0,33,600,179,421,10
TomasZdechovsky,2021-06-07,32,25,7,1130,4111,3067,1044,213.9
tomio_cz,2021-06-07,3,3,0,141,648,648,0,30.4
TOP09cz,2021-06-07,14,0,14,0,2286,89,2197,13
volimtrikoloru,2021-06-07,1,1,0,25,125,110,15,4
vonpecka,2021-06-07,3,2,1,109,553,408,145,11.7
ZdenekHrib,2021-06-07,3,2,1,380,589,525,64,119.9
alenaschillerov,2021-06-06,4,3,1,961,873,775,98,32.6
AndrejBabis,2021-06-06,3,2,1,438,1774,398,1376,74.6
czKSCM,2021-06-06,1,0,1,0,75,20,55,0.2
Jan_Skopecek,2021-06-06,3,3,0,719,402,363,39,83.7
jana_cernochova,2021-06-06,2,2,0,344,454,437,17,38.7
JanLipavsky,2021-06-06,5,1,4,48,1377,279,1098,41.9
kalousekm,2021-06-06,2,2,0,2477,1766,1732,34,907.3
KarelHavlicek_,2021-06-06,1,0,1,0,472,314,158,14.4
kducsl,2021-06-06,7,0,7,0,2673,229,2444,8.2
MJureka,2021-06-06,8,8,0,577,993,858,135,169.5
ODScz,2021-06-06,16,6,10,879,2470,674,1796,93.7
olgarichterova,2021-06-06,1,0,1,0,420,409,11,30.6
P_Fiala,2021-06-06,5,0,5,0,570,368,202,157.5
PiratskaStrana,2021-06-06,1,1,0,39,1018,409,609,49.6
Pospisil_Jiri,2021-06-06,2,1,1,93,331,284,47,65.8
RobertSlachta,2021-06-06,4,3,1,349,129,94,35,3.3
SpoluKoalice,2021-06-06,17,0,17,0,2248,199,2049,38.3
STANcz,2021-06-06,5,1,4,52,599,178,421,10
TomasCzernin,2021-06-06,1,1,0,347,127,124,3,77.4
TomasZdechovsky,2021-06-06,28,20,8,907,4079,3042,1037,212.8
tomio_cz,2021-06-06,4,4,0,248,645,645,0,30.3
TOP09cz,2021-06-06,7,0,7,0,2272,89,2183,13
Vit_Rakusan,2021-06-06,1,1,0,1826,144,126,18,78.3
volimtrikoloru,2021-06-06,11,10,1,30,124,109,15,4
ZdenekHrib,2021-06-06,5,5,0,643,586,523,63,119.5
zeleni_cz,2021-06-06,1,1,0,13,391,178,213,4.5
alenaschillerov,2021-06-05,1,1,0,70,869,772,97,31.7
AndrejBabis,2021-06-05,2,1,1,225,1771,396,1375,74.2
Jan_Skopecek,2021-06-05,1,1,0,231,399,360,39,83
JanLipavsky,2021-06-05,3,0,3,0,1372,278,1094,41.8
kalousekm,2021-06-05,1,1,0,499,1764,1730,34,904.8
kducsl,2021-06-05,5,0,5,0,2666,229,2437,8.2
milionchvilek,2021-06-05,1,0,1,0,230,149,81,29
MJureka,2021-06-05,5,5,0,257,985,850,135,168.9
ODScz,2021-06-05,5,2,3,387,2454,668,1786,92.8
olgarichterova,2021-06-05,1,1,0,338,419,409,10,30.6
P_Fiala,2021-06-05,1,0,1,0,565,368,197,157.5
PiratskaStrana,2021-06-05,1,0,1,0,1017,408,609,49.6
SpoluKoalice,2021-06-05,19,0,19,0,2231,199,2032,38.3
TomasZdechovsky,2021-06-05,27,22,5,658,4051,3022,1029,211.9
tomio_cz,2021-06-05,4,4,0,290,641,641,0,30
VeslavM,2021-06-05,1,1,0,10,316,307,9,7.1
vonpecka,2021-06-05,1,0,1,0,550,406,144,11.6
alenaschillerov,2021-06-04,5,4,1,239,868,771,97,31.6
AndrejBabis,2021-06-04,20,5,15,949,1769,395,1374,74
Jan_Skopecek,2021-06-04,3,3,0,461,398,359,39,82.8
JanLipavsky,2021-06-04,5,1,4,289,1369,278,1091,41.8
kalousekm,2021-06-04,4,4,0,5360,1763,1729,34,904.3
KarelHavlicek_,2021-06-04,4,1,3,37,471,314,157,14.4
kducsl,2021-06-04,10,0,10,0,2661,229,2432,8.2
makupka,2021-06-04,1,1,0,117,132,110,22,78
market_a,2021-06-04,3,3,0,1156,642,533,109,519.5
MJureka,2021-06-04,5,4,1,461,980,845,135,168.6
ODScz,2021-06-04,18,5,13,597,2449,666,1783,92.4
olgarichterova,2021-06-04,1,0,1,0,418,408,10,30.3
P_Fiala,2021-06-04,8,8,0,1877,564,368,196,157.5
PiratIvanBartos,2021-06-04,2,2,0,1411,405,374,31,184
PiratskaStrana,2021-06-04,5,4,1,1733,1016,408,608,49.6
Pospisil_Jiri,2021-06-04,1,1,0,71,329,283,46,65.7
RobertSlachta,2021-06-04,1,0,1,0,125,91,34,3
SpoluKoalice,2021-06-04,21,3,18,925,2212,199,2013,38.3
TomasCzernin,2021-06-04,1,1,0,245,126,123,3,77
TomasZdechovsky,2021-06-04,31,26,5,1657,4024,3000,1024,211.2
tomio_cz,2021-06-04,2,2,0,128,637,637,0,29.7
TOP09cz,2021-06-04,15,1,14,417,2265,89,2176,13
vonpecka,2021-06-04,9,7,2,95,549,406,143,11.6
zeleni_cz,2021-06-04,1,0,1,0,390,177,213,4.5
alenaschillerov,2021-06-03,19,19,0,930,863,767,96,31.4
AndrejBabis,2021-06-03,24,7,17,2105,1749,390,1359,73
general_pavel,2021-06-03,1,1,0,670,126,125,1,90.7
honzabartosek,2021-06-03,1,1,0,53,288,288,0,38.1
Jan_Skopecek,2021-06-03,5,4,1,787,395,356,39,82.3
jana_cernochova,2021-06-03,1,1,0,103,452,435,17,38.3
JanLipavsky,2021-06-03,14,6,8,592,1364,277,1087,41.5
kalousekm,2021-06-03,11,11,0,11143,1759,1725,34,899
KarelHavlicek_,2021-06-03,2,1,1,48,467,313,154,14.3
kducsl,2021-06-03,29,7,22,373,2651,229,2422,8.2
makupka,2021-06-03,2,1,1,239,131,109,22,77.9
market_a,2021-06-03,10,7,3,6877,639,530,109,518.3
MartinBaxa2,2021-06-03,1,1,0,143,105,105,0,36.1
milionchvilek,2021-06-03,1,0,1,0,229,149,80,29
MJureka,2021-06-03,18,17,1,3940,975,841,134,168.2
ODScz,2021-06-03,49,21,28,2015,2431,661,1770,91.8
olgarichterova,2021-06-03,3,3,0,936,417,408,9,30.3
P_Fiala,2021-06-03,22,14,8,2247,556,360,196,155.6
PiratIvanBartos,2021-06-03,4,2,2,1049,403,372,31,182.6
PiratskaStrana,2021-06-03,26,17,9,4276,1011,404,607,47.9
Pospisil_Jiri,2021-06-03,2,2,0,175,328,282,46,65.6
RobertSlachta,2021-06-03,1,1,0,4,124,91,33,3
SpoluKoalice,2021-06-03,39,3,36,349,2191,196,1995,37.4
STANcz,2021-06-03,6,0,6,0,594,177,417,9.9
TomasCzernin,2021-06-03,2,2,0,669,125,122,3,76.8
TomasZdechovsky,2021-06-03,46,36,10,2122,3993,2974,1019,209.6
tomio_cz,2021-06-03,5,5,0,148,635,635,0,29.6
TOP09cz,2021-06-03,25,3,22,338,2250,88,2162,12.6
Vit_Rakusan,2021-06-03,2,2,0,2599,143,125,18,76.5
volimtrikoloru,2021-06-03,2,2,0,17,113,99,14,3.9
vonpecka,2021-06-03,2,2,0,5,540,399,141,11.5
Zbynek_Stanjura,2021-06-03,1,1,0,911,19,15,4,16.1
ZdenekHrib,2021-06-03,6,6,0,1423,581,518,63,118.8
alenaschillerov,2021-06-02,9,9,0,196,844,748,96,30.4
AndrejBabis,2021-06-02,18,0,18,0,1725,383,1342,70.9
general_pavel,2021-06-02,1,1,0,217,125,124,1,90
honzabartosek,2021-06-02,1,1,0,14,287,287,0,38.1
Jan_Skopecek,2021-06-02,4,3,1,168,390,352,38,81.6
jana_cernochova,2021-06-02,1,1,0,472,451,434,17,38.2
JanLipavsky,2021-06-02,6,0,6,0,1350,271,1079,40.9
jhamacek,2021-06-02,1,0,1,0,365,274,91,43.1
kalousekm,2021-06-02,11,11,0,6132,1748,1714,34,887.8
KarelHavlicek_,2021-06-02,8,8,0,230,465,312,153,14.3
kducsl,2021-06-02,14,0,14,0,2622,222,2400,7.9
Kuba_Martin,2021-06-02,1,1,0,72,833,833,0,113.3
makupka,2021-06-02,1,1,0,248,129,108,21,77.7
market_a,2021-06-02,8,8,0,3208,629,523,106,511.4
milionchvilek,2021-06-02,3,2,1,388,228,149,79,29
MJureka,2021-06-02,4,3,1,71,957,824,133,164.2
ODScz,2021-06-02,30,8,22,428,2382,640,1742,89.8
olgarichterova,2021-06-02,2,2,0,9,414,405,9,29.4
P_Fiala,2021-06-02,11,9,2,692,534,346,188,153.3
PiratIvanBartos,2021-06-02,2,1,1,1257,399,370,29,181.6
PiratskaStrana,2021-06-02,5,3,2,1057,985,387,598,43.6
Pospisil_Jiri,2021-06-02,2,2,0,191,326,280,46,65.4
RobertSlachta,2021-06-02,1,0,1,0,123,90,33,3
SpoluKoalice,2021-06-02,16,3,13,293,2152,193,1959,37.1
STANcz,2021-06-02,5,2,3,46,588,177,411,9.9
TomasCzernin,2021-06-02,2,2,0,427,123,120,3,76.1
TomasZdechovsky,2021-06-02,41,34,7,2549,3947,2938,1009,207.5
tomio_cz,2021-06-02,2,2,0,133,630,630,0,29.5
TOP09cz,2021-06-02,24,1,23,71,2225,85,2140,12.3
VeslavM,2021-06-02,1,1,0,80,315,306,9,7.1
volimtrikoloru,2021-06-02,1,0,1,0,111,97,14,3.9
vonpecka,2021-06-02,8,7,1,310,538,397,141,11.5
zeleni_cz,2021-06-02,1,0,1,0,389,177,212,4.5
alenaschillerov,2021-06-01,21,20,1,628,835,739,96,30.2
AndrejBabis,2021-06-01,29,8,21,677,1707,383,1324,70.9
general_pavel,2021-06-01,1,1,0,1144,124,123,1,89.8
honzabartosek,2021-06-01,2,2,0,258,286,286,0,38
Jan_Skopecek,2021-06-01,2,2,0,372,386,349,37,81.4
jana_cernochova,2021-06-01,5,4,1,179,450,433,17,37.7
JanLipavsky,2021-06-01,3,1,2,53,1344,271,1073,40.9
jhamacek,2021-06-01,1,1,0,100,364,274,90,43.1
kalousekm,2021-06-01,1,1,0,8,1737,1703,34,881.7
KarelHavlicek_,2021-06-01,3,3,0,113,457,304,153,14
kducsl,2021-06-01,13,9,4,216,2608,222,2386,7.9
Kuba_Martin,2021-06-01,2,2,0,75,832,832,0,113.2
makupka,2021-06-01,2,2,0,586,128,107,21,77.4
market_a,2021-06-01,2,2,0,1360,621,515,106,508.2
MartinBaxa2,2021-06-01,1,1,0,316,104,104,0,36
metnarl,2021-06-01,1,1,0,23,64,50,14,3.9
milionchvilek,2021-06-01,4,3,1,796,225,147,78,28.6
MJureka,2021-06-01,8,8,0,935,953,821,132,164.2
ODScz,2021-06-01,21,6,15,1557,2352,632,1720,89.4
PiratIvanBartos,2021-06-01,11,11,0,2210,397,369,28,180.3
PiratskaStrana,2021-06-01,9,1,8,101,980,384,596,42.5
Pospisil_Jiri,2021-06-01,1,1,0,84,324,278,46,65.3
RobertSlachta,2021-06-01,2,0,2,0,122,90,32,3
SpoluKoalice,2021-06-01,25,1,24,240,2136,190,1946,36.8
STANcz,2021-06-01,4,1,3,21,583,175,408,9.9
TomasZdechovsky,2021-06-01,41,33,8,796,3906,2904,1002,204.9
tomio_cz,2021-06-01,3,3,0,62,628,628,0,29.3
TOP09cz,2021-06-01,14,2,12,1067,2201,84,2117,12.2
Vit_Rakusan,2021-06-01,1,1,0,760,141,123,18,73.9
vonpecka,2021-06-01,2,1,1,73,530,390,140,11.2
ZdenekHrib,2021-06-01,9,9,0,699,575,512,63,117.4
zeleni_cz,2021-06-01,1,1,0,23,388,177,211,4.5
alenaschillerov,2021-05-31,9,9,0,287,814,719,95,29.6
AndrejBabis,2021-05-31,18,5,13,545,1678,375,1303,70.2
czKSCM,2021-05-31,1,0,1,0,74,20,54,0.2
general_pavel,2021-05-31,1,1,0,1903,123,122,1,88.6
honzabartosek,2021-05-31,1,1,0,25,284,284,0,37.8
Jan_Skopecek,2021-05-31,3,3,0,1194,384,347,37,81
jana_cernochova,2021-05-31,3,2,1,165,445,429,16,37.6
JanLipavsky,2021-05-31,3,0,3,0,1341,270,1071,40.9
jhamacek,2021-05-31,1,0,1,0,363,273,90,43
kalousekm,2021-05-31,20,20,0,8265,1736,1702,34,881.7
KarelHavlicek_,2021-05-31,2,2,0,70,454,301,153,13.9
kducsl,2021-05-31,10,1,9,38,2595,213,2382,7.6
makupka,2021-05-31,1,1,0,227,126,105,21,76.8
market_a,2021-05-31,2,1,1,1904,619,513,106,506.9
metnarl,2021-05-31,1,1,0,114,63,49,14,3.9
milionchvilek,2021-05-31,3,3,0,928,221,144,77,27.8
MJureka,2021-05-31,4,4,0,413,945,813,132,163.2
ODScz,2021-05-31,19,2,17,129,2331,626,1705,87.8
olgarichterova,2021-05-31,1,1,0,85,412,403,9,29.4
P_Fiala,2021-05-31,8,8,0,1953,523,337,186,152.6
PiratIvanBartos,2021-05-31,1,1,0,1459,386,358,28,178.1
PiratskaStrana,2021-05-31,3,1,2,1,971,383,588,42.4
Pospisil_Jiri,2021-05-31,2,1,1,185,323,277,46,65.2
SpoluKoalice,2021-05-31,38,1,37,7,2111,189,1922,36.5
STANcz,2021-05-31,7,1,6,102,579,174,405,9.9
TomasCzernin,2021-05-31,1,1,0,342,121,118,3,75.7
TomasZdechovsky,2021-05-31,25,22,3,1257,3865,2871,994,204.1
tomio_cz,2021-05-31,3,3,0,117,625,625,0,29.3
TOP09cz,2021-05-31,14,0,14,0,2187,82,2105,11.1
VeslavM,2021-05-31,3,3,0,83,314,305,9,7
Vit_Rakusan,2021-05-31,1,1,0,749,140,122,18,73.1
volimtrikoloru,2021-05-31,1,0,1,0,110,97,13,3.9
vonpecka,2021-05-31,11,9,2,80,528,389,139,11.1
ZdenekHrib,2021-05-31,2,2,0,396,566,503,63,116.7
zeleni_cz,2021-05-31,1,1,0,49,387,176,211,4.5
alenaschillerov,2021-05-30,2,1,1,1,805,710,95,29.3
AndrejBabis,2021-05-30,6,4,2,1021,1660,370,1290,69.7
czKSCM,2021-05-30,1,0,1,0,73,20,53,0.2
general_pavel,2021-05-30,2,1,1,38,122,121,1,86.7
Jan_Skopecek,2021-05-30,1,1,0,65,381,344,37,79.8
JanLipavsky,2021-05-30,1,0,1,0,1338,270,1068,40.9
kalousekm,2021-05-30,3,3,0,3238,1716,1682,34,873.4
KarelHavlicek_,2021-05-30,1,0,1,0,452,299,153,13.9
kducsl,2021-05-30,2,0,2,0,2585,212,2373,7.6
Kuba_Martin,2021-05-30,1,1,0,6,830,830,0,113.2
market_a,2021-05-30,1,0,1,0,617,512,105,504.9
MartinBaxa2,2021-05-30,1,1,0,64,103,103,0,35.6
MJureka,2021-05-30,5,5,0,477,941,809,132,162.8
ODScz,2021-05-30,5,3,2,330,2312,624,1688,87.7
Pospisil_Jiri,2021-05-30,1,1,0,413,321,276,45,65
RobertSlachta,2021-05-30,1,1,0,30,120,90,30,3
SpoluKoalice,2021-05-30,7,0,7,0,2073,188,1885,36.5
TomasZdechovsky,2021-05-30,31,29,2,2686,3840,2849,991,202.9
tomio_cz,2021-05-30,3,3,0,278,622,622,0,29.1
TOP09cz,2021-05-30,3,0,3,0,2173,82,2091,11.1
VeslavM,2021-05-30,2,2,0,57,311,302,9,6.9
vonpecka,2021-05-30,4,2,2,66,517,380,137,11
alenaschillerov,2021-05-29,4,4,0,195,803,709,94,29.3
AndrejBabis,2021-05-29,19,2,17,241,1654,366,1288,68.7
Jan_Skopecek,2021-05-29,8,8,0,38,380,343,37,79.8
jana_cernochova,2021-05-29,3,3,0,317,442,427,15,37.4
JanLipavsky,2021-05-29,3,0,3,0,1337,270,1067,40.9
jhamacek,2021-05-29,1,0,1,0,362,273,89,43
kalousekm,2021-05-29,3,2,1,1737,1713,1679,34,870.2
KarelHavlicek_,2021-05-29,5,5,0,237,451,299,152,13.9
market_a,2021-05-29,1,1,0,33,616,512,104,504.9
ODScz,2021-05-29,6,1,5,77,2307,621,1686,87.4
P_Fiala,2021-05-29,1,1,0,367,515,329,186,150.7
PiratskaStrana,2021-05-29,1,1,0,191,968,382,586,42.4
SpoluKoalice,2021-05-29,16,0,16,0,2066,188,1878,36.5
STANcz,2021-05-29,1,0,1,0,572,173,399,9.8
TomasZdechovsky,2021-05-29,30,21,9,1205,3809,2820,989,200.2
tomio_cz,2021-05-29,2,2,0,207,619,619,0,28.9
VeslavM,2021-05-29,6,6,0,58,309,300,9,6.9
volimtrikoloru,2021-05-29,1,1,0,21,109,97,12,3.9
vonpecka,2021-05-29,2,0,2,0,513,378,135,10.9
alenaschillerov,2021-05-28,5,4,1,210,799,705,94,29.1
AndrejBabis,2021-05-28,8,2,6,619,1635,364,1271,68.4
general_pavel,2021-05-28,1,1,0,350,120,120,0,86.7
Jan_Skopecek,2021-05-28,3,3,0,421,372,335,37,79.7
jana_cernochova,2021-05-28,1,1,0,206,439,424,15,37.1
JanLipavsky,2021-05-28,6,2,4,215,1334,270,1064,40.9
kalousekm,2021-05-28,13,12,1,2489,1710,1677,33,868.4
KarelHavlicek_,2021-05-28,3,2,1,61,446,294,152,13.6
kducsl,2021-05-28,8,0,8,0,2583,212,2371,7.6
makupka,2021-05-28,1,1,0,249,125,104,21,76.6
market_a,2021-05-28,3,3,0,3352,615,511,104,504.9
MJureka,2021-05-28,7,5,2,736,936,804,132,162.3
ODScz,2021-05-28,11,2,9,196,2301,620,1681,87.3
olgarichterova,2021-05-28,1,1,0,271,411,402,9,29.3
P_Fiala,2021-05-28,2,1,1,1770,514,328,186,150.3
PiratIvanBartos,2021-05-28,3,3,0,1179,385,357,28,176.6
PiratskaStrana,2021-05-28,3,0,3,0,967,381,586,42.2
Pospisil_Jiri,2021-05-28,1,1,0,118,320,275,45,64.6
RobertSlachta,2021-05-28,2,0,2,0,119,89,30,3
SpoluKoalice,2021-05-28,10,0,10,0,2050,188,1862,36.5
STANcz,2021-05-28,7,0,7,0,571,173,398,9.8
TomasZdechovsky,2021-05-28,28,24,4,690,3779,2799,980,199
tomio_cz,2021-05-28,9,9,0,311,617,617,0,28.7
TOP09cz,2021-05-28,13,1,12,107,2170,82,2088,11.1
VeslavM,2021-05-28,1,1,0,0,303,294,9,6.8
Vit_Rakusan,2021-05-28,1,1,0,190,139,121,18,72.4
volimtrikoloru,2021-05-28,1,1,0,5,108,96,12,3.9
vonpecka,2021-05-28,3,1,2,16,511,378,133,10.9
zeleni_cz,2021-05-28,1,0,1,0,386,175,211,4.4
alenaschillerov,2021-05-27,3,3,0,95,794,701,93,28.9
AndrejBabis,2021-05-27,19,3,16,413,1627,362,1265,67.8
czKSCM,2021-05-27,1,0,1,0,72,20,52,0.2
general_pavel,2021-05-27,2,2,0,1087,119,119,0,86.4
honzabartosek,2021-05-27,1,1,0,33,283,283,0,37.8
Jan_Skopecek,2021-05-27,3,3,0,965,369,332,37,79.3
jana_cernochova,2021-05-27,3,3,0,50,438,423,15,36.9
JanLipavsky,2021-05-27,3,0,3,0,1328,268,1060,40.7
jhamacek,2021-05-27,2,0,2,0,361,273,88,43
kalousekm,2021-05-27,14,14,0,2824,1697,1665,32,865.9
KarelHavlicek_,2021-05-27,12,11,1,409,443,292,151,13.6
kducsl,2021-05-27,6,1,5,0,2575,212,2363,7.6
Kuba_Martin,2021-05-27,13,13,0,5058,829,829,0,113.2
market_a,2021-05-27,1,1,0,1191,612,508,104,501.6
MartinBaxa2,2021-05-27,1,1,0,59,102,102,0,35.6
metnarl,2021-05-27,1,0,1,0,62,48,14,3.8
milionchvilek,2021-05-27,1,1,0,94,218,141,77,26.9
MJureka,2021-05-27,1,1,0,128,929,799,130,161.6
ODScz,2021-05-27,12,0,12,0,2290,618,1672,87.1
olgarichterova,2021-05-27,1,1,0,15,410,401,9,29
P_Fiala,2021-05-27,3,3,0,1119,512,327,185,148.6
PiratIvanBartos,2021-05-27,1,1,0,946,382,354,28,175.5
PiratskaStrana,2021-05-27,3,0,3,0,964,381,583,42.2
Pospisil_Jiri,2021-05-27,1,1,0,174,319,274,45,64.5
SpoluKoalice,2021-05-27,21,0,21,0,2040,188,1852,36.5
STANcz,2021-05-27,4,0,4,0,564,173,391,9.8
TomasZdechovsky,2021-05-27,25,19,6,619,3751,2775,976,198.3
tomio_cz,2021-05-27,5,5,0,302,608,608,0,28.4
TOP09cz,2021-05-27,11,0,11,0,2157,81,2076,11
VeslavM,2021-05-27,6,6,0,45,302,293,9,6.8
Vit_Rakusan,2021-05-27,2,2,0,425,138,120,18,72.2
volimtrikoloru,2021-05-27,4,2,2,59,107,95,12,3.9
vonpecka,2021-05-27,1,1,0,62,508,377,131,10.9
ZdenekHrib,2021-05-27,5,5,0,789,564,501,63,116.3
alenaschillerov,2021-05-26,6,6,0,353,791,698,93,28.8
AndrejBabis,2021-05-26,16,0,16,0,1608,359,1249,67.4
general_pavel,2021-05-26,1,1,0,1018,117,117,0,85.3
Jan_Skopecek,2021-05-26,2,2,0,1041,366,329,37,78.3
jana_cernochova,2021-05-26,5,5,0,65,435,420,15,36.8
JanLipavsky,2021-05-26,13,4,9,579,1325,268,1057,40.7
jhamacek,2021-05-26,1,0,1,0,359,273,86,43
kalousekm,2021-05-26,12,12,0,5472,1683,1651,32,863.1
KarelHavlicek_,2021-05-26,3,2,1,179,431,281,150,13.2
kducsl,2021-05-26,11,1,10,58,2569,211,2358,7.6
makupka,2021-05-26,1,1,0,188,124,103,21,76.4
market_a,2021-05-26,1,1,0,437,611,507,104,500.4
milionchvilek,2021-05-26,3,3,0,586,217,140,77,26.8
MJureka,2021-05-26,2,2,0,439,928,798,130,161.5
ODScz,2021-05-26,15,0,15,0,2278,618,1660,87.1
olgarichterova,2021-05-26,1,0,1,0,409,400,9,29
P_Fiala,2021-05-26,3,3,0,771,509,324,185,147.4
PavelSehnal64,2021-05-26,1,1,0,2,47,47,0,0.3
PiratIvanBartos,2021-05-26,4,3,1,2402,381,353,28,174.5
PiratskaStrana,2021-05-26,11,4,7,1164,961,381,580,42.2
Pospisil_Jiri,2021-05-26,1,1,0,270,318,273,45,64.3
RobertSlachta,2021-05-26,1,0,1,0,117,89,28,3
SpoluKoalice,2021-05-26,15,1,14,124,2019,188,1831,36.5
STANcz,2021-05-26,7,6,1,271,560,173,387,9.8
TomasZdechovsky,2021-05-26,35,24,11,1797,3726,2756,970,197.7
tomio_cz,2021-05-26,5,5,0,182,603,603,0,28.1
TOP09cz,2021-05-26,13,1,12,34,2146,81,2065,11
VeslavM,2021-05-26,1,1,0,128,296,287,9,6.8
vonpecka,2021-05-26,6,4,2,27,507,376,131,10.9
ZdenekHrib,2021-05-26,2,1,1,0,559,496,63,115.5
zeleni_cz,2021-05-26,5,2,3,79,385,175,210,4.4
alenaschillerov,2021-05-25,4,4,0,323,785,692,93,28.5
AndrejBabis,2021-05-25,11,3,8,376,1592,359,1233,67.4
czKSCM,2021-05-25,1,0,1,0,71,20,51,0.2
general_pavel,2021-05-25,1,1,0,403,116,116,0,84.3
honzabartosek,2021-05-25,7,7,0,4321,282,282,0,37.7
Jan_Skopecek,2021-05-25,3,3,0,564,364,327,37,77.3
jana_cernochova,2021-05-25,1,1,0,5,430,415,15,36.8
JanLipavsky,2021-05-25,8,4,4,378,1312,264,1048,40.1
kalousekm,2021-05-25,7,7,0,7730,1671,1639,32,857.6
KarelHavlicek_,2021-05-25,5,5,0,113,428,279,149,13
kducsl,2021-05-25,32,9,23,253,2558,210,2348,7.5
makupka,2021-05-25,1,1,0,298,123,102,21,76.2
market_a,2021-05-25,2,2,0,6502,610,506,104,499.9
MartinBaxa2,2021-05-25,1,1,0,458,101,101,0,35.5
metnarl,2021-05-25,2,2,0,71,61,48,13,3.8
milionchvilek,2021-05-25,2,2,0,408,214,137,77,26.2
MJureka,2021-05-25,6,6,0,1283,926,796,130,161
ODScz,2021-05-25,18,2,16,284,2263,618,1645,87.1
olgarichterova,2021-05-25,1,0,1,0,408,400,8,29
PiratIvanBartos,2021-05-25,3,3,0,2322,377,350,27,172.1
PiratskaStrana,2021-05-25,6,0,6,0,950,377,573,41.1
Pospisil_Jiri,2021-05-25,5,5,0,717,317,272,45,64
SpoluKoalice,2021-05-25,29,0,29,0,2004,187,1817,36.4
STANcz,2021-05-25,8,4,4,69,553,167,386,9.5
TomasCzernin,2021-05-25,3,3,0,1032,120,117,3,75.3
TomasZdechovsky,2021-05-25,65,54,11,3152,3691,2732,959,195.9
tomio_cz,2021-05-25,4,4,0,38,598,598,0,27.9
TOP09cz,2021-05-25,31,0,31,0,2133,80,2053,11
VeslavM,2021-05-25,1,1,0,51,295,286,9,6.7
Vit_Rakusan,2021-05-25,1,1,0,1037,136,118,18,71.7
vonpecka,2021-05-25,2,1,1,13,501,372,129,10.8
Zbynek_Stanjura,2021-05-25,1,1,0,577,18,14,4,15.2
alenaschillerov,2021-05-24,7,7,0,466,781,688,93,28.1
AndrejBabis,2021-05-24,19,4,15,363,1581,356,1225,67
general_pavel,2021-05-24,1,1,0,1473,115,115,0,83.8
jana_cernochova,2021-05-24,5,5,0,189,429,414,15,36.7
JanLipavsky,2021-05-24,20,2,18,1221,1304,260,1044,39.7
kalousekm,2021-05-24,11,9,2,2488,1664,1632,32,849.9
KarelHavlicek_,2021-05-24,6,5,1,131,423,274,149,12.9
kducsl,2021-05-24,18,0,18,0,2526,201,2325,7.3
market_a,2021-05-24,3,2,1,1021,608,504,104,493.4
milionchvilek,2021-05-24,2,2,0,761,212,135,77,25.8
MJureka,2021-05-24,7,3,4,291,920,790,130,159.7
ODScz,2021-05-24,6,2,4,684,2245,616,1629,86.8
olgarichterova,2021-05-24,1,0,1,0,407,400,7,29
P_Fiala,2021-05-24,3,0,3,0,506,321,185,146.7
PiratIvanBartos,2021-05-24,10,8,2,3800,374,347,27,169.8
PiratskaStrana,2021-05-24,11,1,10,641,944,377,567,41.1
Pospisil_Jiri,2021-05-24,4,2,2,207,312,267,45,63.3
SpoluKoalice,2021-05-24,17,3,14,1209,1975,187,1788,36.4
STANcz,2021-05-24,4,0,4,0,545,163,382,9.4
TomasCzernin,2021-05-24,1,1,0,36,117,114,3,74.3
TomasZdechovsky,2021-05-24,36,27,9,1629,3626,2678,948,192.7
tomio_cz,2021-05-24,3,3,0,145,594,594,0,27.8
TOP09cz,2021-05-24,31,1,30,64,2102,80,2022,11
vojtafilip,2021-05-24,1,1,0,323,52,52,0,4.2
vonpecka,2021-05-24,6,4,2,57,499,371,128,10.8
ZdenekHrib,2021-05-24,8,6,2,580,557,495,62,115.5
zeleni_cz,2021-05-24,2,2,0,90,380,173,207,4.3
alenaschillerov,2021-05-23,3,3,0,73,774,681,93,27.7
AndrejBabis,2021-05-23,6,3,3,453,1562,352,1210,66.7
honzabartosek,2021-05-23,6,6,0,781,275,275,0,33.4
Jan_Skopecek,2021-05-23,1,1,0,429,361,324,37,76.7
JanLipavsky,2021-05-23,9,0,9,0,1284,258,1026,38.5
kalousekm,2021-05-23,3,2,1,1246,1653,1623,30,847.4
KarelHavlicek_,2021-05-23,1,0,1,0,417,269,148,12.7
kducsl,2021-05-23,14,0,14,0,2508,201,2307,7.3
makupka,2021-05-23,2,2,0,775,122,101,21,75.9
market_a,2021-05-23,1,1,0,1793,605,502,103,492.4
MJureka,2021-05-23,2,2,0,692,913,787,126,159.4
ODScz,2021-05-23,7,3,4,1135,2239,614,1625,86.1
P_Fiala,2021-05-23,1,1,0,568,503,321,182,146.7
PiratskaStrana,2021-05-23,1,0,1,0,933,376,557,40.4
Pospisil_Jiri,2021-05-23,1,1,0,324,308,265,43,63.1
RobertSlachta,2021-05-23,1,1,0,22,116,89,27,3
SpoluKoalice,2021-05-23,21,0,21,0,1958,184,1774,35.2
STANcz,2021-05-23,4,1,3,55,541,163,378,9.4
TomasCzernin,2021-05-23,2,2,0,1223,116,113,3,74.3
TomasZdechovsky,2021-05-23,34,31,3,1306,3590,2651,939,191.1
tomio_cz,2021-05-23,3,3,0,253,591,591,0,27.7
TOP09cz,2021-05-23,4,0,4,0,2071,79,1992,10.9
VeslavM,2021-05-23,4,4,0,28,294,285,9,6.6
Vit_Rakusan,2021-05-23,1,1,0,398,135,117,18,70.7
vonpecka,2021-05-23,6,4,2,293,493,367,126,10.8
ZdenekHrib,2021-05-23,1,0,1,0,549,489,60,115
alenaschillerov,2021-05-22,3,3,0,110,771,678,93,27.6
AndrejBabis,2021-05-22,4,2,2,253,1556,349,1207,66.2
Jan_Skopecek,2021-05-22,7,7,0,1080,360,323,37,76.3
jana_cernochova,2021-05-22,2,2,0,205,424,409,15,36.6
JanLipavsky,2021-05-22,5,0,5,0,1275,258,1017,38.5
kalousekm,2021-05-22,1,1,0,1334,1650,1621,29,846.2
kducsl,2021-05-22,11,0,11,0,2494,201,2293,7.3
makupka,2021-05-22,1,1,0,497,120,99,21,75.1
market_a,2021-05-22,3,1,2,314,604,501,103,490.6
MartinBaxa2,2021-05-22,1,1,0,114,100,100,0,35.1
metnarl,2021-05-22,1,1,0,72,59,46,13,3.7
milionchvilek,2021-05-22,1,1,0,92,210,133,77,25.1
MJureka,2021-05-22,3,3,0,295,911,785,126,158.8
ODScz,2021-05-22,9,2,7,208,2232,611,1621,85
P_Fiala,2021-05-22,1,1,0,467,502,320,182,146.1
PiratskaStrana,2021-05-22,2,1,1,206,932,376,556,40.4
Pospisil_Jiri,2021-05-22,1,1,0,156,307,264,43,62.8
SpoluKoalice,2021-05-22,12,0,12,0,1937,184,1753,35.2
TomasZdechovsky,2021-05-22,23,19,4,1140,3556,2620,936,189.8
TOP09cz,2021-05-22,4,0,4,0,2067,79,1988,10.9
VeslavM,2021-05-22,2,2,0,4,290,281,9,6.6
vonpecka,2021-05-22,4,2,2,16,487,363,124,10.5
ZdenekHrib,2021-05-22,1,1,0,1645,548,489,59,115
alenaschillerov,2021-05-21,7,6,1,200,768,675,93,27.5
AndrejBabis,2021-05-21,13,3,10,468,1552,347,1205,65.9
honzabartosek,2021-05-21,2,2,0,417,269,269,0,32.6
Jan_Skopecek,2021-05-21,3,3,0,364,353,316,37,75.2
JanLipavsky,2021-05-21,3,0,3,0,1270,258,1012,38.5
kalousekm,2021-05-21,4,4,0,4741,1649,1620,29,844.9
KarelHavlicek_,2021-05-21,5,3,2,130,416,269,147,12.7
kducsl,2021-05-21,12,0,12,0,2483,201,2282,7.3
makupka,2021-05-21,1,0,1,0,119,98,21,74.6
market_a,2021-05-21,4,4,0,2390,601,500,101,490.3
MartinBaxa2,2021-05-21,1,1,0,2,99,99,0,34.9
metnarl,2021-05-21,2,2,0,86,58,45,13,3.7
MJureka,2021-05-21,4,3,1,542,908,782,126,158.5
ODScz,2021-05-21,9,1,8,232,2223,609,1614,84.8
P_Fiala,2021-05-21,3,2,1,923,501,319,182,145.6
PiratskaStrana,2021-05-21,8,1,7,143,930,375,555,40.2
Pospisil_Jiri,2021-05-21,1,1,0,143,306,263,43,62.6
SpoluKoalice,2021-05-21,12,1,11,424,1925,184,1741,35.2
STANcz,2021-05-21,7,1,6,0,537,162,375,9.4
TomasCzernin,2021-05-21,2,2,0,756,114,111,3,73.1
TomasZdechovsky,2021-05-21,17,11,6,975,3533,2601,932,188.6
tomio_cz,2021-05-21,4,4,0,273,588,588,0,27.4
TOP09cz,2021-05-21,15,0,15,0,2063,79,1984,10.9
Vit_Rakusan,2021-05-21,1,0,1,0,134,116,18,70.3
vonpecka,2021-05-21,12,9,3,400,483,361,122,10.5
ZdenekHrib,2021-05-21,4,4,0,584,547,488,59,113.3
zeleni_cz,2021-05-21,4,4,0,101,378,171,207,4.2
alenaschillerov,2021-05-20,9,8,1,421,761,669,92,27.3
AndrejBabis,2021-05-20,8,4,4,372,1539,344,1195,65.5
Jan_Skopecek,2021-05-20,3,3,0,658,350,313,37,74.8
jana_cernochova,2021-05-20,1,1,0,3,422,407,15,36.4
JanLipavsky,2021-05-20,4,0,4,0,1267,258,1009,38.5
kalousekm,2021-05-20,6,6,0,1551,1645,1616,29,840.1
KarelHavlicek_,2021-05-20,4,2,2,76,411,266,145,12.6
kducsl,2021-05-20,13,0,13,0,2471,201,2270,7.3
market_a,2021-05-20,2,2,0,1700,597,496,101,487.9
metnarl,2021-05-20,1,0,1,0,56,43,13,3.6
milionchvilek,2021-05-20,13,10,3,2040,209,132,77,25
ODScz,2021-05-20,11,1,10,114,2214,608,1606,84.5
olgarichterova,2021-05-20,1,1,0,97,406,400,6,29
P_Fiala,2021-05-20,6,1,5,523,498,317,181,144.7
PavelSehnal64,2021-05-20,3,3,0,4,46,46,0,0.3
PiratIvanBartos,2021-05-20,3,2,1,689,364,339,25,166
PiratskaStrana,2021-05-20,7,3,4,197,922,374,548,40.1
Pospisil_Jiri,2021-05-20,1,0,1,0,305,262,43,62.5
SpoluKoalice,2021-05-20,15,0,15,0,1913,183,1730,34.8
STANcz,2021-05-20,5,4,1,115,530,161,369,9.4
TomasZdechovsky,2021-05-20,24,15,9,1362,3516,2590,926,187.7
tomio_cz,2021-05-20,3,3,0,157,584,584,0,27.2
TOP09cz,2021-05-20,11,0,11,0,2048,79,1969,10.9
vonpecka,2021-05-20,11,4,7,82,471,352,119,10.1
alenaschillerov,2021-05-19,4,3,1,70,752,661,91,26.9
AndrejBabis,2021-05-19,12,5,7,2098,1531,340,1191,65.1
general_pavel,2021-05-19,1,1,0,321,114,114,0,82.4
honzabartosek,2021-05-19,1,1,0,386,267,267,0,32.2
Jan_Skopecek,2021-05-19,1,1,0,216,347,310,37,74.2
jana_cernochova,2021-05-19,3,3,0,14,421,406,15,36.4
JanLipavsky,2021-05-19,1,0,1,0,1263,258,1005,38.5
kalousekm,2021-05-19,2,2,0,109,1639,1610,29,838.6
KarelHavlicek_,2021-05-19,4,4,0,136,407,264,143,12.5
kducsl,2021-05-19,35,1,34,60,2458,201,2257,7.3
Kuba_Martin,2021-05-19,5,5,0,11,816,816,0,108.1
makupka,2021-05-19,3,1,2,550,118,98,20,74.6
market_a,2021-05-19,2,1,1,252,595,494,101,486.2
MartinBaxa2,2021-05-19,1,1,0,234,98,98,0,34.9
metnarl,2021-05-19,2,2,0,44,55,43,12,3.6
MJureka,2021-05-19,1,1,0,235,904,779,125,157.9
ODScz,2021-05-19,37,8,29,1076,2203,607,1596,84.4
P_Fiala,2021-05-19,18,0,18,0,492,316,176,144.2
PiratIvanBartos,2021-05-19,10,9,1,1715,361,337,24,165.3
PiratskaStrana,2021-05-19,6,1,5,534,915,371,544,39.9
Pospisil_Jiri,2021-05-19,1,1,0,140,304,262,42,62.5
SpoluKoalice,2021-05-19,53,21,32,1783,1898,183,1715,34.8
STANcz,2021-05-19,10,4,6,75,525,157,368,9.2
TomasZdechovsky,2021-05-19,53,37,16,2261,3492,2575,917,186.3
tomio_cz,2021-05-19,5,5,0,220,581,581,0,27
TOP09cz,2021-05-19,11,2,9,296,2037,79,1958,10.9
VeslavM,2021-05-19,3,3,0,3,288,279,9,6.6
Vit_Rakusan,2021-05-19,3,3,0,1003,133,116,17,70.3
vojtafilip,2021-05-19,1,1,0,97,51,51,0,3.9
volimtrikoloru,2021-05-19,1,0,1,0,103,93,10,3.8
vonpecka,2021-05-19,9,2,7,218,460,348,112,10
alenaschillerov,2021-05-18,4,4,0,93,748,658,90,26.8
AndrejBabis,2021-05-18,6,3,3,209,1519,335,1184,63
general_pavel,2021-05-18,1,1,0,1043,113,113,0,82.1
honzabartosek,2021-05-18,1,1,0,615,266,266,0,31.8
Jan_Skopecek,2021-05-18,3,3,0,417,346,309,37,74
JanLipavsky,2021-05-18,7,1,6,2,1262,258,1004,38.5
kalousekm,2021-05-18,13,13,0,5866,1637,1608,29,838.5
kducsl,2021-05-18,20,0,20,0,2423,200,2223,7.2
Kuba_Martin,2021-05-18,1,1,0,3879,811,811,0,108.1
makupka,2021-05-18,1,1,0,1256,115,97,18,74.1
market_a,2021-05-18,4,3,1,2724,593,493,100,486
MartinBaxa2,2021-05-18,1,1,0,241,97,97,0,34.7
milionchvilek,2021-05-18,3,2,1,252,196,122,74,22.9
MJureka,2021-05-18,5,5,0,374,903,778,125,157.7
ODScz,2021-05-18,16,5,11,422,2166,599,1567,83.3
olgarichterova,2021-05-18,4,4,0,25,405,399,6,28.9
P_Fiala,2021-05-18,2,1,1,1258,474,316,158,144.2
PiratIvanBartos,2021-05-18,2,1,1,594,351,328,23,163.6
PiratskaStrana,2021-05-18,17,11,6,1569,909,370,539,39.3
Pospisil_Jiri,2021-05-18,3,3,0,476,303,261,42,62.3
SpoluKoalice,2021-05-18,30,2,28,695,1845,162,1683,33
STANcz,2021-05-18,11,5,6,214,515,153,362,9.2
TomasZdechovsky,2021-05-18,34,21,13,1646,3439,2538,901,184
tomio_cz,2021-05-18,2,2,0,341,576,576,0,26.8
TOP09cz,2021-05-18,25,0,25,0,2026,77,1949,10.6
VeslavM,2021-05-18,4,4,0,33,285,276,9,6.6
volimtrikoloru,2021-05-18,2,0,2,0,102,93,9,3.8
vonpecka,2021-05-18,1,1,0,45,451,346,105,9.8
ZdenekHrib,2021-05-18,3,3,0,622,543,484,59,112.7
alenaschillerov,2021-05-17,6,6,0,230,744,654,90,26.7
AndrejBabis,2021-05-17,14,0,14,0,1513,332,1181,62.8
czKSCM,2021-05-17,1,0,1,0,70,20,50,0.2
general_pavel,2021-05-17,1,1,0,1076,112,112,0,81
honzabartosek,2021-05-17,2,2,0,19,265,265,0,31.2
Jan_Skopecek,2021-05-17,4,4,0,1082,343,306,37,73.6
jana_cernochova,2021-05-17,2,2,0,298,418,403,15,36.3
JanLipavsky,2021-05-17,8,1,7,1018,1255,257,998,38.5
kalousekm,2021-05-17,20,20,0,5633,1624,1595,29,832.6
KarelHavlicek_,2021-05-17,2,2,0,78,403,260,143,12.4
kducsl,2021-05-17,16,0,16,0,2403,200,2203,7.2
Kuba_Martin,2021-05-17,5,5,0,709,810,810,0,104.2
makupka,2021-05-17,1,1,0,458,114,96,18,72.8
market_a,2021-05-17,3,2,1,2170,589,490,99,483.2
MartinBaxa2,2021-05-17,3,3,0,481,96,96,0,34.5
milionchvilek,2021-05-17,1,1,0,515,193,120,73,22.7
MJureka,2021-05-17,9,7,2,523,898,773,125,157.3
ODScz,2021-05-17,23,6,17,99,2150,594,1556,82.9
olgarichterova,2021-05-17,1,1,0,199,401,395,6,28.9
P_Fiala,2021-05-17,7,3,4,1294,472,315,157,142.9
PavelSehnal64,2021-05-17,1,1,0,1,43,43,0,0.3
PiratIvanBartos,2021-05-17,2,1,1,1,349,327,22,163
PiratskaStrana,2021-05-17,4,1,3,733,892,359,533,37.8
Pospisil_Jiri,2021-05-17,1,1,0,104,300,258,42,61.8
SpoluKoalice,2021-05-17,18,0,18,0,1815,160,1655,32.3
STANcz,2021-05-17,10,8,2,246,504,148,356,9
TomasZdechovsky,2021-05-17,40,30,10,1792,3405,2517,888,182.4
tomio_cz,2021-05-17,2,2,0,111,574,574,0,26.4
TOP09cz,2021-05-17,6,0,6,0,2001,77,1924,10.6
Vit_Rakusan,2021-05-17,1,0,1,0,130,113,17,69.3
vojtafilip,2021-05-17,1,1,0,58,50,50,0,3.8
volimtrikoloru,2021-05-17,1,1,0,34,100,93,7,3.8
vonpecka,2021-05-17,5,3,2,39,450,345,105,9.7
ZdenekHrib,2021-05-17,1,0,1,0,540,481,59,112.1
alenaschillerov,2021-05-16,1,1,0,35,738,648,90,26.5
AndrejBabis,2021-05-16,6,4,2,933,1499,332,1167,62.8
czKSCM,2021-05-16,2,0,2,0,69,20,49,0.2
Jan_Skopecek,2021-05-16,4,4,0,3104,339,302,37,72.5
JanLipavsky,2021-05-16,1,0,1,0,1247,256,991,37.5
KarelHavlicek_,2021-05-16,1,0,1,0,401,258,143,12.3
kducsl,2021-05-16,9,0,9,0,2387,200,2187,7.2
market_a,2021-05-16,1,1,0,1413,586,488,98,481.1
MJureka,2021-05-16,4,4,0,3,889,766,123,156.8
ODScz,2021-05-16,8,4,4,651,2127,588,1539,82.8
P_Fiala,2021-05-16,2,1,1,825,465,312,153,141.6
Pospisil_Jiri,2021-05-16,2,2,0,224,299,257,42,61.7
RobertSlachta,2021-05-16,1,1,0,20,115,88,27,2.9
SpoluKoalice,2021-05-16,17,1,16,28,1797,160,1637,32.3
TomasZdechovsky,2021-05-16,16,13,3,467,3365,2487,878,180.6
tomio_cz,2021-05-16,8,8,0,244,572,572,0,26.3
TOP09cz,2021-05-16,10,0,10,0,1995,77,1918,10.6
VeslavM,2021-05-16,5,5,0,36,281,272,9,6.5
vonpecka,2021-05-16,3,2,1,27,445,342,103,9.7
ZdenekHrib,2021-05-16,8,8,0,1019,539,481,58,112.1
zeleni_cz,2021-05-16,2,0,2,0,374,167,207,4.1
alenaschillerov,2021-05-15,2,2,0,52,737,647,90,26.4
AndrejBabis,2021-05-15,1,0,1,0,1493,328,1165,61.9
Jan_Skopecek,2021-05-15,2,2,0,362,335,298,37,69.4
JanLipavsky,2021-05-15,2,1,1,1,1246,256,990,37.5
kalousekm,2021-05-15,10,9,1,4385,1604,1575,29,827
kducsl,2021-05-15,5,0,5,0,2378,200,2178,7.2
metnarl,2021-05-15,1,1,0,24,53,41,12,3.5
milionchvilek,2021-05-15,1,1,0,373,192,119,73,22.2
MJureka,2021-05-15,4,4,0,1364,885,762,123,156.8
ODScz,2021-05-15,4,0,4,0,2119,584,1535,82.2
PavelSehnal64,2021-05-15,1,1,0,0,42,42,0,0.3
PiratIvanBartos,2021-05-15,2,2,0,1240,347,326,21,163
PiratskaStrana,2021-05-15,1,1,0,80,888,358,530,37
SpoluKoalice,2021-05-15,20,0,20,0,1780,159,1621,32.3
TomasZdechovsky,2021-05-15,30,28,2,905,3349,2474,875,180.1
tomio_cz,2021-05-15,4,4,0,269,564,564,0,26.1
vonpecka,2021-05-15,2,2,0,8,442,340,102,9.7
ZdenekHrib,2021-05-15,2,1,1,126,531,473,58,111.1
zeleni_cz,2021-05-15,2,1,1,2,372,167,205,4.1
alenaschillerov,2021-05-14,4,4,0,138,735,645,90,26.4
AndrejBabis,2021-05-14,17,6,11,353,1492,328,1164,61.9
honzabartosek,2021-05-14,4,4,0,320,263,263,0,31.2
Jan_Skopecek,2021-05-14,2,2,0,412,333,296,37,69
jana_cernochova,2021-05-14,6,6,0,143,416,401,15,36
JanLipavsky,2021-05-14,14,7,7,830,1244,255,989,37.5
jhamacek,2021-05-14,5,3,2,633,358,273,85,43
kalousekm,2021-05-14,20,19,1,876,1594,1566,28,822.6
KarelHavlicek_,2021-05-14,5,5,0,274,400,258,142,12.3
kducsl,2021-05-14,19,1,18,59,2373,200,2173,7.2
makupka,2021-05-14,2,2,0,441,113,95,18,72.3
market_a,2021-05-14,9,7,2,12717,585,487,98,479.7
milionchvilek,2021-05-14,5,3,2,2225,191,118,73,21.8
MJureka,2021-05-14,8,8,0,1717,881,758,123,155.4
ODScz,2021-05-14,21,8,13,582,2115,584,1531,82.2
P_Fiala,2021-05-14,6,3,3,545,463,311,152,140.8
PavelSehnal64,2021-05-14,2,2,0,2,41,41,0,0.3
PiratIvanBartos,2021-05-14,4,4,0,2257,345,324,21,161.7
PiratskaStrana,2021-05-14,9,0,9,0,887,357,530,37
Pospisil_Jiri,2021-05-14,5,4,1,1200,297,255,42,61.5
RobertSlachta,2021-05-14,1,1,0,0,114,87,27,2.9
SpoluKoalice,2021-05-14,37,2,35,1167,1760,159,1601,32.3
STANcz,2021-05-14,10,4,6,11,494,140,354,8.7
TomasCzernin,2021-05-14,2,2,0,511,112,109,3,72.3
TomasZdechovsky,2021-05-14,21,13,8,1836,3319,2446,873,179.2
tomio_cz,2021-05-14,1,1,0,24,560,560,0,25.8
TOP09cz,2021-05-14,25,0,25,0,1985,77,1908,10.6
VeslavM,2021-05-14,8,8,0,149,276,267,9,6.5
Vit_Rakusan,2021-05-14,2,2,0,2024,129,113,16,69.3
volimtrikoloru,2021-05-14,1,0,1,0,99,92,7,3.8
vonpecka,2021-05-14,5,3,2,5,440,338,102,9.6
ZdenekHrib,2021-05-14,3,3,0,1085,529,472,57,111
zeleni_cz,2021-05-14,1,1,0,60,370,166,204,4.1
alenaschillerov,2021-05-13,5,5,0,108,731,641,90,26.2
AndrejBabis,2021-05-13,11,5,6,642,1475,322,1153,61.5
general_pavel,2021-05-13,1,1,0,179,111,111,0,79.9
honzabartosek,2021-05-13,1,1,0,24,259,259,0,30.9
Jan_Skopecek,2021-05-13,3,3,0,1156,331,294,37,68.6
JanLipavsky,2021-05-13,5,0,5,0,1230,248,982,36.6
jhamacek,2021-05-13,1,1,0,178,353,270,83,42.4
kalousekm,2021-05-13,13,13,0,5735,1574,1547,27,821.7
KarelHavlicek_,2021-05-13,4,3,1,82,395,253,142,12
kducsl,2021-05-13,11,0,11,0,2354,199,2155,7.2
market_a,2021-05-13,3,3,0,5039,576,480,96,466.9
milionchvilek,2021-05-13,1,1,0,42,186,115,71,19.6
MJureka,2021-05-13,5,5,0,1493,873,750,123,153.7
ODScz,2021-05-13,11,1,10,396,2094,576,1518,81.6
olgarichterova,2021-05-13,12,12,0,1322,400,394,6,28.7
P_Fiala,2021-05-13,2,2,0,522,457,308,149,140.3
PavelSehnal64,2021-05-13,1,1,0,2,39,39,0,0.3
PiratIvanBartos,2021-05-13,2,2,0,952,341,320,21,159.5
PiratskaStrana,2021-05-13,5,1,4,83,878,357,521,37
Pospisil_Jiri,2021-05-13,1,1,0,371,292,251,41,60.3
SpoluKoalice,2021-05-13,27,0,27,0,1723,157,1566,31.1
STANcz,2021-05-13,3,0,3,0,484,136,348,8.7
TomasCzernin,2021-05-13,1,1,0,493,110,107,3,71.8
TomasZdechovsky,2021-05-13,19,15,4,1987,3298,2433,865,177.4
tomio_cz,2021-05-13,1,1,0,17,559,559,0,25.8
TOP09cz,2021-05-13,7,0,7,0,1960,77,1883,10.6
VeslavM,2021-05-13,6,6,0,278,268,259,9,6.3
volimtrikoloru,2021-05-13,2,2,0,153,98,92,6,3.8
vonpecka,2021-05-13,1,1,0,57,435,335,100,9.6
ZdenekHrib,2021-05-13,5,5,0,1967,526,469,57,109.9
zeleni_cz,2021-05-13,1,0,1,0,369,165,204,4.1
alenaschillerov,2021-05-12,12,11,1,280,726,636,90,26.1
AndrejBabis,2021-05-12,11,3,8,1902,1464,317,1147,60.9
czKSCM,2021-05-12,1,1,0,4,67,20,47,0.2
general_pavel,2021-05-12,1,1,0,1227,110,110,0,79.8
honzabartosek,2021-05-12,2,2,0,174,258,258,0,30.8
Jan_Skopecek,2021-05-12,5,3,2,1287,328,291,37,67.4
jana_cernochova,2021-05-12,1,1,0,229,410,395,15,35.9
JanLipavsky,2021-05-12,3,0,3,0,1225,248,977,36.6
kalousekm,2021-05-12,24,24,0,7471,1561,1534,27,816
kducsl,2021-05-12,29,3,26,75,2343,199,2144,7.2
makupka,2021-05-12,1,1,0,834,111,93,18,71.9
market_a,2021-05-12,5,3,2,3114,573,477,96,461.9
metnarl,2021-05-12,1,1,0,25,52,40,12,3.5
milionchvilek,2021-05-12,2,1,1,37,185,114,71,19.5
MJureka,2021-05-12,11,10,1,1248,868,745,123,152.2
ODScz,2021-05-12,19,0,19,0,2083,575,1508,81.2
P_Fiala,2021-05-12,8,8,0,4185,455,306,149,139.7
PavelSehnal64,2021-05-12,1,1,0,0,38,38,0,0.3
PiratIvanBartos,2021-05-12,4,4,0,1526,339,318,21,158.5
PiratskaStrana,2021-05-12,10,3,7,273,873,356,517,36.9
Pospisil_Jiri,2021-05-12,2,2,0,192,291,250,41,59.9
SpoluKoalice,2021-05-12,42,4,38,1558,1696,157,1539,31.1
STANcz,2021-05-12,2,0,2,0,481,136,345,8.7
TomasCzernin,2021-05-12,2,2,0,649,109,106,3,71.3
TomasZdechovsky,2021-05-12,14,12,2,1257,3279,2418,861,175.4
tomio_cz,2021-05-12,5,5,0,412,558,558,0,25.8
TOP09cz,2021-05-12,20,2,18,288,1953,77,1876,10.6
Vit_Rakusan,2021-05-12,1,1,0,679,127,111,16,67.3
vojtafilip,2021-05-12,1,1,0,87,49,49,0,3.8
volimtrikoloru,2021-05-12,1,1,0,36,96,90,6,3.7
vonpecka,2021-05-12,2,1,1,90,434,334,100,9.6
Zbynek_Stanjura,2021-05-12,1,1,0,557,17,13,4,14.6
ZdenekHrib,2021-05-12,5,5,0,217,521,464,57,107.9
zeleni_cz,2021-05-12,1,1,0,19,368,165,203,4.1
alenaschillerov,2021-05-11,6,6,0,107,714,625,89,25.9
AndrejBabis,2021-05-11,13,4,9,328,1453,314,1139,59
czKSCM,2021-05-11,1,1,0,2,66,19,47,0.2
honzabartosek,2021-05-11,2,2,0,249,256,256,0,30.7
Jan_Skopecek,2021-05-11,1,1,0,453,323,288,35,66.2
JanLipavsky,2021-05-11,3,0,3,0,1222,248,974,36.6
kalousekm,2021-05-11,2,2,0,1027,1537,1510,27,808.5
KarelHavlicek_,2021-05-11,3,3,0,93,391,250,141,12
kducsl,2021-05-11,8,0,8,0,2314,196,2118,7.1
Kuba_Martin,2021-05-11,2,2,0,9,805,805,0,103.5
makupka,2021-05-11,1,1,0,144,110,92,18,71.1
market_a,2021-05-11,4,4,0,4786,568,474,94,458.8
metnarl,2021-05-11,3,3,0,82,51,39,12,3.5
milionchvilek,2021-05-11,1,1,0,83,183,113,70,19.5
MJureka,2021-05-11,3,2,1,297,857,735,122,151
ODScz,2021-05-11,10,1,9,1952,2064,575,1489,81.2
olgarichterova,2021-05-11,7,7,0,609,388,382,6,27.3
PavelSehnal64,2021-05-11,1,1,0,1,37,37,0,0.3
PiratskaStrana,2021-05-11,6,1,5,266,863,353,510,36.6
Pospisil_Jiri,2021-05-11,1,1,0,212,289,248,41,59.8
RobertSlachta,2021-05-11,2,2,0,85,113,86,27,2.9
SpoluKoalice,2021-05-11,18,0,18,0,1654,153,1501,29.5
STANcz,2021-05-11,1,1,0,24,479,136,343,8.7
TomasCzernin,2021-05-11,1,1,0,206,107,104,3,70.6
TomasZdechovsky,2021-05-11,18,16,2,2979,3265,2406,859,174.1
tomio_cz,2021-05-11,2,2,0,22,553,553,0,25.4
TOP09cz,2021-05-11,12,0,12,0,1933,75,1858,10.3
VeslavM,2021-05-11,2,2,0,17,262,253,9,6.1
vonpecka,2021-05-11,6,3,3,11,432,333,99,9.5
Zbynek_Stanjura,2021-05-11,1,0,1,0,16,12,4,14
ZdenekHrib,2021-05-11,2,2,0,479,516,459,57,107.7
zeleni_cz,2021-05-11,1,0,1,0,367,164,203,4.1
alenaschillerov,2021-05-10,6,6,0,123,708,619,89,25.8
AndrejBabis,2021-05-10,11,1,10,454,1440,310,1130,58.6
general_pavel,2021-05-10,1,1,0,561,109,109,0,78.5
Jan_Skopecek,2021-05-10,2,2,0,939,322,287,35,65.7
JanLipavsky,2021-05-10,3,0,3,0,1219,248,971,36.6
kalousekm,2021-05-10,3,3,0,2290,1535,1508,27,807.5
KarelHavlicek_,2021-05-10,6,5,1,299,388,247,141,11.9
kducsl,2021-05-10,11,0,11,0,2306,196,2110,7.1
makupka,2021-05-10,1,1,0,231,109,91,18,70.9
market_a,2021-05-10,5,5,0,3661,564,470,94,454
milionchvilek,2021-05-10,3,0,3,0,182,112,70,19.4
MJureka,2021-05-10,3,3,0,271,854,733,121,150.7
ODScz,2021-05-10,8,0,8,0,2054,574,1480,79.2
olgarichterova,2021-05-10,2,2,0,218,381,375,6,26.7
P_Fiala,2021-05-10,1,1,0,396,447,298,149,135.6
PiratskaStrana,2021-05-10,3,1,2,156,857,352,505,36.3
Pospisil_Jiri,2021-05-10,3,3,0,324,288,247,41,59.5
SpoluKoalice,2021-05-10,18,0,18,0,1636,153,1483,29.5
STANcz,2021-05-10,4,1,3,52,478,135,343,8.7
TomasCzernin,2021-05-10,1,1,0,610,106,103,3,70.4
TomasZdechovsky,2021-05-10,12,10,2,1107,3247,2390,857,171.2
tomio_cz,2021-05-10,5,5,0,172,551,551,0,25.3
TOP09cz,2021-05-10,10,1,9,115,1921,75,1846,10.3
VeslavM,2021-05-10,1,1,0,10,260,251,9,6.1
vonpecka,2021-05-10,5,5,0,16,426,330,96,9.5
ZdenekHrib,2021-05-10,5,4,1,260,514,457,57,107.2
alenaschillerov,2021-05-09,1,0,1,0,702,613,89,25.6
AndrejBabis,2021-05-09,4,3,1,496,1429,309,1120,58.2
honzabartosek,2021-05-09,1,1,0,118,254,254,0,30.4
Jan_Skopecek,2021-05-09,11,1,10,530,320,285,35,64.8
jana_cernochova,2021-05-09,2,2,0,2737,409,394,15,35.7
JanLipavsky,2021-05-09,18,3,15,327,1216,248,968,36.6
jhamacek,2021-05-09,2,0,2,0,352,269,83,42.2
kalousekm,2021-05-09,1,1,0,987,1532,1505,27,805.2
KarelHavlicek_,2021-05-09,1,0,1,0,382,242,140,11.6
kducsl,2021-05-09,8,0,8,0,2295,196,2099,7.1
Kuba_Martin,2021-05-09,8,8,0,51,803,803,0,103.5
market_a,2021-05-09,6,5,1,3327,559,465,94,450.3
MartinBaxa2,2021-05-09,1,1,0,383,93,93,0,34
milionchvilek,2021-05-09,4,4,0,123,179,112,67,19.4
MJureka,2021-05-09,2,2,0,637,851,730,121,150.4
ODScz,2021-05-09,12,4,8,677,2046,574,1472,79.2
olgarichterova,2021-05-09,5,4,1,286,379,373,6,26.5
PavelSehnal64,2021-05-09,1,1,0,0,36,36,0,0.3
Pospisil_Jiri,2021-05-09,2,2,0,736,285,244,41,59.2
RobertSlachta,2021-05-09,3,1,2,19,111,84,27,2.8
SpoluKoalice,2021-05-09,17,1,16,1489,1618,153,1465,29.5
STANcz,2021-05-09,1,1,0,197,474,134,340,8.6
TomasCzernin,2021-05-09,1,1,0,237,105,102,3,69.8
TomasZdechovsky,2021-05-09,15,11,4,1172,3235,2380,855,170.1
tomio_cz,2021-05-09,5,5,0,243,546,546,0,25.2
TOP09cz,2021-05-09,16,1,15,270,1911,74,1837,10.2
VeslavM,2021-05-09,9,9,0,152,259,250,9,6
Vit_Rakusan,2021-05-09,1,0,1,0,126,110,16,66.6
vojtafilip,2021-05-09,1,1,0,152,48,48,0,3.7
vonpecka,2021-05-09,5,3,2,4,421,325,96,9.5
ZdenekHrib,2021-05-09,1,1,0,455,509,453,56,107
zeleni_cz,2021-05-09,1,0,1,0,366,164,202,4.1
alenaschillerov,2021-05-08,1,1,0,63,701,613,88,25.6
AndrejBabis,2021-05-08,5,2,3,610,1425,306,1119,57.7
general_pavel,2021-05-08,1,1,0,578,108,108,0,78
honzabartosek,2021-05-08,2,2,0,93,253,253,0,30.3
Jan_Skopecek,2021-05-08,3,2,1,734,309,284,25,64.2
jana_cernochova,2021-05-08,20,20,0,1111,407,392,15,32.9
JanLipavsky,2021-05-08,11,7,4,118,1198,245,953,36.3
jhamacek,2021-05-08,2,1,1,301,350,269,81,42.2
kalousekm,2021-05-08,6,6,0,1512,1531,1504,27,804.2
KarelHavlicek_,2021-05-08,1,0,1,0,381,242,139,11.6
kducsl,2021-05-08,15,0,15,0,2287,196,2091,7.1
Kuba_Martin,2021-05-08,21,21,0,247,795,795,0,103.4
market_a,2021-05-08,4,2,2,638,553,460,93,447
metnarl,2021-05-08,1,1,0,69,48,36,12,3.4
MJureka,2021-05-08,4,4,0,566,849,728,121,149.8
ODScz,2021-05-08,6,0,6,0,2034,570,1464,78.6
olgarichterova,2021-05-08,3,3,0,97,374,369,5,26.2
P_Fiala,2021-05-08,2,1,1,347,446,297,149,135.2
Pospisil_Jiri,2021-05-08,1,1,0,170,283,242,41,58.5
SpoluKoalice,2021-05-08,21,0,21,0,1601,152,1449,28.1
STANcz,2021-05-08,7,1,6,57,473,133,340,8.4
TomasCzernin,2021-05-08,1,1,0,241,104,101,3,69.6
TomasZdechovsky,2021-05-08,15,14,1,697,3220,2369,851,168.9
tomio_cz,2021-05-08,7,7,0,311,541,541,0,24.9
TOP09cz,2021-05-08,12,0,12,0,1895,73,1822,10
VeslavM,2021-05-08,16,16,0,1388,250,241,9,5.9
Vit_Rakusan,2021-05-08,2,2,0,196,125,110,15,66.6
vonpecka,2021-05-08,10,10,0,59,416,322,94,9.5
alenaschillerov,2021-05-07,4,4,0,179,700,612,88,25.6
AndrejBabis,2021-05-07,14,5,9,847,1420,304,1116,57.1
honzabartosek,2021-05-07,1,1,0,40,251,251,0,30.2
Jan_Skopecek,2021-05-07,3,3,0,662,306,282,24,63.5
jana_cernochova,2021-05-07,5,5,0,139,387,372,15,31.8
JanLipavsky,2021-05-07,8,1,7,2793,1187,238,949,36.2
jhamacek,2021-05-07,3,0,3,0,348,268,80,41.9
kalousekm,2021-05-07,1,1,0,15,1525,1498,27,802.7
KarelHavlicek_,2021-05-07,1,1,0,27,380,242,138,11.6
kducsl,2021-05-07,11,0,11,0,2272,196,2076,7.1
makupka,2021-05-07,1,1,0,2571,108,90,18,70.7
market_a,2021-05-07,3,2,1,3154,549,458,91,446.4
metnarl,2021-05-07,1,0,1,0,47,35,12,3.3
milionchvilek,2021-05-07,1,1,0,274,175,108,67,19.3
MJureka,2021-05-07,7,7,0,1886,845,724,121,149.2
ODScz,2021-05-07,6,1,5,11,2028,570,1458,78.6
P_Fiala,2021-05-07,1,1,0,552,444,296,148,134.8
PiratskaStrana,2021-05-07,3,0,3,0,854,351,503,36.2
RobertSlachta,2021-05-07,1,1,0,40,108,83,25,2.8
SpoluKoalice,2021-05-07,26,0,26,0,1580,152,1428,28.1
STANcz,2021-05-07,4,2,2,239,466,132,334,8.4
TomasZdechovsky,2021-05-07,11,8,3,1193,3205,2355,850,168.2
tomio_cz,2021-05-07,7,7,0,183,534,534,0,24.6
TOP09cz,2021-05-07,10,0,10,0,1883,73,1810,10
vonpecka,2021-05-07,2,2,0,15,406,312,94,9.4
ZdenekHrib,2021-05-07,6,5,1,301,508,452,56,106.5
zeleni_cz,2021-05-07,3,3,0,159,365,164,201,4.1
alenaschillerov,2021-05-06,7,7,0,201,696,608,88,25.4
AndrejBabis,2021-05-06,10,0,10,0,1406,299,1107,56.2
honzabartosek,2021-05-06,1,1,0,276,250,250,0,30.2
Jan_Skopecek,2021-05-06,2,2,0,1297,303,279,24,62.8
jana_cernochova,2021-05-06,9,9,0,338,382,367,15,31.7
JanLipavsky,2021-05-06,6,0,6,0,1179,237,942,33.4
jhamacek,2021-05-06,3,1,2,555,345,268,77,41.9
kalousekm,2021-05-06,13,13,0,7197,1524,1497,27,802.7
KarelHavlicek_,2021-05-06,2,2,0,70,379,241,138,11.5
kducsl,2021-05-06,11,0,11,0,2261,196,2065,7.1
market_a,2021-05-06,3,3,0,4310,546,456,90,443.2
MartinBaxa2,2021-05-06,1,1,0,473,92,92,0,33.6
metnarl,2021-05-06,1,1,0,39,46,35,11,3.3
milionchvilek,2021-05-06,4,1,3,152,174,107,67,19
MJureka,2021-05-06,9,9,0,1630,838,717,121,147.3
ODScz,2021-05-06,16,2,14,70,2022,569,1453,78.6
olgarichterova,2021-05-06,3,3,0,352,371,366,5,26.1
PiratIvanBartos,2021-05-06,1,1,0,720,335,314,21,157
PiratskaStrana,2021-05-06,6,1,5,142,851,351,500,36.2
Pospisil_Jiri,2021-05-06,3,2,1,875,282,241,41,58.3
SpoluKoalice,2021-05-06,17,0,17,0,1554,152,1402,28.1
STANcz,2021-05-06,5,2,3,64,462,130,332,8.1
TomasZdechovsky,2021-05-06,26,17,9,1945,3194,2347,847,167
tomio_cz,2021-05-06,6,6,0,315,527,527,0,24.4
TOP09cz,2021-05-06,15,0,15,0,1873,73,1800,10
VeslavM,2021-05-06,3,3,0,11,234,225,9,4.5
Vit_Rakusan,2021-05-06,1,1,0,693,123,108,15,66.4
volimtrikoloru,2021-05-06,4,3,1,40,95,89,6,3.6
vonpecka,2021-05-06,1,1,0,5,404,310,94,9.4
ZdenekHrib,2021-05-06,1,0,1,0,502,447,55,106.2
zeleni_cz,2021-05-06,1,1,0,47,362,161,201,3.9
alenaschillerov,2021-05-05,12,12,0,227,689,601,88,25.2
AndrejBabis,2021-05-05,7,1,6,108,1396,299,1097,56.2
honzabartosek,2021-05-05,2,2,0,60,249,249,0,29.9
Jan_Skopecek,2021-05-05,4,3,1,452,301,277,24,61.5
jana_cernochova,2021-05-05,6,6,0,237,373,358,15,31.3
JanLipavsky,2021-05-05,5,1,4,0,1173,237,936,33.4
jhamacek,2021-05-05,2,2,0,598,342,267,75,41.3
kalousekm,2021-05-05,7,7,0,6654,1511,1484,27,795.5
KarelHavlicek_,2021-05-05,4,3,1,92,377,239,138,11.5
kducsl,2021-05-05,20,2,18,38,2250,196,2054,7.1
market_a,2021-05-05,7,7,0,2781,543,453,90,438.9
MartinBaxa2,2021-05-05,1,1,0,1068,91,91,0,33.1
milionchvilek,2021-05-05,1,1,0,185,170,106,64,18.9
MJureka,2021-05-05,14,12,2,1616,829,708,121,145.7
ODScz,2021-05-05,26,3,23,1715,2006,567,1439,78.5
P_Fiala,2021-05-05,11,9,2,1157,443,295,148,134.3
PiratIvanBartos,2021-05-05,2,2,0,6,334,313,21,156.3
PiratskaStrana,2021-05-05,3,0,3,0,845,350,495,36
Pospisil_Jiri,2021-05-05,2,2,0,965,279,239,40,57.4
RobertSlachta,2021-05-05,1,0,1,0,107,82,25,2.8
SpoluKoalice,2021-05-05,20,3,17,407,1537,152,1385,28.1
STANcz,2021-05-05,2,0,2,0,457,128,329,8.1
TomasZdechovsky,2021-05-05,12,9,3,1325,3168,2330,838,165
tomio_cz,2021-05-05,2,2,0,198,521,521,0,24.1
TOP09cz,2021-05-05,10,0,10,0,1858,73,1785,10
VeslavM,2021-05-05,1,1,0,25,231,222,9,4.5
volimtrikoloru,2021-05-05,2,2,0,59,91,86,5,3.6
vonpecka,2021-05-05,7,6,1,42,403,309,94,9.4
ZdenekHrib,2021-05-05,4,4,0,455,501,447,54,106.2
zeleni_cz,2021-05-05,4,2,2,34,361,160,201,3.8
alenaschillerov,2021-05-04,16,16,0,85,677,589,88,25
AndrejBabis,2021-05-04,8,3,5,446,1389,298,1091,56.1
czKSCM,2021-05-04,1,0,1,0,65,18,47,0.2
honzabartosek,2021-05-04,1,1,0,172,247,247,0,29.8
Jan_Skopecek,2021-05-04,2,2,0,1414,297,274,23,61.1
jana_cernochova,2021-05-04,4,4,0,88,367,352,15,31.1
JanLipavsky,2021-05-04,17,7,10,611,1168,236,932,33.4
jhamacek,2021-05-04,4,4,0,481,340,265,75,40.7
kalousekm,2021-05-04,31,31,0,15191,1504,1477,27,788.8
KarelHavlicek_,2021-05-04,1,0,1,0,373,236,137,11.4
kducsl,2021-05-04,16,3,13,67,2230,194,2036,7.1
makupka,2021-05-04,1,1,0,1711,107,89,18,68.1
market_a,2021-05-04,4,4,0,5745,536,446,90,436.1
MartinBaxa2,2021-05-04,3,3,0,526,90,90,0,32.1
metnarl,2021-05-04,2,1,1,59,45,34,11,3.3
milionchvilek,2021-05-04,5,3,2,416,169,105,64,18.7
MJureka,2021-05-04,3,2,1,572,815,696,119,144.1
ODScz,2021-05-04,26,1,25,4,1980,564,1416,76.8
P_Fiala,2021-05-04,8,4,4,2569,432,286,146,133.1
PiratIvanBartos,2021-05-04,4,4,0,2502,332,311,21,156.3
PiratskaStrana,2021-05-04,6,2,4,173,842,350,492,36
Pospisil_Jiri,2021-05-04,3,2,1,619,277,237,40,56.5
SpoluKoalice,2021-05-04,33,1,32,125,1517,149,1368,27.7
STANcz,2021-05-04,6,3,3,138,455,128,327,8.1
TomasCzernin,2021-05-04,1,1,0,837,103,100,3,69.3
TomasZdechovsky,2021-05-04,26,18,8,2847,3156,2321,835,163.7
tomio_cz,2021-05-04,2,2,0,101,519,519,0,23.9
TOP09cz,2021-05-04,25,2,23,103,1848,73,1775,10
Vit_Rakusan,2021-05-04,2,1,1,728,122,107,15,65.7
vonpecka,2021-05-04,8,3,5,47,396,303,93,9.3
ZdenekHrib,2021-05-04,9,5,4,1081,497,443,54,105.7
alenaschillerov,2021-05-03,3,3,0,144,661,573,88,24.9
AndrejBabis,2021-05-03,12,1,11,78,1381,295,1086,55.7
Jan_Skopecek,2021-05-03,2,2,0,208,295,272,23,59.7
jana_cernochova,2021-05-03,8,8,0,179,363,348,15,31
JanLipavsky,2021-05-03,5,1,4,524,1151,229,922,32.8
jhamacek,2021-05-03,1,0,1,0,336,261,75,40.3
kalousekm,2021-05-03,7,7,0,5013,1473,1446,27,773.6
KarelHavlicek_,2021-05-03,6,5,1,296,372,236,136,11.4
kducsl,2021-05-03,11,0,11,0,2214,191,2023,7
makupka,2021-05-03,1,1,0,301,106,88,18,66.4
market_a,2021-05-03,3,3,0,5339,532,442,90,430.4
metnarl,2021-05-03,2,0,2,0,43,33,10,3.2
milionchvilek,2021-05-03,3,2,1,395,164,102,62,18.3
MJureka,2021-05-03,1,1,0,161,812,694,118,143.5
ODScz,2021-05-03,7,0,7,0,1954,563,1391,76.8
P_Fiala,2021-05-03,1,1,0,175,424,282,142,130.5
PiratIvanBartos,2021-05-03,3,2,1,750,328,307,21,153.8
PiratskaStrana,2021-05-03,5,3,2,252,836,348,488,35.9
Pospisil_Jiri,2021-05-03,2,2,0,344,274,235,39,55.9
RobertSlachta,2021-05-03,1,0,1,0,106,82,24,2.8
SpoluKoalice,2021-05-03,9,0,9,0,1484,148,1336,27.5
STANcz,2021-05-03,8,1,7,14,449,125,324,7.9
TomasZdechovsky,2021-05-03,20,15,5,1782,3130,2303,827,160.9
tomio_cz,2021-05-03,4,4,0,251,517,517,0,23.8
TOP09cz,2021-05-03,12,0,12,0,1823,71,1752,9.9
VeslavM,2021-05-03,2,2,0,50,230,221,9,4.5
Vit_Rakusan,2021-05-03,2,2,0,378,120,106,14,65
vojtafilip,2021-05-03,2,2,0,179,47,47,0,3.5
volimtrikoloru,2021-05-03,3,3,0,3,89,84,5,3.5
vonpecka,2021-05-03,1,1,0,1,388,300,88,9.3
ZdenekHrib,2021-05-03,2,0,2,0,488,438,50,104.7
zeleni_cz,2021-05-03,2,1,1,23,357,158,199,3.8
alenaschillerov,2021-05-02,2,2,0,89,658,570,88,24.7
AndrejBabis,2021-05-02,8,8,0,1530,1369,294,1075,55.6
Jan_Skopecek,2021-05-02,4,3,1,207,293,270,23,59.5
jana_cernochova,2021-05-02,4,4,0,1279,355,340,15,30.8
JanLipavsky,2021-05-02,1,0,1,0,1146,228,918,32.3
jhamacek,2021-05-02,2,2,0,238,335,261,74,40.3
kalousekm,2021-05-02,10,10,0,1148,1466,1439,27,768.6
KarelHavlicek_,2021-05-02,1,0,1,0,366,231,135,11.1
kducsl,2021-05-02,6,0,6,0,2203,191,2012,7
Kuba_Martin,2021-05-02,4,4,0,24,774,774,0,103.2
market_a,2021-05-02,1,1,0,425,529,439,90,425
MartinBaxa2,2021-05-02,1,1,0,598,87,87,0,31.5
ODScz,2021-05-02,9,6,3,849,1947,563,1384,76.8
RobertSlachta,2021-05-02,2,2,0,27,105,82,23,2.8
SpoluKoalice,2021-05-02,18,0,18,0,1475,148,1327,27.5
STANcz,2021-05-02,1,0,1,0,441,124,317,7.9
TomasZdechovsky,2021-05-02,29,27,2,1735,3110,2288,822,159.1
TOP09cz,2021-05-02,13,0,13,0,1811,71,1740,9.9
VeslavM,2021-05-02,1,1,0,1,228,219,9,4.4
alenaschillerov,2021-05-01,1,1,0,69,656,568,88,24.6
AndrejBabis,2021-05-01,3,2,1,429,1361,286,1075,54.1
czKSCM,2021-05-01,1,0,1,0,64,18,46,0.2
general_pavel,2021-05-01,1,1,0,537,107,107,0,77.4
Jan_Skopecek,2021-05-01,4,4,0,1776,289,267,22,59.3
jana_cernochova,2021-05-01,1,1,0,18,351,336,15,29.6
JanLipavsky,2021-05-01,1,0,1,0,1145,228,917,32.3
jhamacek,2021-05-01,4,2,2,558,333,259,74,40
kalousekm,2021-05-01,2,2,0,2544,1456,1429,27,767.5
KarelHavlicek_,2021-05-01,1,1,0,102,365,231,134,11.1
kducsl,2021-05-01,8,0,8,0,2197,191,2006,7
makupka,2021-05-01,2,1,1,80,105,87,18,66.1
market_a,2021-05-01,2,1,1,1145,528,438,90,424.6
MJureka,2021-05-01,4,4,0,725,811,693,118,143.3
ODScz,2021-05-01,7,0,7,0,1938,557,1381,75.9
P_Fiala,2021-05-01,2,1,1,1078,423,281,142,130.4
Pospisil_Jiri,2021-05-01,1,1,0,202,272,233,39,55.5
SpoluKoalice,2021-05-01,11,0,11,0,1457,148,1309,27.5
STANcz,2021-05-01,1,0,1,0,440,124,316,7.9
TomasZdechovsky,2021-05-01,8,6,2,1399,3081,2261,820,157.4
tomio_cz,2021-05-01,3,3,0,178,513,513,0,23.6
TOP09cz,2021-05-01,6,0,6,0,1798,71,1727,9.9
VeslavM,2021-05-01,2,2,0,12,227,218,9,4.4
vonpecka,2021-05-01,2,1,1,35,387,299,88,9.3
zeleni_cz,2021-05-01,3,3,0,101,355,157,198,3.8
alenaschillerov,2021-04-30,4,4,0,68,655,567,88,24.6
AndrejBabis,2021-04-30,13,7,6,855,1358,284,1074,53.6
czKSCM,2021-04-30,1,0,1,0,63,18,45,0.2
general_pavel,2021-04-30,1,1,0,440,106,106,0,76.9
honzabartosek,2021-04-30,2,2,0,250,246,246,0,29.7
Jan_Skopecek,2021-04-30,4,3,1,342,285,263,22,57.5
jana_cernochova,2021-04-30,13,13,0,489,350,335,15,29.5
JanLipavsky,2021-04-30,10,2,8,252,1144,228,916,32.3
jhamacek,2021-04-30,1,0,1,0,329,257,72,39.5
kalousekm,2021-04-30,9,9,0,2773,1454,1427,27,764.9
KarelHavlicek_,2021-04-30,1,1,0,42,364,230,134,11
kducsl,2021-04-30,15,0,15,0,2189,191,1998,7
Kuba_Martin,2021-04-30,1,1,0,70,770,770,0,103.2
makupka,2021-04-30,1,1,0,640,103,86,17,66
market_a,2021-04-30,5,4,1,7110,526,437,89,423.5
MartinBaxa2,2021-04-30,2,2,0,132,86,86,0,30.9
milionchvilek,2021-04-30,4,1,3,1,161,100,61,17.9
MJureka,2021-04-30,6,4,2,338,807,689,118,142.6
ODScz,2021-04-30,13,1,12,93,1931,557,1374,75.9
olgarichterova,2021-04-30,1,1,0,328,368,363,5,25.8
P_Fiala,2021-04-30,7,2,5,568,421,280,141,129.3
PiratIvanBartos,2021-04-30,1,0,1,0,325,305,20,153
PiratskaStrana,2021-04-30,8,2,6,194,831,345,486,35.6
Pospisil_Jiri,2021-04-30,2,2,0,421,271,232,39,55.3
SpoluKoalice,2021-04-30,11,4,7,439,1446,148,1298,27.5
STANcz,2021-04-30,5,0,5,0,439,124,315,7.9
TomasCzernin,2021-04-30,1,1,0,489,102,99,3,68.5
TomasZdechovsky,2021-04-30,20,17,3,905,3073,2255,818,156
tomio_cz,2021-04-30,2,2,0,47,510,510,0,23.4
TOP09cz,2021-04-30,17,1,16,23,1792,71,1721,9.9
VeslavM,2021-04-30,1,1,0,28,225,216,9,4.4
Vit_Rakusan,2021-04-30,1,1,0,1,118,104,14,64.6
vonpecka,2021-04-30,4,3,1,47,385,298,87,9.3
ZdenekHrib,2021-04-30,1,0,1,0,486,438,48,104.7
zeleni_cz,2021-04-30,1,1,0,38,352,154,198,3.7
alenaschillerov,2021-04-29,8,8,0,317,651,563,88,24.5
AndrejBabis,2021-04-29,10,1,9,139,1345,277,1068,52.8
czKSCM,2021-04-29,1,0,1,0,62,18,44,0.2
general_pavel,2021-04-29,2,2,0,284,105,105,0,76.4
honzabartosek,2021-04-29,1,1,0,17,244,244,0,29.4
Jan_Skopecek,2021-04-29,1,1,0,570,281,260,21,57.1
JanLipavsky,2021-04-29,12,0,12,0,1134,226,908,32
jhamacek,2021-04-29,3,0,3,0,328,257,71,39.5
kalousekm,2021-04-29,6,6,0,1258,1445,1418,27,762.1
KarelHavlicek_,2021-04-29,4,4,0,360,363,229,134,10.9
kducsl,2021-04-29,29,0,29,0,2174,191,1983,7
makupka,2021-04-29,1,1,0,295,102,85,17,65.4
market_a,2021-04-29,5,5,0,5680,521,433,88,416.4
MartinBaxa2,2021-04-29,1,1,0,102,84,84,0,30.8
milionchvilek,2021-04-29,19,15,4,1755,157,99,58,17.9
MJureka,2021-04-29,6,6,0,2435,801,685,116,142.3
ODScz,2021-04-29,21,4,17,296,1918,556,1362,75.8
olgarichterova,2021-04-29,1,1,0,53,367,362,5,25.5
PiratIvanBartos,2021-04-29,4,4,0,4990,324,305,19,153
PiratskaStrana,2021-04-29,6,3,3,1460,823,343,480,35.4
Pospisil_Jiri,2021-04-29,3,3,0,971,269,230,39,54.9
SpoluKoalice,2021-04-29,15,0,15,0,1435,144,1291,27.1
TomasCzernin,2021-04-29,1,1,0,26,101,98,3,68
TomasZdechovsky,2021-04-29,24,20,4,1142,3053,2238,815,155.1
tomio_cz,2021-04-29,3,3,0,258,508,508,0,23.3
TOP09cz,2021-04-29,16,1,15,90,1775,70,1705,9.8
Vit_Rakusan,2021-04-29,2,2,0,722,117,103,14,64.6
volimtrikoloru,2021-04-29,5,4,1,310,86,81,5,3.5
vonpecka,2021-04-29,6,6,0,154,381,295,86,9.2
ZdenekHrib,2021-04-29,3,3,0,1675,485,438,47,104.7
zeleni_cz,2021-04-29,2,0,2,0,351,153,198,3.7
alenaschillerov,2021-04-28,6,5,1,209,643,555,88,24.2
AndrejBabis,2021-04-28,11,4,7,507,1335,276,1059,52.6
Jan_Skopecek,2021-04-28,4,4,0,1669,280,259,21,56.6
jana_cernochova,2021-04-28,2,1,1,140,337,322,15,29.1
JanLipavsky,2021-04-28,13,0,13,0,1122,226,896,32
jhamacek,2021-04-28,1,0,1,0,325,257,68,39.5
kalousekm,2021-04-28,5,5,0,2797,1439,1412,27,760.9
KarelHavlicek_,2021-04-28,5,4,1,110,359,225,134,10.6
kducsl,2021-04-28,15,0,15,0,2145,191,1954,7
Kuba_Martin,2021-04-28,1,1,0,1,769,769,0,103.1
market_a,2021-04-28,9,9,0,2066,516,428,88,410.7
MartinBaxa2,2021-04-28,2,2,0,233,83,83,0,30.7
milionchvilek,2021-04-28,2,1,1,150,138,84,54,16.1
MJureka,2021-04-28,9,8,1,1544,795,679,116,139.8
ODScz,2021-04-28,27,0,27,0,1897,552,1345,75.5
olgarichterova,2021-04-28,1,0,1,0,366,361,5,25.4
P_Fiala,2021-04-28,6,4,2,2127,414,278,136,128.7
PavelSehnal64,2021-04-28,2,2,0,1,35,35,0,0.3
PiratIvanBartos,2021-04-28,3,3,0,1297,320,301,19,148
PiratskaStrana,2021-04-28,8,2,6,231,817,340,477,34
Pospisil_Jiri,2021-04-28,2,2,0,727,266,227,39,53.9
SpoluKoalice,2021-04-28,16,1,15,9,1420,144,1276,27.1
TomasCzernin,2021-04-28,1,1,0,319,100,97,3,68
TomasZdechovsky,2021-04-28,56,45,11,2924,3029,2218,811,153.9
tomio_cz,2021-04-28,2,2,0,116,505,505,0,23.1
TOP09cz,2021-04-28,17,1,16,323,1759,69,1690,9.7
VeslavM,2021-04-28,2,2,0,8,224,215,9,4.4
volimtrikoloru,2021-04-28,1,1,0,72,81,77,4,3.2
vonpecka,2021-04-28,8,6,2,214,375,289,86,9.1
zeleni_cz,2021-04-28,1,0,1,0,349,153,196,3.7
alenaschillerov,2021-04-27,5,4,1,44,637,550,87,24
AndrejBabis,2021-04-27,8,0,8,0,1324,272,1052,52.1
general_pavel,2021-04-27,1,1,0,654,103,103,0,76.1
honzabartosek,2021-04-27,2,2,0,276,243,243,0,29.4
Jan_Skopecek,2021-04-27,2,2,0,438,276,255,21,54.9
jana_cernochova,2021-04-27,12,12,0,1951,335,321,14,28.9
JanLipavsky,2021-04-27,8,0,8,0,1109,226,883,32
jhamacek,2021-04-27,1,0,1,0,324,257,67,39.5
kalousekm,2021-04-27,20,20,0,8090,1434,1407,27,758.1
KarelHavlicek_,2021-04-27,4,3,1,84,354,221,133,10.5
kducsl,2021-04-27,22,2,20,142,2130,191,1939,7
Kuba_Martin,2021-04-27,3,3,0,914,768,768,0,103.1
makupka,2021-04-27,1,1,0,1524,101,84,17,65.1
market_a,2021-04-27,10,8,2,5028,507,419,88,408.6
MartinBaxa2,2021-04-27,1,1,0,1167,81,81,0,30.5
milionchvilek,2021-04-27,3,0,3,0,136,83,53,16
MJureka,2021-04-27,13,12,1,2958,786,671,115,138.3
ODScz,2021-04-27,32,0,32,0,1870,552,1318,75.5
P_Fiala,2021-04-27,9,4,5,1805,408,274,134,126.6
PavelSehnal64,2021-04-27,2,2,0,2,33,33,0,0.3
PiratskaStrana,2021-04-27,2,0,2,0,809,338,471,33.7
Pospisil_Jiri,2021-04-27,2,2,0,667,264,225,39,53.2
RobertSlachta,2021-04-27,2,1,1,20,103,80,23,2.7
SpoluKoalice,2021-04-27,41,6,35,1096,1404,143,1261,27.1
STANcz,2021-04-27,3,0,3,0,434,124,310,7.9
TomasZdechovsky,2021-04-27,64,50,14,2616,2973,2173,800,151
tomio_cz,2021-04-27,2,2,0,29,503,503,0,23
TOP09cz,2021-04-27,35,1,34,196,1742,68,1674,9.4
VeslavM,2021-04-27,7,6,1,553,222,213,9,4.4
vonpecka,2021-04-27,4,3,1,31,367,283,84,8.8
Zbynek_Stanjura,2021-04-27,2,1,1,711,15,12,3,14
ZdenekHrib,2021-04-27,2,2,0,439,482,435,47,103
zeleni_cz,2021-04-27,1,1,0,37,348,153,195,3.7
alenaschillerov,2021-04-26,11,11,0,354,632,546,86,23.9
AndrejBabis,2021-04-26,20,3,17,846,1316,272,1044,52.1
czKSCM,2021-04-26,1,0,1,0,61,18,43,0.2
honzabartosek,2021-04-26,2,2,0,89,241,241,0,29.1
Jan_Skopecek,2021-04-26,1,1,0,722,274,253,21,54.5
jana_cernochova,2021-04-26,3,3,0,47,323,309,14,27
JanLipavsky,2021-04-26,11,0,11,0,1101,226,875,32
kalousekm,2021-04-26,10,10,0,6415,1414,1387,27,750
KarelHavlicek_,2021-04-26,8,5,3,228,350,218,132,10.4
kducsl,2021-04-26,16,0,16,0,2108,189,1919,6.9
makupka,2021-04-26,1,1,0,1067,100,83,17,63.6
market_a,2021-04-26,5,5,0,7867,497,411,86,403.6
milionchvilek,2021-04-26,1,1,0,246,133,83,50,16
MJureka,2021-04-26,8,8,0,333,773,659,114,135.3
ODScz,2021-04-26,12,4,8,39,1838,552,1286,75.5
olgarichterova,2021-04-26,1,1,0,160,365,361,4,25.4
P_Fiala,2021-04-26,1,1,0,679,399,270,129,124.8
PiratIvanBartos,2021-04-26,6,6,0,1177,317,298,19,146.7
PiratskaStrana,2021-04-26,6,3,3,257,807,338,469,33.7
Pospisil_Jiri,2021-04-26,2,2,0,673,262,223,39,52.5
SpoluKoalice,2021-04-26,12,0,12,0,1363,137,1226,26
STANcz,2021-04-26,4,0,4,0,431,124,307,7.9
TomasCzernin,2021-04-26,3,3,0,1664,99,96,3,67.7
TomasZdechovsky,2021-04-26,28,17,11,1158,2909,2123,786,148.4
tomio_cz,2021-04-26,4,4,0,327,501,501,0,22.9
TOP09cz,2021-04-26,27,1,26,103,1707,67,1640,9.2
VeslavM,2021-04-26,8,8,0,31,215,207,8,3.8
Vit_Rakusan,2021-04-26,1,1,0,504,115,101,14,63.9
vojtafilip,2021-04-26,1,1,0,206,45,45,0,3.4
volimtrikoloru,2021-04-26,3,3,0,138,80,76,4,3.1
vonpecka,2021-04-26,3,2,1,61,363,280,83,8.8
ZdenekHrib,2021-04-26,3,1,2,2702,480,433,47,102.6
zeleni_cz,2021-04-26,1,1,0,26,347,152,195,3.6
alenaschillerov,2021-04-25,3,2,1,58,621,535,86,23.6
AndrejBabis,2021-04-25,4,4,0,570,1296,269,1027,51.3
czKSCM,2021-04-25,1,0,1,0,60,18,42,0.2
general_pavel,2021-04-25,4,4,0,4600,102,102,0,75.5
honzabartosek,2021-04-25,4,4,0,2546,239,239,0,29
Jan_Skopecek,2021-04-25,1,1,0,1217,273,252,21,53.7
jana_cernochova,2021-04-25,12,12,0,5342,320,306,14,26.9
JanLipavsky,2021-04-25,22,0,22,0,1090,226,864,32
jhamacek,2021-04-25,4,4,0,403,323,257,66,39.5
kalousekm,2021-04-25,14,14,0,16088,1404,1377,27,743.6
KarelHavlicek_,2021-04-25,1,0,1,0,342,213,129,10.2
kducsl,2021-04-25,26,0,26,0,2092,189,1903,6.9
Kuba_Martin,2021-04-25,1,1,0,1631,765,765,0,102.2
makupka,2021-04-25,1,1,0,647,99,82,17,62.5
market_a,2021-04-25,4,4,0,10215,492,406,86,395.7
milionchvilek,2021-04-25,8,6,2,1253,132,82,50,15.7
MJureka,2021-04-25,16,13,3,5039,765,651,114,135
ODScz,2021-04-25,22,5,17,1547,1826,548,1278,75.5
olgarichterova,2021-04-25,1,1,0,166,364,360,4,25.2
P_Fiala,2021-04-25,3,3,0,2448,398,269,129,124.1
PiratIvanBartos,2021-04-25,1,1,0,2269,311,292,19,145.6
PiratskaStrana,2021-04-25,3,1,2,3,801,335,466,33.5
Pospisil_Jiri,2021-04-25,5,5,0,1397,260,221,39,51.8
RobertSlachta,2021-04-25,3,3,0,47,101,79,22,2.7
SpoluKoalice,2021-04-25,20,1,19,626,1351,137,1214,26
STANcz,2021-04-25,8,0,8,0,427,124,303,7.9
TomasCzernin,2021-04-25,3,3,0,4584,96,93,3,66
TomasZdechovsky,2021-04-25,28,23,5,2756,2881,2106,775,147.2
tomio_cz,2021-04-25,1,1,0,22,497,497,0,22.6
TOP09cz,2021-04-25,31,0,31,0,1680,66,1614,9.1
VeslavM,2021-04-25,6,6,0,33,207,199,8,3.8
Vit_Rakusan,2021-04-25,7,5,2,3331,114,100,14,63.4
vonpecka,2021-04-25,5,2,3,91,360,278,82,8.8
Zbynek_Stanjura,2021-04-25,1,1,0,318,13,11,2,13.3
alenaschillerov,2021-04-24,3,2,1,283,618,533,85,23.5
AndrejBabis,2021-04-24,4,2,2,454,1292,265,1027,50.7
general_pavel,2021-04-24,1,1,0,300,98,98,0,70.9
Jan_Skopecek,2021-04-24,2,2,0,2098,272,251,21,52.5
jana_cernochova,2021-04-24,1,1,0,10,308,294,14,21.6
JanLipavsky,2021-04-24,7,1,6,12,1068,226,842,32
jhamacek,2021-04-24,3,1,2,291,319,253,66,39.1
kalousekm,2021-04-24,2,2,0,3838,1390,1363,27,727.5
KarelHavlicek_,2021-04-24,1,0,1,0,341,213,128,10.2
kducsl,2021-04-24,3,0,3,0,2066,189,1877,6.9
makupka,2021-04-24,1,1,0,480,98,81,17,61.9
market_a,2021-04-24,3,3,0,6512,488,402,86,385.5
MJureka,2021-04-24,6,6,0,429,749,638,111,130
ODScz,2021-04-24,10,1,9,23,1804,543,1261,73.9
P_Fiala,2021-04-24,2,2,0,2994,395,266,129,121.7
PavelSehnal64,2021-04-24,1,1,0,1,31,31,0,0.3
PiratskaStrana,2021-04-24,1,1,0,120,798,334,464,33.5
SpoluKoalice,2021-04-24,13,0,13,0,1331,136,1195,25.4
STANcz,2021-04-24,6,1,5,21,419,124,295,7.9
TomasZdechovsky,2021-04-24,21,19,2,2382,2853,2083,770,144.5
tomio_cz,2021-04-24,5,5,0,294,496,496,0,22.6
TOP09cz,2021-04-24,2,0,2,0,1649,66,1583,9.1
VeslavM,2021-04-24,3,3,0,3,201,193,8,3.8
Vit_Rakusan,2021-04-24,2,2,0,756,107,95,12,60
volimtrikoloru,2021-04-24,2,1,1,45,77,73,4,3
vonpecka,2021-04-24,1,0,1,0,355,276,79,8.7
ZdenekHrib,2021-04-24,2,1,1,339,477,432,45,99.8
alenaschillerov,2021-04-23,5,5,0,84,615,531,84,23.2
AndrejBabis,2021-04-23,11,6,5,1107,1288,263,1025,50.3
general_pavel,2021-04-23,1,1,0,214,97,97,0,70.6
honzabartosek,2021-04-23,6,6,0,517,235,235,0,26.5
Jan_Skopecek,2021-04-23,4,4,0,1095,270,249,21,50.4
jana_cernochova,2021-04-23,12,12,0,1313,307,293,14,21.6
JanLipavsky,2021-04-23,15,3,12,19,1061,225,836,32
jhamacek,2021-04-23,3,0,3,0,316,252,64,38.8
kalousekm,2021-04-23,6,6,0,7899,1388,1361,27,723.6
KarelHavlicek_,2021-04-23,6,4,2,105,340,213,127,10.2
kducsl,2021-04-23,25,6,19,80,2063,189,1874,6.9
Kuba_Martin,2021-04-23,1,1,0,7,764,764,0,100.6
market_a,2021-04-23,5,4,1,2491,485,399,86,379
MartinBaxa2,2021-04-23,1,1,0,292,80,80,0,29.3
milionchvilek,2021-04-23,6,5,1,1466,124,76,48,14.5
MJureka,2021-04-23,11,11,0,3601,743,632,111,129.5
ODScz,2021-04-23,28,3,25,2816,1794,542,1252,73.9
P_Fiala,2021-04-23,5,4,1,3528,393,264,129,118.7
PavelSehnal64,2021-04-23,1,1,0,0,30,30,0,0.3
PiratIvanBartos,2021-04-23,9,9,0,7108,310,291,19,143.3
PiratskaStrana,2021-04-23,16,12,4,1232,797,333,464,33.3
Pospisil_Jiri,2021-04-23,3,3,0,583,255,216,39,50.5
RobertSlachta,2021-04-23,3,3,0,98,98,76,22,2.7
SpoluKoalice,2021-04-23,16,1,15,874,1318,136,1182,25.4
STANcz,2021-04-23,7,4,3,413,413,123,290,7.9
TomasCzernin,2021-04-23,2,2,0,635,93,90,3,61.4
TomasZdechovsky,2021-04-23,20,15,5,2002,2832,2064,768,142.1
tomio_cz,2021-04-23,4,4,0,186,491,491,0,22.3
TOP09cz,2021-04-23,18,0,18,0,1647,66,1581,9.1
Vit_Rakusan,2021-04-23,3,3,0,453,105,93,12,59.3
volimtrikoloru,2021-04-23,2,2,0,85,75,72,3,3
vonpecka,2021-04-23,14,14,0,49,354,276,78,8.7
ZdenekHrib,2021-04-23,7,6,1,2278,475,431,44,99.5
zeleni_cz,2021-04-23,1,1,0,19,346,151,195,3.6
alenaschillerov,2021-04-22,11,9,2,326,610,526,84,23.2
AndrejBabis,2021-04-22,14,5,9,1807,1277,257,1020,49.2
general_pavel,2021-04-22,4,4,0,3852,96,96,0,70.4
honzabartosek,2021-04-22,2,2,0,198,229,229,0,26
Jan_Skopecek,2021-04-22,2,2,0,206,266,245,21,49.3
jana_cernochova,2021-04-22,3,3,0,399,295,281,14,20.2
JanLipavsky,2021-04-22,17,3,14,533,1046,222,824,32
jhamacek,2021-04-22,4,3,1,287,313,252,61,38.8
kalousekm,2021-04-22,9,9,0,3713,1382,1355,27,715.7
KarelHavlicek_,2021-04-22,3,2,1,175,334,209,125,10
kducsl,2021-04-22,15,3,12,101,2038,183,1855,6.8
makupka,2021-04-22,1,1,0,2315,97,80,17,61.4
market_a,2021-04-22,6,3,3,2299,480,395,85,376.5
MartinBaxa2,2021-04-22,1,1,0,67,79,79,0,29
metnarl,2021-04-22,2,2,0,74,41,33,8,3.2
milionchvilek,2021-04-22,2,1,1,20,118,71,47,13
MJureka,2021-04-22,8,7,1,2557,732,621,111,125.9
ODScz,2021-04-22,24,2,22,1435,1766,539,1227,71.1
olgarichterova,2021-04-22,3,3,0,15,363,359,4,25.1
P_Fiala,2021-04-22,8,6,2,4097,388,260,128,115.1
PavelSehnal64,2021-04-22,1,1,0,0,29,29,0,0.3
PiratIvanBartos,2021-04-22,6,6,0,4572,301,282,19,136.2
PiratskaStrana,2021-04-22,13,6,7,231,781,321,460,32.1
Pospisil_Jiri,2021-04-22,4,4,0,1260,252,213,39,49.9
RobertSlachta,2021-04-22,4,3,1,59,95,73,22,2.6
SpoluKoalice,2021-04-22,22,0,22,0,1302,135,1167,24.5
STANcz,2021-04-22,3,0,3,0,406,119,287,7.5
TomasZdechovsky,2021-04-22,13,11,2,4412,2812,2049,763,140.1
tomio_cz,2021-04-22,7,7,0,305,487,487,0,22.1
TOP09cz,2021-04-22,30,1,29,73,1629,66,1563,9.1
VeslavM,2021-04-22,1,1,0,20,198,190,8,3.7
volimtrikoloru,2021-04-22,3,3,0,139,73,70,3,2.9
vonpecka,2021-04-22,2,1,1,17,340,262,78,8.6
Zbynek_Stanjura,2021-04-22,2,0,2,0,12,10,2,13
ZdenekHrib,2021-04-22,13,12,1,1038,468,425,43,97.2
zeleni_cz,2021-04-22,1,1,0,43,345,150,195,3.6
alenaschillerov,2021-04-21,8,8,0,145,599,517,82,22.8
AndrejBabis,2021-04-21,14,1,13,95,1263,252,1011,47.4
czKSCM,2021-04-21,2,1,1,4,59,18,41,0.2
general_pavel,2021-04-21,2,2,0,418,92,92,0,66.5
honzabartosek,2021-04-21,5,5,0,547,227,227,0,25.8
Jan_Skopecek,2021-04-21,3,3,0,681,264,243,21,49.1
jana_cernochova,2021-04-21,8,8,0,185,292,278,14,19.9
JanLipavsky,2021-04-21,20,8,12,896,1029,219,810,31.4
jhamacek,2021-04-21,7,2,5,410,309,249,60,38.5
kalousekm,2021-04-21,12,12,0,6431,1373,1346,27,712
KarelHavlicek_,2021-04-21,2,2,0,50,331,207,124,9.9
kducsl,2021-04-21,20,4,16,105,2023,180,1843,6.7
makupka,2021-04-21,1,1,0,113,96,79,17,59.1
market_a,2021-04-21,3,3,0,3765,474,392,82,374.2
MartinBaxa2,2021-04-21,1,1,0,491,78,78,0,29
milionchvilek,2021-04-21,2,1,1,108,116,70,46,13
MJureka,2021-04-21,6,5,1,676,724,614,110,123.4
ODScz,2021-04-21,21,0,21,0,1742,537,1205,69.7
olgarichterova,2021-04-21,7,7,0,144,360,356,4,25.1
P_Fiala,2021-04-21,8,2,6,1117,380,254,126,111
PiratIvanBartos,2021-04-21,2,2,0,995,295,276,19,131.6
PiratskaStrana,2021-04-21,11,2,9,332,768,315,453,31.9
Pospisil_Jiri,2021-04-21,2,1,1,178,248,209,39,48.6
SpoluKoalice,2021-04-21,12,0,12,0,1280,135,1145,24.5
STANcz,2021-04-21,5,0,5,0,403,119,284,7.5
TomasCzernin,2021-04-21,2,2,0,614,91,88,3,60.8
TomasZdechovsky,2021-04-21,13,7,6,970,2799,2038,761,135.7
tomio_cz,2021-04-21,4,4,0,180,480,480,0,21.8
TOP09cz,2021-04-21,25,2,23,292,1599,65,1534,9
VeslavM,2021-04-21,6,6,0,26,197,189,8,3.7
Vit_Rakusan,2021-04-21,3,3,0,576,102,90,12,58.8
volimtrikoloru,2021-04-21,2,2,0,75,70,67,3,2.7
vonpecka,2021-04-21,2,1,1,116,338,261,77,8.6
ZdenekHrib,2021-04-21,4,4,0,3855,455,413,42,96.2
zeleni_cz,2021-04-21,1,0,1,0,344,149,195,3.5
alenaschillerov,2021-04-20,6,6,0,112,591,509,82,22.7
AndrejBabis,2021-04-20,10,2,8,183,1249,251,998,47.3
general_pavel,2021-04-20,1,1,0,815,90,90,0,66.1
honzabartosek,2021-04-20,3,3,0,458,222,222,0,25.2
Jan_Skopecek,2021-04-20,2,2,0,450,261,240,21,48.4
jana_cernochova,2021-04-20,1,1,0,126,284,270,14,19.7
JanLipavsky,2021-04-20,23,5,18,277,1009,211,798,30.5
kalousekm,2021-04-20,44,44,0,14752,1361,1334,27,705.6
KarelHavlicek_,2021-04-20,3,2,1,83,329,205,124,9.8
kducsl,2021-04-20,9,4,5,129,2003,176,1827,6.6
Kuba_Martin,2021-04-20,1,1,0,2,763,763,0,100.5
makupka,2021-04-20,2,2,0,151,95,78,17,58.9
market_a,2021-04-20,6,5,1,6397,471,389,82,370.4
MartinBaxa2,2021-04-20,1,1,0,249,77,77,0,28.5
milionchvilek,2021-04-20,4,0,4,0,114,69,45,12.9
MJureka,2021-04-20,1,1,0,43,718,609,109,122.7
ODScz,2021-04-20,55,27,28,2056,1721,537,1184,69.7
olgarichterova,2021-04-20,4,4,0,715,353,349,4,24.9
P_Fiala,2021-04-20,9,0,9,0,372,252,120,109.9
PavelSehnal64,2021-04-20,1,1,0,1,28,28,0,0.3
PiratIvanBartos,2021-04-20,5,5,0,4019,293,274,19,130.6
PiratskaStrana,2021-04-20,10,2,8,463,757,313,444,31.6
Pospisil_Jiri,2021-04-20,4,4,0,1255,246,208,38,48.4
RobertSlachta,2021-04-20,1,1,0,14,91,70,21,2.5
SpoluKoalice,2021-04-20,26,2,24,503,1268,135,1133,24.5
STANcz,2021-04-20,4,0,4,0,398,119,279,7.5
TomasCzernin,2021-04-20,1,1,0,1486,89,86,3,60.2
TomasZdechovsky,2021-04-20,20,13,7,1353,2786,2031,755,134.7
tomio_cz,2021-04-20,4,4,0,243,476,476,0,21.6
TOP09cz,2021-04-20,37,3,34,374,1574,63,1511,8.8
VeslavM,2021-04-20,2,2,0,44,191,183,8,3.7
Vit_Rakusan,2021-04-20,3,3,0,927,99,87,12,58.3
volimtrikoloru,2021-04-20,3,3,0,69,68,65,3,2.7
vonpecka,2021-04-20,7,5,2,37,336,260,76,8.5
ZdenekHrib,2021-04-20,7,5,2,366,451,409,42,92.3
zeleni_cz,2021-04-20,1,1,0,78,343,149,194,3.5
alenaschillerov,2021-04-19,11,10,1,261,585,503,82,22.6
AndrejBabis,2021-04-19,12,1,11,195,1239,249,990,47.1
general_pavel,2021-04-19,2,2,0,4520,89,89,0,65.3
honzabartosek,2021-04-19,3,3,0,759,219,219,0,24.8
Jan_Skopecek,2021-04-19,2,2,0,350,259,238,21,48
JanLipavsky,2021-04-19,32,6,26,1275,986,206,780,30.3
jhamacek,2021-04-19,11,10,1,531,302,247,55,38.1
kalousekm,2021-04-19,20,20,0,20848,1317,1290,27,690.9
KarelHavlicek_,2021-04-19,4,3,1,102,326,203,123,9.7
kducsl,2021-04-19,20,4,16,434,1994,172,1822,6.4
Kuba_Martin,2021-04-19,2,2,0,1515,762,762,0,100.5
makupka,2021-04-19,1,1,0,2358,93,76,17,58.8
market_a,2021-04-19,4,3,1,8713,465,384,81,364
MartinBaxa2,2021-04-19,1,1,0,554,76,76,0,28.2
metnarl,2021-04-19,2,2,0,485,39,31,8,3.2
milionchvilek,2021-04-19,1,0,1,0,110,69,41,12.9
MJureka,2021-04-19,8,7,1,4050,717,608,109,122.7
ODScz,2021-04-19,34,6,28,3462,1666,510,1156,67.6
P_Fiala,2021-04-19,10,7,3,3368,363,252,111,109.9
PiratIvanBartos,2021-04-19,6,5,1,2234,288,269,19,126.6
PiratskaStrana,2021-04-19,6,1,5,1057,747,311,436,31.1
Pospisil_Jiri,2021-04-19,6,5,1,2209,242,204,38,47.2
SpoluKoalice,2021-04-19,26,2,24,360,1242,133,1109,24
STANcz,2021-04-19,10,6,4,1655,394,119,275,7.5
TomasCzernin,2021-04-19,4,4,0,3437,88,85,3,58.7
TomasZdechovsky,2021-04-19,22,16,6,2475,2766,2018,748,133.3
tomio_cz,2021-04-19,4,4,0,239,472,472,0,21.4
TOP09cz,2021-04-19,20,1,19,70,1537,60,1477,8.4
VeslavM,2021-04-19,1,0,1,0,189,181,8,3.7
Vit_Rakusan,2021-04-19,2,2,0,1260,96,84,12,57.3
vonpecka,2021-04-19,2,0,2,0,329,255,74,8.4
Zbynek_Stanjura,2021-04-19,1,1,0,1660,10,10,0,13
ZdenekHrib,2021-04-19,11,9,2,960,444,404,40,92
zeleni_cz,2021-04-19,1,0,1,0,342,148,194,3.4
alenaschillerov,2021-04-18,4,2,2,2,574,493,81,22.3
AndrejBabis,2021-04-18,6,3,3,504,1227,248,979,46.9
czKSCM,2021-04-18,1,1,0,8,57,17,40,0.2
general_pavel,2021-04-18,2,2,0,5837,87,87,0,60.8
honzabartosek,2021-04-18,19,19,0,2139,216,216,0,24
Jan_Skopecek,2021-04-18,2,2,0,74,257,236,21,47.6
jana_cernochova,2021-04-18,9,9,0,7646,283,269,14,19.5
JanLipavsky,2021-04-18,47,12,35,1318,954,200,754,29
jhamacek,2021-04-18,8,7,1,1507,291,237,54,37.5
kalousekm,2021-04-18,10,10,0,21821,1297,1270,27,670
KarelHavlicek_,2021-04-18,1,0,1,0,322,200,122,9.6
kducsl,2021-04-18,47,4,43,310,1974,168,1806,6
makupka,2021-04-18,1,1,0,234,92,75,17,56.4
market_a,2021-04-18,11,6,5,10794,461,381,80,355.3
MartinBaxa2,2021-04-18,2,2,0,277,75,75,0,27.7
milionchvilek,2021-04-18,1,1,0,140,109,69,40,12.9
MJureka,2021-04-18,13,11,2,6166,709,601,108,118.6
ODScz,2021-04-18,26,0,26,0,1632,504,1128,64.2
P_Fiala,2021-04-18,10,6,4,2740,353,245,108,106.5
PiratskaStrana,2021-04-18,3,0,3,0,741,310,431,30
Pospisil_Jiri,2021-04-18,7,4,3,1795,236,199,37,45
RobertSlachta,2021-04-18,3,3,0,58,90,69,21,2.5
SpoluKoalice,2021-04-18,30,8,22,589,1216,131,1085,23.6
STANcz,2021-04-18,16,7,9,48,384,113,271,5.8
TomasCzernin,2021-04-18,4,4,0,12606,84,81,3,55.3
TomasZdechovsky,2021-04-18,37,28,9,2760,2744,2002,742,130.9
tomio_cz,2021-04-18,8,8,0,337,468,468,0,21.1
TOP09cz,2021-04-18,12,0,12,0,1517,59,1458,8.3
VeslavM,2021-04-18,5,5,0,129,188,181,7,3.7
Vit_Rakusan,2021-04-18,5,4,1,6994,94,82,12,56.1
vojtafilip,2021-04-18,2,2,0,128,44,44,0,3.1
volimtrikoloru,2021-04-18,1,0,1,0,65,62,3,2.6
vonpecka,2021-04-18,1,0,1,0,327,255,72,8.4
zeleni_cz,2021-04-18,1,1,0,59,341,148,193,3.4
alenaschillerov,2021-04-17,5,5,0,403,570,491,79,22.3
AndrejBabis,2021-04-17,8,6,2,3840,1221,245,976,46.4
general_pavel,2021-04-17,1,1,0,3814,85,85,0,54.9
honzabartosek,2021-04-17,12,12,0,1711,197,197,0,21.9
Jan_Skopecek,2021-04-17,2,2,0,189,255,234,21,47.6
jana_cernochova,2021-04-17,9,9,0,1883,274,260,14,11.9
JanLipavsky,2021-04-17,21,6,15,901,907,188,719,27.7
jhamacek,2021-04-17,2,1,1,524,283,230,53,36
kalousekm,2021-04-17,7,6,1,17,1287,1260,27,648.2
kducsl,2021-04-17,33,1,32,378,1927,164,1763,5.7
Kuba_Martin,2021-04-17,1,1,0,30,760,760,0,99
makupka,2021-04-17,2,2,0,3862,91,74,17,56.2
market_a,2021-04-17,16,9,7,9471,450,375,75,344.5
MartinBaxa2,2021-04-17,1,1,0,613,73,73,0,27.4
milionchvilek,2021-04-17,4,3,1,796,108,68,40,12.7
MJureka,2021-04-17,20,17,3,7665,696,590,106,112.4
ODScz,2021-04-17,23,4,19,519,1606,504,1102,64.2
olgarichterova,2021-04-17,1,0,1,0,349,345,4,24.2
P_Fiala,2021-04-17,6,5,1,3572,343,239,104,103.8
PiratIvanBartos,2021-04-17,1,1,0,2655,282,264,18,124.4
PiratskaStrana,2021-04-17,6,0,6,0,738,310,428,30
Pospisil_Jiri,2021-04-17,3,2,1,761,229,195,34,43.2
RobertSlachta,2021-04-17,1,1,0,147,87,66,21,2.5
SpoluKoalice,2021-04-17,22,1,21,656,1186,123,1063,23
STANcz,2021-04-17,5,1,4,51,368,106,262,5.8
TomasCzernin,2021-04-17,2,2,0,732,80,77,3,42.7
TomasZdechovsky,2021-04-17,45,37,8,4399,2707,1974,733,128.1
tomio_cz,2021-04-17,8,8,0,484,460,460,0,20.8
TOP09cz,2021-04-17,12,0,12,0,1505,59,1446,8.3
VeslavM,2021-04-17,3,3,0,362,183,176,7,3.5
Vit_Rakusan,2021-04-17,1,1,0,1475,89,78,11,49.1
volimtrikoloru,2021-04-17,3,3,0,81,64,62,2,2.6
vonpecka,2021-04-17,1,0,1,0,326,255,71,8.4
Zbynek_Stanjura,2021-04-17,1,1,0,2603,9,9,0,11.3
ZdenekHrib,2021-04-17,4,2,2,3872,433,395,38,91
alenaschillerov,2021-04-16,7,7,0,147,565,486,79,21.9
AndrejBabis,2021-04-16,20,9,11,674,1213,239,974,42.5
general_pavel,2021-04-16,1,1,0,249,84,84,0,51.1
honzabartosek,2021-04-16,9,9,0,589,185,185,0,20.2
Jan_Skopecek,2021-04-16,3,3,0,564,253,232,21,47.4
jana_cernochova,2021-04-16,6,6,0,251,265,251,14,10
JanLipavsky,2021-04-16,11,3,8,155,886,182,704,26.8
kalousekm,2021-04-16,22,22,0,6758,1280,1254,26,648.2
KarelHavlicek_,2021-04-16,5,5,0,237,321,200,121,9.6
kducsl,2021-04-16,12,2,10,79,1894,163,1731,5.3
Kuba_Martin,2021-04-16,3,3,0,1396,759,759,0,99
makupka,2021-04-16,1,1,0,211,89,72,17,52.3
market_a,2021-04-16,4,4,0,4953,434,366,68,335.1
MartinBaxa2,2021-04-16,3,3,0,455,72,72,0,26.8
milionchvilek,2021-04-16,3,3,0,230,104,65,39,11.9
MJureka,2021-04-16,13,12,1,2999,676,573,103,104.8
ODScz,2021-04-16,15,2,13,61,1583,500,1083,63.6
olgarichterova,2021-04-16,1,0,1,0,348,345,3,24.2
P_Fiala,2021-04-16,3,0,3,0,337,234,103,100.2
PiratIvanBartos,2021-04-16,2,2,0,3,281,263,18,121.7
PiratskaStrana,2021-04-16,3,1,2,410,732,310,422,30
Pospisil_Jiri,2021-04-16,2,2,0,360,226,193,33,42.4
RobertSlachta,2021-04-16,2,2,0,15,86,65,21,2.3
SpoluKoalice,2021-04-16,21,0,21,0,1164,122,1042,22.4
STANcz,2021-04-16,4,1,3,5,363,105,258,5.7
TomasCzernin,2021-04-16,1,1,0,456,78,75,3,41.9
TomasZdechovsky,2021-04-16,12,9,3,500,2662,1937,725,123.7
tomio_cz,2021-04-16,2,2,0,81,452,452,0,20.3
TOP09cz,2021-04-16,20,1,19,442,1493,59,1434,8.3
volimtrikoloru,2021-04-16,2,2,0,141,61,59,2,2.5
ZdenekHrib,2021-04-16,1,0,1,0,429,393,36,87.1
zeleni_cz,2021-04-16,1,1,0,56,340,147,193,3.4
alenaschillerov,2021-04-15,7,7,0,194,558,479,79,21.8
AndrejBabis,2021-04-15,12,3,9,227,1193,230,963,41.9
general_pavel,2021-04-15,2,2,0,1705,83,83,0,50.9
Jan_Skopecek,2021-04-15,4,4,0,617,250,229,21,46.8
jana_cernochova,2021-04-15,10,10,0,309,259,245,14,9.8
JanLipavsky,2021-04-15,16,2,14,93,875,179,696,26.6
jhamacek,2021-04-15,1,1,0,62,281,229,52,35.5
kalousekm,2021-04-15,29,28,1,15606,1258,1232,26,641.4
KarelHavlicek_,2021-04-15,5,2,3,70,316,195,121,9.4
kducsl,2021-04-15,15,4,11,158,1882,161,1721,5.2
makupka,2021-04-15,1,1,0,327,88,71,17,52.1
market_a,2021-04-15,13,12,1,3816,430,362,68,330.1
MartinBaxa2,2021-04-15,3,3,0,603,69,69,0,26.3
MJureka,2021-04-15,3,3,0,475,663,561,102,101.8
ODScz,2021-04-15,30,7,23,1640,1568,498,1070,63.6
olgarichterova,2021-04-15,6,6,0,210,347,345,2,24.2
P_Fiala,2021-04-15,5,3,2,824,334,234,100,100.2
PiratIvanBartos,2021-04-15,6,6,0,3195,279,261,18,121.7
PiratskaStrana,2021-04-15,7,5,2,1289,729,309,420,29.6
Pospisil_Jiri,2021-04-15,4,3,1,215,224,191,33,42.1
SpoluKoalice,2021-04-15,19,1,18,261,1143,122,1021,22.4
STANcz,2021-04-15,5,1,4,9,359,104,255,5.7
TomasCzernin,2021-04-15,2,2,0,615,77,74,3,41.5
TomasZdechovsky,2021-04-15,23,18,5,684,2650,1928,722,123.2
tomio_cz,2021-04-15,7,7,0,213,450,450,0,20.2
TOP09cz,2021-04-15,24,3,21,307,1473,58,1415,7.9
Vit_Rakusan,2021-04-15,1,1,0,1242,88,77,11,47.6
volimtrikoloru,2021-04-15,2,2,0,59,59,57,2,2.4
vonpecka,2021-04-15,7,3,4,10,325,255,70,8.4
Zbynek_Stanjura,2021-04-15,1,1,0,753,8,8,0,8.7
alenaschillerov,2021-04-14,13,9,4,145,551,472,79,21.6
AndrejBabis,2021-04-14,18,4,14,483,1181,227,954,41.6
general_pavel,2021-04-14,2,2,0,3175,81,81,0,49.2
honzabartosek,2021-04-14,3,3,0,65,176,176,0,19.6
Jan_Skopecek,2021-04-14,4,3,1,2461,246,225,21,46.2
jana_cernochova,2021-04-14,5,4,1,33,249,235,14,9.4
JanLipavsky,2021-04-14,18,9,9,2890,859,177,682,26.5
jhamacek,2021-04-14,7,6,1,1812,280,228,52,35.5
kalousekm,2021-04-14,18,17,1,4436,1229,1204,25,625.8
KarelHavlicek_,2021-04-14,3,2,1,42,311,193,118,9.3
kducsl,2021-04-14,8,0,8,0,1867,157,1710,5.1
Kuba_Martin,2021-04-14,1,1,0,2,756,756,0,97.6
market_a,2021-04-14,4,2,2,4261,417,350,67,326.3
metnarl,2021-04-14,2,1,1,83,37,29,8,2.7
milionchvilek,2021-04-14,2,0,2,0,101,62,39,11.7
MJureka,2021-04-14,2,2,0,959,660,558,102,101.3
ODScz,2021-04-14,10,2,8,150,1538,491,1047,61.9
P_Fiala,2021-04-14,3,1,2,413,329,231,98,99.4
PavelSehnal64,2021-04-14,2,2,0,1,27,27,0,0.3
PiratIvanBartos,2021-04-14,2,1,1,563,273,255,18,118.5
PiratskaStrana,2021-04-14,6,2,4,539,722,304,418,28.3
Pospisil_Jiri,2021-04-14,2,1,1,354,220,188,32,41.8
SpoluKoalice,2021-04-14,19,1,18,5,1124,121,1003,22.1
STANcz,2021-04-14,4,1,3,62,354,103,251,5.7
TomasZdechovsky,2021-04-14,55,45,10,851,2627,1910,717,122.5
tomio_cz,2021-04-14,6,6,0,215,443,443,0,20
TOP09cz,2021-04-14,19,2,17,20,1449,55,1394,7.6
vonpecka,2021-04-14,6,6,0,104,318,252,66,8.4
zeleni_cz,2021-04-14,4,2,2,115,339,146,193,3.3
alenaschillerov,2021-04-13,11,11,0,74,538,463,75,21.4
AndrejBabis,2021-04-13,8,0,8,0,1163,223,940,41.2
czKSCM,2021-04-13,1,1,0,27,56,16,40,0.2
general_pavel,2021-04-13,1,1,0,200,79,79,0,46
honzabartosek,2021-04-13,6,6,0,5845,173,173,0,19.5
Jan_Skopecek,2021-04-13,5,5,0,1512,242,222,20,43.7
jana_cernochova,2021-04-13,5,5,0,61,244,231,13,9.4
JanLipavsky,2021-04-13,39,14,25,1130,841,168,673,23.6
jhamacek,2021-04-13,2,2,0,353,273,222,51,33.6
kalousekm,2021-04-13,18,18,0,15932,1211,1187,24,621.4
KarelHavlicek_,2021-04-13,4,2,2,61,308,191,117,9.3
kducsl,2021-04-13,24,8,16,352,1859,157,1702,5.1
Kuba_Martin,2021-04-13,2,2,0,795,755,755,0,97.6
makupka,2021-04-13,1,1,0,210,87,70,17,51.8
market_a,2021-04-13,4,2,2,2783,413,348,65,322
MartinBaxa2,2021-04-13,2,2,0,890,66,66,0,25.7
metnarl,2021-04-13,1,0,1,0,35,28,7,2.6
milionchvilek,2021-04-13,2,1,1,74,99,62,37,11.7
MJureka,2021-04-13,9,5,4,748,658,556,102,100.3
ODScz,2021-04-13,27,10,17,1763,1528,489,1039,61.8
olgarichterova,2021-04-13,1,1,0,39,341,339,2,24
P_Fiala,2021-04-13,7,5,2,3082,326,230,96,99
PavelSehnal64,2021-04-13,1,1,0,2,25,25,0,0.3
PiratIvanBartos,2021-04-13,1,1,0,265,271,254,17,118
PiratskaStrana,2021-04-13,2,1,1,235,716,302,414,27.8
Pospisil_Jiri,2021-04-13,4,4,0,399,218,187,31,41.5
SpoluKoalice,2021-04-13,20,2,18,158,1105,120,985,22.1
STANcz,2021-04-13,6,5,1,319,350,102,248,5.6
TomasZdechovsky,2021-04-13,17,11,6,936,2572,1865,707,121.7
tomio_cz,2021-04-13,8,8,0,159,437,437,0,19.8
TOP09cz,2021-04-13,33,3,30,883,1430,53,1377,7.5
VeslavM,2021-04-13,5,5,0,1,180,173,7,3.2
vojtafilip,2021-04-13,1,1,0,71,42,42,0,3
vonpecka,2021-04-13,3,3,0,152,312,246,66,8.3
Zbynek_Stanjura,2021-04-13,1,1,0,282,7,7,0,8
ZdenekHrib,2021-04-13,15,14,1,354,428,393,35,87.1
zeleni_cz,2021-04-13,1,1,0,66,335,144,191,3.2
alenaschillerov,2021-04-12,15,14,1,246,527,452,75,21.3
AndrejBabis,2021-04-12,16,0,16,0,1155,223,932,41.2
czKSCM,2021-04-12,2,1,1,2,55,15,40,0.2
Jan_Skopecek,2021-04-12,3,3,0,741,237,217,20,42.2
jana_cernochova,2021-04-12,2,2,0,50,239,226,13,9.4
JanLipavsky,2021-04-12,9,1,8,495,802,154,648,22.5
kalousekm,2021-04-12,17,16,1,4469,1193,1169,24,605.4
KarelHavlicek_,2021-04-12,2,2,0,42,304,189,115,9.2
kducsl,2021-04-12,16,0,16,0,1835,149,1686,4.7
Kuba_Martin,2021-04-12,2,2,0,2589,753,753,0,96.8
market_a,2021-04-12,1,1,0,4529,409,346,63,319.3
MartinBaxa2,2021-04-12,1,1,0,135,64,64,0,24.8
metnarl,2021-04-12,1,0,1,0,34,28,6,2.6
milionchvilek,2021-04-12,2,2,0,157,97,61,36,11.6
MJureka,2021-04-12,2,2,0,386,649,551,98,99.6
ODScz,2021-04-12,13,5,8,1,1501,479,1022,60
olgarichterova,2021-04-12,1,1,0,82,340,338,2,24
P_Fiala,2021-04-12,3,3,0,1036,319,225,94,95.9
PiratIvanBartos,2021-04-12,2,2,0,1148,270,253,17,117.7
PiratskaStrana,2021-04-12,8,1,7,136,714,301,413,27.6
Pospisil_Jiri,2021-04-12,2,2,0,382,214,183,31,41.1
RobertSlachta,2021-04-12,2,2,0,64,84,63,21,2.3
SpoluKoalice,2021-04-12,15,0,15,0,1085,118,967,22
STANcz,2021-04-12,7,1,6,75,344,97,247,5.3
TomasZdechovsky,2021-04-12,28,23,5,1037,2555,1854,701,120.7
tomio_cz,2021-04-12,5,5,0,162,429,429,0,19.7
TOP09cz,2021-04-12,17,0,17,0,1397,50,1347,6.7
VeslavM,2021-04-12,1,0,1,0,175,168,7,3.2
Vit_Rakusan,2021-04-12,3,3,0,2269,87,76,11,46.4
vojtafilip,2021-04-12,2,2,0,74,41,41,0,2.9
vonpecka,2021-04-12,4,4,0,294,309,243,66,8.2
ZdenekHrib,2021-04-12,1,1,0,1979,413,379,34,86.8
zeleni_cz,2021-04-12,2,2,0,433,334,143,191,3.2
alenaschillerov,2021-04-11,1,1,0,28,512,438,74,21.1
AndrejBabis,2021-04-11,2,1,1,134,1139,223,916,41.2
honzabartosek,2021-04-11,1,1,0,66,167,167,0,13.7
Jan_Skopecek,2021-04-11,6,6,0,229,234,214,20,41.5
JanLipavsky,2021-04-11,1,0,1,0,793,153,640,22
jhamacek,2021-04-11,1,1,0,233,271,220,51,33.3
kalousekm,2021-04-11,25,24,1,8945,1176,1153,23,601
KarelHavlicek_,2021-04-11,1,0,1,0,302,187,115,9.2
kducsl,2021-04-11,19,4,15,239,1819,149,1670,4.7
makupka,2021-04-11,5,1,4,1129,86,69,17,51.6
market_a,2021-04-11,5,4,1,2510,408,345,63,314.7
MJureka,2021-04-11,5,4,1,3760,647,549,98,99.2
ODScz,2021-04-11,25,16,9,4466,1488,474,1014,60
olgarichterova,2021-04-11,1,1,0,2,339,337,2,23.9
P_Fiala,2021-04-11,15,0,15,0,316,222,94,94.9
Pospisil_Jiri,2021-04-11,1,1,0,681,212,181,31,40.7
RobertSlachta,2021-04-11,5,2,3,80,82,61,21,2.2
SpoluKoalice,2021-04-11,32,8,24,1163,1070,118,952,22
STANcz,2021-04-11,4,1,3,356,337,96,241,5.3
TomasCzernin,2021-04-11,3,3,0,4828,75,72,3,40.9
TomasZdechovsky,2021-04-11,31,27,4,2542,2527,1831,696,119.7
tomio_cz,2021-04-11,4,4,0,324,424,424,0,19.5
TOP09cz,2021-04-11,17,1,16,236,1380,50,1330,6.7
VeslavM,2021-04-11,2,2,0,9,174,168,6,3.2
Vit_Rakusan,2021-04-11,2,2,0,356,84,73,11,44.1
vojtafilip,2021-04-11,2,2,0,166,39,39,0,2.9
alenaschillerov,2021-04-10,4,4,0,65,511,437,74,21.1
AndrejBabis,2021-04-10,2,0,2,0,1137,222,915,41
general_pavel,2021-04-10,1,1,0,790,78,78,0,45.8
honzabartosek,2021-04-10,1,1,0,134,166,166,0,13.6
Jan_Skopecek,2021-04-10,5,5,0,1706,228,208,20,41.3
JanLipavsky,2021-04-10,7,2,5,100,792,153,639,22
kalousekm,2021-04-10,5,5,0,4855,1151,1129,22,592
kducsl,2021-04-10,12,0,12,0,1800,145,1655,4.5
Kuba_Martin,2021-04-10,2,2,0,2,751,751,0,94.2
makupka,2021-04-10,3,2,1,1098,81,68,13,50.5
market_a,2021-04-10,3,3,0,2155,403,341,62,312.2
MartinBaxa2,2021-04-10,2,2,0,476,63,63,0,24.7
MJureka,2021-04-10,3,3,0,1114,642,545,97,95.4
ODScz,2021-04-10,6,0,6,0,1463,458,1005,55.5
P_Fiala,2021-04-10,1,0,1,0,301,222,79,94.9
PavelSehnal64,2021-04-10,1,1,0,1,24,24,0,0.3
SpoluKoalice,2021-04-10,5,0,5,0,1038,110,928,20.8
TomasZdechovsky,2021-04-10,29,28,1,1497,2496,1804,692,117.2
tomio_cz,2021-04-10,4,4,0,222,420,420,0,19.2
TOP09cz,2021-04-10,1,0,1,0,1363,49,1314,6.4
vonpecka,2021-04-10,2,2,0,165,305,239,66,7.9
alenaschillerov,2021-04-09,3,3,0,110,507,433,74,21
AndrejBabis,2021-04-09,16,2,14,215,1135,222,913,41
honzabartosek,2021-04-09,3,3,0,63,165,165,0,13.5
Jan_Skopecek,2021-04-09,2,2,0,525,223,203,20,39.6
JanLipavsky,2021-04-09,12,2,10,223,785,151,634,21.9
kalousekm,2021-04-09,8,6,2,4593,1146,1124,22,587.2
KarelHavlicek_,2021-04-09,1,1,0,38,301,187,114,9.2
kducsl,2021-04-09,12,0,12,0,1788,145,1643,4.5
Kuba_Martin,2021-04-09,7,7,0,3539,749,749,0,94.2
makupka,2021-04-09,1,1,0,1847,78,66,12,49.4
market_a,2021-04-09,6,4,2,2742,400,338,62,310.1
metnarl,2021-04-09,1,1,0,75,33,28,5,2.6
milionchvilek,2021-04-09,4,1,3,287,95,59,36,11.5
MJureka,2021-04-09,6,5,1,810,639,542,97,94.3
ODScz,2021-04-09,8,1,7,0,1457,458,999,55.5
P_Fiala,2021-04-09,4,3,1,2236,300,222,78,94.9
PavelSehnal64,2021-04-09,3,3,0,3,23,23,0,0.3
PiratskaStrana,2021-04-09,2,0,2,0,706,300,406,27.4
Pospisil_Jiri,2021-04-09,3,3,0,2528,211,180,31,40
SpoluKoalice,2021-04-09,11,1,10,381,1033,110,923,20.8
STANcz,2021-04-09,3,1,2,89,333,95,238,4.9
TomasCzernin,2021-04-09,5,5,0,3483,72,69,3,36
TomasZdechovsky,2021-04-09,13,12,1,1072,2467,1776,691,115.7
tomio_cz,2021-04-09,2,2,0,77,416,416,0,18.9
TOP09cz,2021-04-09,22,0,22,0,1362,49,1313,6.4
zeleni_cz,2021-04-09,1,0,1,0,332,141,191,2.7
alenaschillerov,2021-04-08,2,2,0,103,504,430,74,20.9
AndrejBabis,2021-04-08,7,0,7,0,1119,220,899,40.8
czKSCM,2021-04-08,1,0,1,0,53,14,39,0.2
general_pavel,2021-04-08,2,2,0,356,77,77,0,45
honzabartosek,2021-04-08,2,2,0,494,162,162,0,13.4
Jan_Skopecek,2021-04-08,1,1,0,754,221,201,20,39
jana_cernochova,2021-04-08,1,1,0,154,237,224,13,9.3
JanLipavsky,2021-04-08,9,0,9,0,773,149,624,21.7
jhamacek,2021-04-08,2,1,1,6,270,219,51,33.1
kalousekm,2021-04-08,29,28,1,11802,1138,1118,20,582.6
KarelHavlicek_,2021-04-08,2,0,2,0,300,186,114,9.1
kducsl,2021-04-08,16,1,15,7,1776,145,1631,4.5
Kuba_Martin,2021-04-08,2,2,0,2269,742,742,0,90.7
makupka,2021-04-08,2,1,1,2266,77,65,12,47.5
market_a,2021-04-08,4,2,2,4917,394,334,60,307.3
milionchvilek,2021-04-08,3,3,0,290,91,58,33,11.2
MJureka,2021-04-08,6,6,0,2412,633,537,96,93.5
ODScz,2021-04-08,12,1,11,26,1449,457,992,55.5
olgarichterova,2021-04-08,6,6,0,126,338,336,2,23.9
P_Fiala,2021-04-08,2,1,1,743,296,219,77,92.6
PavelSehnal64,2021-04-08,1,1,0,1,20,20,0,0.3
PiratIvanBartos,2021-04-08,7,7,0,2332,268,251,17,116.5
PiratskaStrana,2021-04-08,9,2,7,124,704,300,404,27.4
Pospisil_Jiri,2021-04-08,1,1,0,103,208,177,31,37.5
RobertSlachta,2021-04-08,1,1,0,99,77,59,18,2.1
SpoluKoalice,2021-04-08,6,0,6,0,1022,109,913,20.4
STANcz,2021-04-08,5,1,4,33,330,94,236,4.8
TomasZdechovsky,2021-04-08,8,5,3,1127,2454,1764,690,114.6
tomio_cz,2021-04-08,1,1,0,16,414,414,0,18.9
TOP09cz,2021-04-08,15,0,15,0,1340,49,1291,6.4
VeslavM,2021-04-08,6,6,0,178,172,166,6,3.2
volimtrikoloru,2021-04-08,2,2,0,26,57,55,2,2.3
vonpecka,2021-04-08,1,0,1,0,303,237,66,7.7
zeleni_cz,2021-04-08,3,1,2,28,331,141,190,2.7
alenaschillerov,2021-04-07,4,3,1,40,502,428,74,20.8
AndrejBabis,2021-04-07,6,0,6,0,1112,220,892,40.8
general_pavel,2021-04-07,2,2,0,717,75,75,0,44.6
honzabartosek,2021-04-07,2,2,0,285,160,160,0,12.9
Jan_Skopecek,2021-04-07,2,2,0,1071,220,200,20,38.3
jana_cernochova,2021-04-07,2,2,0,53,236,223,13,9.2
JanLipavsky,2021-04-07,22,9,13,379,764,149,615,21.7
jhamacek,2021-04-07,5,5,0,384,268,218,50,33
kalousekm,2021-04-07,15,15,0,7833,1109,1090,19,570.8
KarelHavlicek_,2021-04-07,4,1,3,20,298,186,112,9.1
kducsl,2021-04-07,29,1,28,102,1760,144,1616,4.5
makupka,2021-04-07,1,1,0,1776,75,64,11,45.3
market_a,2021-04-07,3,3,0,7126,390,332,58,302.4
MartinBaxa2,2021-04-07,1,1,0,51,61,61,0,24.2
metnarl,2021-04-07,1,1,0,43,32,27,5,2.5
milionchvilek,2021-04-07,3,3,0,476,88,55,33,10.9
MJureka,2021-04-07,11,7,4,2328,627,531,96,91.1
ODScz,2021-04-07,28,10,18,2257,1437,456,981,55.5
olgarichterova,2021-04-07,1,1,0,118,332,330,2,23.7
P_Fiala,2021-04-07,4,4,0,2759,294,218,76,91.9
PavelSehnal64,2021-04-07,2,2,0,4,19,19,0,0.3
PiratskaStrana,2021-04-07,9,2,7,429,695,298,397,27.3
Pospisil_Jiri,2021-04-07,3,3,0,994,207,176,31,37.4
SpoluKoalice,2021-04-07,19,0,19,0,1016,109,907,20.4
STANcz,2021-04-07,5,1,4,22,325,93,232,4.8
TomasCzernin,2021-04-07,1,1,0,378,67,64,3,32.5
TomasZdechovsky,2021-04-07,19,15,4,1777,2446,1759,687,113.5
tomio_cz,2021-04-07,6,6,0,251,413,413,0,18.9
TOP09cz,2021-04-07,29,1,28,80,1325,49,1276,6.4
Vit_Rakusan,2021-04-07,4,4,0,737,82,71,11,43.7
volimtrikoloru,2021-04-07,2,2,0,39,55,53,2,2.3
vonpecka,2021-04-07,6,3,3,32,302,237,65,7.7
ZdenekHrib,2021-04-07,1,1,0,433,412,378,34,84.8
alenaschillerov,2021-04-06,8,7,1,178,498,425,73,20.8
AndrejBabis,2021-04-06,8,0,8,0,1106,220,886,40.8
general_pavel,2021-04-06,3,3,0,2637,73,73,0,43.9
Jan_Skopecek,2021-04-06,7,7,0,793,218,198,20,37.2
jana_cernochova,2021-04-06,1,1,0,460,234,221,13,9.1
JanLipavsky,2021-04-06,4,0,4,0,742,140,602,21.3
jhamacek,2021-04-06,2,2,0,284,263,213,50,32.7
kalousekm,2021-04-06,26,25,1,4742,1094,1075,19,562.9
KarelHavlicek_,2021-04-06,3,2,1,221,294,185,109,9.1
kducsl,2021-04-06,22,4,18,83,1731,143,1588,4.4
Kuba_Martin,2021-04-06,3,3,0,7,740,740,0,88.4
makupka,2021-04-06,1,1,0,354,74,63,11,43.5
market_a,2021-04-06,4,4,0,4481,387,329,58,295.3
MartinBaxa2,2021-04-06,3,3,0,814,60,60,0,24.2
milionchvilek,2021-04-06,4,3,1,1819,85,52,33,10.4
MJureka,2021-04-06,4,4,0,2338,616,524,92,88.8
ODScz,2021-04-06,23,8,15,357,1409,446,963,53.3
P_Fiala,2021-04-06,3,3,0,1456,290,214,76,89.1
PiratskaStrana,2021-04-06,5,2,3,775,686,296,390,26.9
Pospisil_Jiri,2021-04-06,2,2,0,416,204,173,31,36.4
SpoluKoalice,2021-04-06,27,0,27,0,997,109,888,20.4
STANcz,2021-04-06,6,0,6,0,320,92,228,4.8
TomasCzernin,2021-04-06,1,1,0,633,66,63,3,32.2
TomasZdechovsky,2021-04-06,20,16,4,3506,2427,1744,683,111.7
tomio_cz,2021-04-06,4,4,0,44,407,407,0,18.6
TOP09cz,2021-04-06,20,0,20,0,1296,48,1248,6.3
Vit_Rakusan,2021-04-06,3,3,0,1207,78,67,11,43
vojtafilip,2021-04-06,1,1,0,123,37,37,0,2.7
zeleni_cz,2021-04-06,1,0,1,0,328,140,188,2.7
alenaschillerov,2021-04-05,2,2,0,440,490,418,72,20.6
AndrejBabis,2021-04-05,4,3,1,179,1098,220,878,40.8
Jan_Skopecek,2021-04-05,1,1,0,92,211,191,20,36.4
jana_cernochova,2021-04-05,1,1,0,2,233,220,13,8.6
kalousekm,2021-04-05,18,18,0,2155,1068,1050,18,558.2
kducsl,2021-04-05,3,0,3,0,1709,139,1570,4.3
ODScz,2021-04-05,2,0,2,0,1386,438,948,52.9
SpoluKoalice,2021-04-05,4,0,4,0,970,109,861,20.4
STANcz,2021-04-05,1,0,1,0,314,92,222,4.8
TomasCzernin,2021-04-05,1,1,0,254,65,62,3,31.5
TomasZdechovsky,2021-04-05,19,15,4,1982,2407,1728,679,108.2
VeslavM,2021-04-05,6,6,0,1,166,160,6,3
vojtafilip,2021-04-05,1,1,0,178,36,36,0,2.6
zeleni_cz,2021-04-05,1,0,1,0,327,140,187,2.7
AndrejBabis,2021-04-04,1,1,0,165,1094,217,877,40.6
Jan_Skopecek,2021-04-04,2,2,0,978,210,190,20,36.3
jana_cernochova,2021-04-04,1,1,0,274,232,219,13,8.6
JanLipavsky,2021-04-04,1,0,1,0,738,140,598,21.3
jhamacek,2021-04-04,3,3,0,33,261,211,50,32.4
kalousekm,2021-04-04,7,7,0,540,1050,1032,18,556
kducsl,2021-04-04,5,0,5,0,1706,139,1567,4.3
ODScz,2021-04-04,2,1,1,1,1384,438,946,52.9
olgarichterova,2021-04-04,1,1,0,5,331,329,2,23.6
Pospisil_Jiri,2021-04-04,1,1,0,590,202,171,31,36
RobertSlachta,2021-04-04,1,1,0,14,76,58,18,2
SpoluKoalice,2021-04-04,3,0,3,0,966,109,857,20.4
TomasZdechovsky,2021-04-04,13,11,2,1334,2388,1713,675,106.2
tomio_cz,2021-04-04,4,4,0,432,403,403,0,18.6
TOP09cz,2021-04-04,23,0,23,0,1276,48,1228,6.3
VeslavM,2021-04-04,8,8,0,133,160,154,6,3
zeleni_cz,2021-04-04,1,0,1,0,326,140,186,2.7
alenaschillerov,2021-04-03,1,1,0,2,488,416,72,20.1
AndrejBabis,2021-04-03,4,3,1,1138,1093,216,877,40.5
Jan_Skopecek,2021-04-03,5,5,0,1769,208,188,20,35.3
jana_cernochova,2021-04-03,1,1,0,21,231,218,13,8.4
JanLipavsky,2021-04-03,16,1,15,90,737,140,597,21.3
jhamacek,2021-04-03,5,5,0,553,258,208,50,32.3
kalousekm,2021-04-03,4,4,0,136,1043,1025,18,555.5
kducsl,2021-04-03,11,0,11,0,1701,139,1562,4.3
market_a,2021-04-03,5,3,2,3060,383,325,58,290.8
milionchvilek,2021-04-03,3,1,2,121,81,49,32,8.6
MJureka,2021-04-03,5,5,0,4206,612,520,92,86.4
ODScz,2021-04-03,1,1,0,964,1382,437,945,52.9
RobertSlachta,2021-04-03,1,0,1,0,75,57,18,2
SpoluKoalice,2021-04-03,8,0,8,0,963,109,854,20.4
STANcz,2021-04-03,1,0,1,0,313,92,221,4.8
TomasZdechovsky,2021-04-03,13,10,3,3360,2375,1702,673,104.9
tomio_cz,2021-04-03,6,6,0,155,399,399,0,18.1
TOP09cz,2021-04-03,2,0,2,0,1253,48,1205,6.3
VeslavM,2021-04-03,4,4,0,3,152,146,6,2.8
volimtrikoloru,2021-04-03,1,1,0,32,53,51,2,2.2
alenaschillerov,2021-04-02,3,1,2,213,487,415,72,20.1
AndrejBabis,2021-04-02,12,8,4,2391,1089,213,876,39.3
czKSCM,2021-04-02,1,0,1,0,52,14,38,0.2
general_pavel,2021-04-02,1,1,0,1549,70,70,0,41.3
Jan_Skopecek,2021-04-02,1,1,0,2539,203,183,20,33.6
JanLipavsky,2021-04-02,19,4,15,629,721,139,582,21.2
jhamacek,2021-04-02,2,2,0,1738,253,203,50,31.8
kalousekm,2021-04-02,24,23,1,6063,1039,1021,18,555.4
KarelHavlicek_,2021-04-02,1,0,1,0,291,183,108,8.9
kducsl,2021-04-02,12,1,11,44,1690,139,1551,4.3
market_a,2021-04-02,4,3,1,4331,378,322,56,287.7
metnarl,2021-04-02,1,1,0,52,31,26,5,2.5
milionchvilek,2021-04-02,1,0,1,0,78,48,30,8.5
MJureka,2021-04-02,2,2,0,1632,607,515,92,82.2
ODScz,2021-04-02,10,2,8,983,1381,436,945,51.9
olgarichterova,2021-04-02,1,0,1,0,330,328,2,23.6
P_Fiala,2021-04-02,5,3,2,1339,287,211,76,87.7
PiratskaStrana,2021-04-02,3,2,1,783,681,294,387,26.1
Pospisil_Jiri,2021-04-02,2,2,0,620,201,170,31,35.4
RobertSlachta,2021-04-02,1,1,0,0,74,57,17,2
SpoluKoalice,2021-04-02,17,0,17,0,955,109,846,20.4
STANcz,2021-04-02,3,1,2,0,312,92,220,4.8
TomasCzernin,2021-04-02,1,1,0,659,64,61,3,31.3
TomasZdechovsky,2021-04-02,24,16,8,1977,2362,1692,670,101.5
tomio_cz,2021-04-02,1,1,0,28,393,393,0,18
TOP09cz,2021-04-02,2,0,2,0,1251,48,1203,6.3
vonpecka,2021-04-02,1,1,0,158,296,234,62,7.7
alenaschillerov,2021-04-01,9,6,3,110,484,414,70,19.9
AndrejBabis,2021-04-01,5,1,4,240,1077,205,872,36.9
czKSCM,2021-04-01,1,0,1,0,51,14,37,0.2
honzabartosek,2021-04-01,5,5,0,54,158,158,0,12.6
Jan_Skopecek,2021-04-01,4,3,1,1566,202,182,20,31
JanLipavsky,2021-04-01,14,1,13,24,702,135,567,20.6
jhamacek,2021-04-01,2,2,0,241,251,201,50,30.1
kalousekm,2021-04-01,13,13,0,10528,1015,998,17,549.3
KarelHavlicek_,2021-04-01,3,1,2,14,290,183,107,8.9
kducsl,2021-04-01,16,3,13,39,1678,138,1540,4.3
makupka,2021-04-01,1,1,0,1192,73,62,11,43.1
market_a,2021-04-01,10,8,2,4243,374,319,55,283.4
MartinBaxa2,2021-04-01,1,1,0,143,57,57,0,23.3
metnarl,2021-04-01,4,3,1,80,30,25,5,2.4
milionchvilek,2021-04-01,3,1,2,39,77,48,29,8.5
MJureka,2021-04-01,9,9,0,2534,605,513,92,80.6
ODScz,2021-04-01,20,5,15,14,1371,434,937,51
olgarichterova,2021-04-01,2,2,0,182,329,328,1,23.6
P_Fiala,2021-04-01,3,2,1,2479,282,208,74,86.3
PiratIvanBartos,2021-04-01,3,3,0,2857,261,244,17,114.2
PiratskaStrana,2021-04-01,8,3,5,357,678,292,386,25.3
Pospisil_Jiri,2021-04-01,1,1,0,273,199,168,31,34.8
SpoluKoalice,2021-04-01,11,3,8,734,938,109,829,20.4
STANcz,2021-04-01,2,2,0,31,309,91,218,4.8
TomasZdechovsky,2021-04-01,28,21,7,1811,2338,1676,662,99.5
tomio_cz,2021-04-01,4,4,0,207,392,392,0,17.9
TOP09cz,2021-04-01,22,1,21,54,1249,48,1201,6.3
volimtrikoloru,2021-04-01,2,2,0,322,52,50,2,2.2
vonpecka,2021-04-01,3,3,0,642,295,233,62,7.5
ZdenekHrib,2021-04-01,4,4,0,2904,411,377,34,84.4
zeleni_cz,2021-04-01,2,2,0,48,325,140,185,2.7
alenaschillerov,2021-03-31,8,7,1,287,475,408,67,19.8
AndrejBabis,2021-03-31,10,0,10,0,1072,204,868,36.7
czKSCM,2021-03-31,1,0,1,0,50,14,36,0.2
general_pavel,2021-03-31,1,1,0,819,69,69,0,39.7
honzabartosek,2021-03-31,3,3,0,26,153,153,0,12.6
Jan_Skopecek,2021-03-31,5,5,0,2466,198,179,19,29.5
jana_cernochova,2021-03-31,19,18,1,220,230,217,13,8.3
JanLipavsky,2021-03-31,12,1,11,15,688,134,554,20.6
kalousekm,2021-03-31,13,13,0,1718,1002,985,17,538.8
KarelHavlicek_,2021-03-31,1,0,1,0,287,182,105,8.9
kducsl,2021-03-31,15,3,12,52,1662,135,1527,4.2
makupka,2021-03-31,1,1,0,1827,72,61,11,41.9
market_a,2021-03-31,6,5,1,3374,364,311,53,279.2
MartinBaxa2,2021-03-31,1,1,0,200,56,56,0,23.2
MJureka,2021-03-31,5,4,1,145,596,504,92,78.1
ODScz,2021-03-31,16,2,14,1551,1351,429,922,50.9
P_Fiala,2021-03-31,3,0,3,0,279,206,73,83.9
PiratIvanBartos,2021-03-31,5,5,0,1910,258,241,17,111.4
PiratskaStrana,2021-03-31,8,3,5,467,670,289,381,25
Pospisil_Jiri,2021-03-31,1,1,0,203,198,167,31,34.5
RobertSlachta,2021-03-31,1,1,0,77,73,56,17,2
SpoluKoalice,2021-03-31,25,4,21,544,927,106,821,19.7
STANcz,2021-03-31,5,1,4,31,307,89,218,4.7
TomasZdechovsky,2021-03-31,10,4,6,47,2310,1655,655,97.7
tomio_cz,2021-03-31,4,4,0,298,388,388,0,17.7
TOP09cz,2021-03-31,23,3,20,113,1227,47,1180,6.3
VeslavM,2021-03-31,2,2,0,11,148,142,6,2.8
Vit_Rakusan,2021-03-31,3,3,0,935,75,64,11,41.8
volimtrikoloru,2021-03-31,1,1,0,100,50,48,2,1.9
vonpecka,2021-03-31,1,0,1,0,292,230,62,6.9
ZdenekHrib,2021-03-31,9,9,0,3393,407,373,34,81.5
alenaschillerov,2021-03-30,6,6,0,205,467,401,66,19.5
AndrejBabis,2021-03-30,6,0,6,0,1062,204,858,36.7
honzabartosek,2021-03-30,1,1,0,8,150,150,0,12.5
Jan_Skopecek,2021-03-30,2,2,0,414,193,174,19,27
jana_cernochova,2021-03-30,5,5,0,196,211,199,12,8.1
JanLipavsky,2021-03-30,17,8,9,837,676,133,543,20.6
kalousekm,2021-03-30,10,10,0,2844,989,972,17,537.1
KarelHavlicek_,2021-03-30,2,1,1,61,286,182,104,8.9
kducsl,2021-03-30,6,0,6,0,1647,132,1515,4.2
Kuba_Martin,2021-03-30,2,2,0,1,737,737,0,88.4
market_a,2021-03-30,7,6,1,1189,358,306,52,275.8
metnarl,2021-03-30,1,1,0,133,26,22,4,2.3
milionchvilek,2021-03-30,2,0,2,0,74,47,27,8.4
MJureka,2021-03-30,3,3,0,144,591,500,91,77.9
ODScz,2021-03-30,14,3,11,3,1335,427,908,49.4
P_Fiala,2021-03-30,3,2,1,1211,276,206,70,83.9
PiratIvanBartos,2021-03-30,2,2,0,3375,253,236,17,109.4
PiratskaStrana,2021-03-30,5,1,4,369,662,286,376,24.5
SpoluKoalice,2021-03-30,18,1,17,106,902,102,800,19.1
STANcz,2021-03-30,1,1,0,229,302,88,214,4.7
TomasZdechovsky,2021-03-30,13,10,3,1001,2300,1651,649,97.7
TOP09cz,2021-03-30,12,0,12,0,1204,44,1160,6.2
VeslavM,2021-03-30,1,1,0,0,146,140,6,2.8
vojtafilip,2021-03-30,1,1,0,60,35,35,0,2.4
volimtrikoloru,2021-03-30,1,1,0,36,49,47,2,1.8
vonpecka,2021-03-30,2,2,0,19,291,230,61,6.9
ZdenekHrib,2021-03-30,2,2,0,257,398,364,34,78.1
zeleni_cz,2021-03-30,1,1,0,20,323,138,185,2.6
alenaschillerov,2021-03-29,11,11,0,226,461,395,66,19.3
AndrejBabis,2021-03-29,14,1,13,1151,1056,204,852,36.7
czKSCM,2021-03-29,2,0,2,0,49,14,35,0.2
general_pavel,2021-03-29,1,1,0,643,68,68,0,38.9
honzabartosek,2021-03-29,2,2,0,865,149,149,0,12.5
Jan_Skopecek,2021-03-29,4,4,0,1250,191,172,19,26.6
JanLipavsky,2021-03-29,27,6,21,1081,659,125,534,19.7
jhamacek,2021-03-29,4,4,0,938,249,199,50,29.8
kalousekm,2021-03-29,19,19,0,5186,979,962,17,534.2
KarelHavlicek_,2021-03-29,3,1,2,5,284,181,103,8.8
kducsl,2021-03-29,15,0,15,0,1641,132,1509,4.2
Kuba_Martin,2021-03-29,3,3,0,2,735,735,0,88.4
makupka,2021-03-29,2,2,0,487,71,60,11,40.1
market_a,2021-03-29,6,6,0,4908,351,300,51,274.6
metnarl,2021-03-29,1,1,0,342,25,21,4,2.2
milionchvilek,2021-03-29,2,2,0,174,72,47,25,8.4
MJureka,2021-03-29,2,2,0,830,588,497,91,77.8
ODScz,2021-03-29,17,4,13,1972,1321,424,897,49.4
olgarichterova,2021-03-29,29,29,0,2468,327,326,1,23.4
P_Fiala,2021-03-29,2,2,0,2054,273,204,69,82.7
PiratIvanBartos,2021-03-29,8,8,0,2983,251,234,17,106.1
PiratskaStrana,2021-03-29,6,0,6,0,657,285,372,24.1
Pospisil_Jiri,2021-03-29,3,3,0,790,197,166,31,34.3
SpoluKoalice,2021-03-29,13,0,13,0,884,101,783,19
STANcz,2021-03-29,1,1,0,35,301,87,214,4.5
TomasCzernin,2021-03-29,2,2,0,725,63,60,3,30.6
TomasZdechovsky,2021-03-29,16,8,8,744,2287,1641,646,96.7
tomio_cz,2021-03-29,7,7,0,159,384,384,0,17.4
TOP09cz,2021-03-29,19,0,19,0,1192,44,1148,6.2
VeslavM,2021-03-29,1,1,0,18,145,139,6,2.8
vonpecka,2021-03-29,1,1,0,10,289,228,61,6.9
zeleni_cz,2021-03-29,1,0,1,0,322,137,185,2.6
alenaschillerov,2021-03-28,7,5,2,195,450,384,66,19.1
AndrejBabis,2021-03-28,7,5,2,694,1042,203,839,35.5
general_pavel,2021-03-28,2,2,0,2347,67,67,0,38.3
honzabartosek,2021-03-28,3,3,0,38,147,147,0,11.7
Jan_Skopecek,2021-03-28,2,2,0,366,187,168,19,25.3
jana_cernochova,2021-03-28,2,2,0,3,206,194,12,7.9
JanLipavsky,2021-03-28,5,0,5,0,632,119,513,18.6
jhamacek,2021-03-28,1,1,0,151,245,195,50,28.9
kalousekm,2021-03-28,9,9,0,5670,960,943,17,529
KarelHavlicek_,2021-03-28,1,0,1,0,281,180,101,8.8
kducsl,2021-03-28,10,0,10,0,1626,132,1494,4.2
Kuba_Martin,2021-03-28,2,2,0,1434,732,732,0,88.4
market_a,2021-03-28,2,2,0,871,345,294,51,269.7
ODScz,2021-03-28,12,3,9,351,1304,420,884,47.4
P_Fiala,2021-03-28,5,4,1,1072,271,202,69,80.6
PiratskaStrana,2021-03-28,1,1,0,96,651,285,366,24.1
Pospisil_Jiri,2021-03-28,2,2,0,668,194,163,31,33.5
RobertSlachta,2021-03-28,1,1,0,20,72,55,17,2
SpoluKoalice,2021-03-28,18,1,17,472,871,101,770,19
STANcz,2021-03-28,3,1,2,20,300,86,214,4.4
TomasZdechovsky,2021-03-28,19,17,2,2184,2271,1633,638,95.9
tomio_cz,2021-03-28,3,3,0,77,377,377,0,17.3
TOP09cz,2021-03-28,11,0,11,0,1173,44,1129,6.2
VeslavM,2021-03-28,5,5,0,0,144,138,6,2.8
vonpecka,2021-03-28,2,0,2,0,288,227,61,6.9
zeleni_cz,2021-03-28,1,0,1,0,321,137,184,2.6
alenaschillerov,2021-03-27,4,3,1,80,443,379,64,18.9
AndrejBabis,2021-03-27,4,1,3,622,1035,198,837,34.9
honzabartosek,2021-03-27,2,2,0,556,144,144,0,11.6
Jan_Skopecek,2021-03-27,6,6,0,1043,185,166,19,25
JanLipavsky,2021-03-27,17,3,14,897,627,119,508,18.6
kalousekm,2021-03-27,38,38,0,12129,951,934,17,523.4
KarelHavlicek_,2021-03-27,2,1,1,45,280,180,100,8.8
kducsl,2021-03-27,10,0,10,0,1616,132,1484,4.2
Kuba_Martin,2021-03-27,3,3,0,1886,730,730,0,87
makupka,2021-03-27,1,1,0,721,69,58,11,39.6
market_a,2021-03-27,7,7,0,2517,343,292,51,268.8
MJureka,2021-03-27,12,12,0,2748,586,495,91,76.9
ODScz,2021-03-27,6,1,5,982,1292,417,875,47.1
PiratskaStrana,2021-03-27,1,1,0,239,650,284,366,24
SpoluKoalice,2021-03-27,6,0,6,0,853,100,753,18.6
STANcz,2021-03-27,2,0,2,0,297,85,212,4.4
TomasZdechovsky,2021-03-27,22,20,2,724,2252,1616,636,93.7
tomio_cz,2021-03-27,7,7,0,230,374,374,0,17.2
TOP09cz,2021-03-27,6,0,6,0,1162,44,1118,6.2
VeslavM,2021-03-27,11,10,1,165,139,133,6,2.8
volimtrikoloru,2021-03-27,1,1,0,18,48,46,2,1.8
vonpecka,2021-03-27,2,1,1,100,286,227,59,6.9
ZdenekHrib,2021-03-27,1,1,0,119,396,362,34,77.8
zeleni_cz,2021-03-27,1,1,0,24,320,137,183,2.6
alenaschillerov,2021-03-26,5,4,1,336,439,376,63,18.8
AndrejBabis,2021-03-26,13,4,9,378,1031,197,834,34.2
czKSCM,2021-03-26,1,1,0,23,47,14,33,0.2
general_pavel,2021-03-26,1,1,0,1654,65,65,0,35.9
honzabartosek,2021-03-26,4,4,0,309,142,142,0,11.1
Jan_Skopecek,2021-03-26,3,3,0,702,179,160,19,23.9
JanLipavsky,2021-03-26,9,0,9,0,610,116,494,17.7
jhamacek,2021-03-26,3,3,0,259,244,194,50,28.7
kalousekm,2021-03-26,17,17,0,12561,913,896,17,511.2
KarelHavlicek_,2021-03-26,5,2,3,36,278,179,99,8.8
kducsl,2021-03-26,19,2,17,67,1606,132,1474,4.2
Kuba_Martin,2021-03-26,4,4,0,7,727,727,0,85.1
makupka,2021-03-26,2,1,1,306,68,57,11,38.9
market_a,2021-03-26,9,7,2,6552,336,285,51,266.3
MartinBaxa2,2021-03-26,1,1,0,994,55,55,0,23
milionchvilek,2021-03-26,4,2,2,146,70,45,25,8.3
MJureka,2021-03-26,16,16,0,2081,574,483,91,74.2
ODScz,2021-03-26,32,10,22,1194,1286,416,870,46.1
P_Fiala,2021-03-26,9,6,3,2839,266,198,68,79.5
PiratIvanBartos,2021-03-26,1,1,0,5,243,226,17,103.1
PiratskaStrana,2021-03-26,6,2,4,53,649,283,366,23.8
RobertSlachta,2021-03-26,1,1,0,52,71,54,17,1.9
SpoluKoalice,2021-03-26,28,6,22,1587,847,100,747,18.6
STANcz,2021-03-26,4,0,4,0,295,85,210,4.4
TomasCzernin,2021-03-26,1,1,0,349,61,58,3,29.9
TomasZdechovsky,2021-03-26,13,7,6,600,2230,1596,634,93
tomio_cz,2021-03-26,15,15,0,298,367,367,0,17
TOP09cz,2021-03-26,17,1,16,87,1156,44,1112,6.2
vojtafilip,2021-03-26,1,1,0,33,34,34,0,2.3
volimtrikoloru,2021-03-26,1,1,0,30,47,45,2,1.7
vonpecka,2021-03-26,4,4,0,75,284,226,58,6.8
zeleni_cz,2021-03-26,2,2,0,36,319,136,183,2.6
alenaschillerov,2021-03-25,7,7,0,131,434,372,62,18.5
AndrejBabis,2021-03-25,13,4,9,664,1018,193,825,33.9
general_pavel,2021-03-25,2,2,0,235,64,64,0,34.3
Jan_Skopecek,2021-03-25,2,2,0,333,176,157,19,23.2
jana_cernochova,2021-03-25,8,8,0,52,204,192,12,7.9
JanLipavsky,2021-03-25,12,6,6,3014,601,116,485,17.7
jhamacek,2021-03-25,2,2,0,247,241,191,50,28.5
kalousekm,2021-03-25,20,20,0,6284,896,879,17,498.7
KarelHavlicek_,2021-03-25,3,1,2,39,273,177,96,8.7
kducsl,2021-03-25,19,1,18,12,1587,130,1457,4.1
market_a,2021-03-25,9,7,2,3296,327,278,49,259.7
MartinBaxa2,2021-03-25,1,1,0,1202,54,54,0,22
milionchvilek,2021-03-25,3,2,1,313,66,43,23,8.1
MJureka,2021-03-25,8,6,2,2436,558,467,91,72.1
ODScz,2021-03-25,20,4,16,530,1254,406,848,44.9
olgarichterova,2021-03-25,4,4,0,138,298,297,1,21
P_Fiala,2021-03-25,3,3,0,746,257,192,65,76.7
PiratIvanBartos,2021-03-25,7,7,0,3616,242,225,17,103.1
PiratskaStrana,2021-03-25,8,1,7,57,643,281,362,23.7
Pospisil_Jiri,2021-03-25,2,2,0,2243,192,161,31,32.8
SpoluKoalice,2021-03-25,11,1,10,212,819,94,725,17
STANcz,2021-03-25,3,1,2,49,291,85,206,4.4
TomasCzernin,2021-03-25,1,1,0,870,60,57,3,29.5
TomasZdechovsky,2021-03-25,26,17,9,633,2217,1589,628,92.4
TOP09cz,2021-03-25,11,0,11,0,1139,43,1096,6.1
VeslavM,2021-03-25,1,1,0,4,128,123,5,2.6
Vit_Rakusan,2021-03-25,1,0,1,0,72,61,11,40.9
vonpecka,2021-03-25,6,5,1,40,280,222,58,6.7
ZdenekHrib,2021-03-25,8,8,0,914,395,361,34,77.7
zeleni_cz,2021-03-25,3,1,2,29,317,134,183,2.6
alenaschillerov,2021-03-24,15,15,0,364,427,365,62,18.4
AndrejBabis,2021-03-24,19,5,14,685,1005,189,816,33.2
czKSCM,2021-03-24,1,1,0,8,46,13,33,0.2
honzabartosek,2021-03-24,2,2,0,6,138,138,0,10.8
Jan_Skopecek,2021-03-24,2,2,0,221,174,155,19,22.9
jana_cernochova,2021-03-24,3,3,0,30,196,184,12,7.9
JanLipavsky,2021-03-24,7,1,6,3,589,110,479,14.7
jhamacek,2021-03-24,9,7,2,416,239,189,50,28.2
kalousekm,2021-03-24,12,12,0,3280,876,859,17,492.4
KarelHavlicek_,2021-03-24,2,1,1,34,270,176,94,8.7
kducsl,2021-03-24,26,3,23,122,1568,129,1439,4.1
Kuba_Martin,2021-03-24,4,4,0,945,723,723,0,85.1
makupka,2021-03-24,2,1,1,210,66,56,10,38.6
market_a,2021-03-24,6,5,1,6382,318,271,47,256.5
MartinBaxa2,2021-03-24,2,2,0,102,53,53,0,20.8
metnarl,2021-03-24,1,0,1,0,24,20,4,1.9
milionchvilek,2021-03-24,4,3,1,266,63,41,22,7.8
MJureka,2021-03-24,7,6,1,817,550,461,89,69.7
ODScz,2021-03-24,18,8,10,3,1234,402,832,44.4
olgarichterova,2021-03-24,2,2,0,337,294,293,1,20.8
P_Fiala,2021-03-24,3,2,1,536,254,189,65,75.9
PiratIvanBartos,2021-03-24,6,6,0,1922,235,218,17,99.5
PiratskaStrana,2021-03-24,8,2,6,201,635,280,355,23.7
Pospisil_Jiri,2021-03-24,2,2,0,196,190,159,31,30.6
SpoluKoalice,2021-03-24,11,4,7,547,808,93,715,16.8
STANcz,2021-03-24,6,1,5,4,288,84,204,4.4
TomasZdechovsky,2021-03-24,28,20,8,770,2191,1572,619,91.8
tomio_cz,2021-03-24,7,7,0,545,352,352,0,16.7
TOP09cz,2021-03-24,14,0,14,0,1128,43,1085,6.1
VeslavM,2021-03-24,1,1,0,27,127,122,5,2.6
vonpecka,2021-03-24,6,6,0,167,274,217,57,6.6
ZdenekHrib,2021-03-24,1,1,0,19,387,353,34,76.8
zeleni_cz,2021-03-24,1,0,1,0,314,133,181,2.5
alenaschillerov,2021-03-23,4,4,0,218,412,350,62,18
AndrejBabis,2021-03-23,8,1,7,106,986,184,802,32.5
Jan_Skopecek,2021-03-23,2,2,0,871,172,153,19,22.7
jana_cernochova,2021-03-23,2,2,0,237,193,181,12,7.8
JanLipavsky,2021-03-23,3,0,3,0,582,109,473,14.7
jhamacek,2021-03-23,6,6,0,645,230,182,48,27.8
kalousekm,2021-03-23,13,13,0,6673,864,847,17,489.1
KarelHavlicek_,2021-03-23,4,3,1,190,268,175,93,8.7
kducsl,2021-03-23,14,2,12,35,1542,126,1416,4
Kuba_Martin,2021-03-23,7,7,0,2072,719,719,0,84.1
makupka,2021-03-23,1,1,0,262,64,55,9,38.4
market_a,2021-03-23,3,3,0,6263,312,266,46,250.1
MartinBaxa2,2021-03-23,1,1,0,56,51,51,0,20.7
milionchvilek,2021-03-23,7,4,3,260,59,38,21,7.5
MJureka,2021-03-23,1,1,0,215,543,455,88,68.9
ODScz,2021-03-23,21,6,15,796,1216,394,822,44.4
olgarichterova,2021-03-23,1,1,0,556,292,291,1,20.5
P_Fiala,2021-03-23,9,4,5,1335,251,187,64,75.4
PiratIvanBartos,2021-03-23,1,1,0,467,229,212,17,97.5
PiratskaStrana,2021-03-23,8,2,6,137,627,278,349,23.5
Pospisil_Jiri,2021-03-23,2,2,0,352,188,157,31,30.4
SpoluKoalice,2021-03-23,13,2,11,254,797,89,708,16.2
STANcz,2021-03-23,6,1,5,32,282,83,199,4.4
TomasCzernin,2021-03-23,4,4,0,1589,59,56,3,28.7
TomasZdechovsky,2021-03-23,36,25,11,578,2163,1552,611,91
tomio_cz,2021-03-23,5,5,0,112,345,345,0,16.1
TOP09cz,2021-03-23,21,0,21,0,1114,43,1071,6.1
VeslavM,2021-03-23,2,2,0,58,126,121,5,2.6
Vit_Rakusan,2021-03-23,1,1,0,238,71,61,10,40.9
vonpecka,2021-03-23,4,4,0,90,268,211,57,6.5
ZdenekHrib,2021-03-23,2,2,0,1552,386,352,34,76.8
zeleni_cz,2021-03-23,4,2,2,42,313,133,180,2.5
alenaschillerov,2021-03-22,16,16,0,461,408,346,62,17.8
AndrejBabis,2021-03-22,24,5,19,598,978,183,795,32.4
czKSCM,2021-03-22,1,0,1,0,45,12,33,0.1
general_pavel,2021-03-22,1,1,0,366,62,62,0,34
honzabartosek,2021-03-22,2,2,0,35,136,136,0,10.8
Jan_Skopecek,2021-03-22,4,4,0,1418,170,151,19,21.8
jana_cernochova,2021-03-22,1,1,0,52,191,179,12,7.6
JanLipavsky,2021-03-22,9,1,8,120,579,109,470,14.7
jhamacek,2021-03-22,4,4,0,121,224,176,48,27.2
kalousekm,2021-03-22,13,13,0,7628,851,834,17,482.4
KarelHavlicek_,2021-03-22,4,3,1,119,264,172,92,8.5
kducsl,2021-03-22,20,0,20,0,1528,124,1404,3.9
Kuba_Martin,2021-03-22,6,6,0,2909,712,712,0,82
makupka,2021-03-22,1,1,0,1055,63,54,9,38.1
market_a,2021-03-22,4,3,1,6072,309,263,46,243.8
milionchvilek,2021-03-22,12,9,3,3391,52,34,18,7.3
MJureka,2021-03-22,5,5,0,1175,542,454,88,68.7
ODScz,2021-03-22,14,1,13,27,1195,388,807,43.6
P_Fiala,2021-03-22,3,3,0,1077,242,183,59,74.1
PiratIvanBartos,2021-03-22,4,4,0,2114,228,211,17,97.1
PiratskaStrana,2021-03-22,8,2,6,526,619,276,343,23.3
Pospisil_Jiri,2021-03-22,6,5,1,1559,186,155,31,30
SpoluKoalice,2021-03-22,18,0,18,0,784,87,697,15.9
STANcz,2021-03-22,1,0,1,0,276,82,194,4.3
TomasCzernin,2021-03-22,2,2,0,835,55,52,3,27.1
TomasZdechovsky,2021-03-22,30,26,4,1824,2127,1527,600,90.4
tomio_cz,2021-03-22,3,3,0,224,340,340,0,16
TOP09cz,2021-03-22,29,3,26,158,1093,43,1050,6.1
Vit_Rakusan,2021-03-22,1,1,0,493,70,60,10,40.6
vojtafilip,2021-03-22,1,1,0,111,33,33,0,2.3
volimtrikoloru,2021-03-22,5,5,0,195,46,44,2,1.7
vonpecka,2021-03-22,7,6,1,357,264,207,57,6.4
ZdenekHrib,2021-03-22,6,5,1,972,384,350,34,75.2
zeleni_cz,2021-03-22,3,1,2,26,309,131,178,2.5
alenaschillerov,2021-03-21,2,0,2,0,392,330,62,17.3
AndrejBabis,2021-03-21,8,5,3,647,954,178,776,31.8
Jan_Skopecek,2021-03-21,4,4,0,1509,166,147,19,20.4
jana_cernochova,2021-03-21,1,1,0,152,190,178,12,7.6
JanLipavsky,2021-03-21,3,0,3,0,570,108,462,14.6
kalousekm,2021-03-21,21,21,0,5849,838,821,17,474.8
KarelHavlicek_,2021-03-21,1,0,1,0,260,169,91,8.4
kducsl,2021-03-21,4,0,4,0,1508,124,1384,3.9
market_a,2021-03-21,1,1,0,310,305,260,45,237.7
milionchvilek,2021-03-21,2,1,1,811,40,25,15,3.9
MJureka,2021-03-21,4,4,0,38,537,449,88,67.5
ODScz,2021-03-21,8,6,2,856,1181,387,794,43.5
olgarichterova,2021-03-21,1,1,0,128,291,290,1,19.9
P_Fiala,2021-03-21,1,0,1,0,239,180,59,73
PiratskaStrana,2021-03-21,2,0,2,0,611,274,337,22.8
Pospisil_Jiri,2021-03-21,1,1,0,31,180,150,30,28.5
RobertSlachta,2021-03-21,1,1,0,22,70,53,17,1.9
SpoluKoalice,2021-03-21,6,0,6,0,766,87,679,15.9
STANcz,2021-03-21,1,0,1,0,275,82,193,4.3
TomasZdechovsky,2021-03-21,10,8,2,742,2097,1501,596,88.6
tomio_cz,2021-03-21,8,8,0,381,337,337,0,15.8
TOP09cz,2021-03-21,1,0,1,0,1064,40,1024,5.9
VeslavM,2021-03-21,2,2,0,1,124,119,5,2.6
vojtafilip,2021-03-21,1,1,0,31,32,32,0,2.2
vonpecka,2021-03-21,3,2,1,52,257,201,56,6
ZdenekHrib,2021-03-21,2,0,2,0,378,345,33,74.2
zeleni_cz,2021-03-21,1,0,1,0,306,130,176,2.5
alenaschillerov,2021-03-20,2,1,1,32,390,330,60,17.3
general_pavel,2021-03-20,1,1,0,436,61,61,0,33.7
Jan_Skopecek,2021-03-20,3,3,0,1150,162,143,19,18.9
jana_cernochova,2021-03-20,3,3,0,22,189,177,12,7.4
JanLipavsky,2021-03-20,1,0,1,0,567,108,459,14.6
jhamacek,2021-03-20,1,1,0,47,220,172,48,27
kalousekm,2021-03-20,9,9,0,2604,817,800,17,469
kducsl,2021-03-20,11,0,11,0,1504,124,1380,3.9
Kuba_Martin,2021-03-20,15,15,0,1549,706,706,0,79.1
market_a,2021-03-20,2,1,1,82,304,259,45,237.4
metnarl,2021-03-20,1,1,0,26,23,20,3,1.9
milionchvilek,2021-03-20,2,0,2,0,38,24,14,3.1
MJureka,2021-03-20,3,2,1,910,533,445,88,67.4
ODScz,2021-03-20,4,0,4,0,1173,381,792,42.7
olgarichterova,2021-03-20,2,2,0,905,290,289,1,19.8
P_Fiala,2021-03-20,1,1,0,946,238,180,58,73
PiratIvanBartos,2021-03-20,2,2,0,4848,224,207,17,95
PiratskaStrana,2021-03-20,3,0,3,0,609,274,335,22.8
SpoluKoalice,2021-03-20,8,0,8,0,760,87,673,15.9
TomasZdechovsky,2021-03-20,16,14,2,1444,2087,1493,594,87.9
tomio_cz,2021-03-20,2,2,0,91,329,329,0,15.4
VeslavM,2021-03-20,3,2,1,126,122,117,5,2.6
vonpecka,2021-03-20,1,1,0,2,254,199,55,6
alenaschillerov,2021-03-19,4,3,1,90,388,329,59,17.3
AndrejBabis,2021-03-19,7,2,5,189,946,173,773,31.1
general_pavel,2021-03-19,1,1,0,309,60,60,0,33.2
honzabartosek,2021-03-19,1,1,0,177,134,134,0,10.7
Jan_Skopecek,2021-03-19,5,2,3,65,159,140,19,17.7
jana_cernochova,2021-03-19,2,2,0,72,186,174,12,7.4
JanLipavsky,2021-03-19,6,1,5,445,566,108,458,14.6
jhamacek,2021-03-19,4,3,1,337,219,171,48,27
kalousekm,2021-03-19,13,13,0,9043,808,791,17,466.3
KarelHavlicek_,2021-03-19,2,2,0,54,259,169,90,8.4
kducsl,2021-03-19,9,1,8,51,1493,124,1369,3.9
market_a,2021-03-19,2,2,0,2548,302,258,44,237.3
milionchvilek,2021-03-19,1,1,0,118,36,24,12,3.1
MJureka,2021-03-19,4,1,3,0,530,443,87,66.5
ODScz,2021-03-19,15,3,12,7,1169,381,788,42.7
olgarichterova,2021-03-19,1,1,0,23,288,287,1,18.9
P_Fiala,2021-03-19,7,7,0,3088,237,179,58,72.1
PiratIvanBartos,2021-03-19,2,2,0,533,222,205,17,90.1
PiratskaStrana,2021-03-19,3,1,2,145,606,274,332,22.8
Pospisil_Jiri,2021-03-19,1,1,0,84,179,149,30,28.5
SpoluKoalice,2021-03-19,3,0,3,0,752,87,665,15.9
STANcz,2021-03-19,1,0,1,0,274,82,192,4.3
TomasZdechovsky,2021-03-19,6,4,2,314,2071,1479,592,86.4
tomio_cz,2021-03-19,4,4,0,154,327,327,0,15.3
TOP09cz,2021-03-19,6,0,6,0,1063,40,1023,5.9
VeslavM,2021-03-19,1,1,0,22,119,115,4,2.4
vonpecka,2021-03-19,5,4,1,2,253,198,55,6
Zbynek_Stanjura,2021-03-19,1,1,0,1902,6,6,0,7.7
ZdenekHrib,2021-03-19,2,2,0,78,376,345,31,74.2
zeleni_cz,2021-03-19,3,1,2,22,305,130,175,2.5
alenaschillerov,2021-03-18,3,3,0,98,384,326,58,17.2
AndrejBabis,2021-03-18,12,2,10,131,939,171,768,31
honzabartosek,2021-03-18,4,4,0,288,133,133,0,10.5
Jan_Skopecek,2021-03-18,6,6,0,545,154,138,16,17.7
jana_cernochova,2021-03-18,15,15,0,362,184,172,12,7.3
JanLipavsky,2021-03-18,11,6,5,289,560,107,453,14.2
jhamacek,2021-03-18,4,3,1,960,215,168,47,26.7
kalousekm,2021-03-18,19,19,0,5869,795,778,17,457.3
KarelHavlicek_,2021-03-18,3,2,1,96,257,167,90,8.3
kducsl,2021-03-18,11,0,11,0,1484,123,1361,3.9
Kuba_Martin,2021-03-18,1,1,0,22,691,691,0,77.6
makupka,2021-03-18,1,1,0,262,62,53,9,37.1
market_a,2021-03-18,5,5,0,3470,300,256,44,234.8
milionchvilek,2021-03-18,5,3,2,203,35,23,12,3
MJureka,2021-03-18,13,11,2,476,526,442,84,66.5
ODScz,2021-03-18,16,4,12,8,1154,378,776,42.7
olgarichterova,2021-03-18,3,3,0,4728,287,286,1,18.9
P_Fiala,2021-03-18,3,3,0,580,230,172,58,69
PiratIvanBartos,2021-03-18,3,3,0,699,220,203,17,89.6
PiratskaStrana,2021-03-18,5,1,4,120,603,273,330,22.7
Pospisil_Jiri,2021-03-18,1,1,0,81,178,148,30,28.4
SpoluKoalice,2021-03-18,20,2,18,101,749,87,662,15.9
STANcz,2021-03-18,7,1,6,29,273,82,191,4.3
TomasZdechovsky,2021-03-18,25,21,4,763,2065,1475,590,86.1
tomio_cz,2021-03-18,5,5,0,129,323,323,0,15.2
TOP09cz,2021-03-18,19,1,18,65,1057,40,1017,5.9
VeslavM,2021-03-18,1,1,0,55,118,114,4,2.4
vonpecka,2021-03-18,3,3,0,70,248,194,54,6
ZdenekHrib,2021-03-18,4,4,0,3231,374,343,31,74.2
zeleni_cz,2021-03-18,4,1,3,19,302,129,173,2.4
alenaschillerov,2021-03-17,5,3,2,84,381,323,58,17.1
AndrejBabis,2021-03-17,10,1,9,92,927,169,758,30.8
czKSCM,2021-03-17,1,0,1,0,44,12,32,0.1
honzabartosek,2021-03-17,1,1,0,54,129,129,0,10.3
Jan_Skopecek,2021-03-17,4,4,0,327,148,132,16,17.1
jana_cernochova,2021-03-17,7,7,0,157,169,157,12,6.9
JanLipavsky,2021-03-17,7,1,6,1390,549,101,448,13.9
jhamacek,2021-03-17,6,5,1,61,211,165,46,25.7
kalousekm,2021-03-17,10,9,1,3693,776,759,17,451.4
KarelHavlicek_,2021-03-17,1,1,0,81,254,165,89,8.2
kducsl,2021-03-17,26,2,24,11,1473,123,1350,3.9
Kuba_Martin,2021-03-17,4,4,0,1,690,690,0,77.6
makupka,2021-03-17,2,2,0,749,61,52,9,36.8
market_a,2021-03-17,8,7,1,4955,295,251,44,231.3
metnarl,2021-03-17,1,1,0,112,22,19,3,1.8
milionchvilek,2021-03-17,2,1,1,141,30,20,10,2.8
MJureka,2021-03-17,13,12,1,1149,513,431,82,66.1
ODScz,2021-03-17,31,9,22,61,1138,374,764,42.7
olgarichterova,2021-03-17,1,1,0,1,284,283,1,14.2
P_Fiala,2021-03-17,5,4,1,2034,227,169,58,68.4
PiratIvanBartos,2021-03-17,9,9,0,2438,217,200,17,88.9
PiratskaStrana,2021-03-17,14,3,11,615,598,272,326,22.5
Pospisil_Jiri,2021-03-17,1,1,0,119,177,147,30,28.3
RobertSlachta,2021-03-17,1,1,0,40,69,52,17,1.9
SpoluKoalice,2021-03-17,24,3,21,146,729,85,644,15.8
STANcz,2021-03-17,10,6,4,115,266,81,185,4.3
TomasCzernin,2021-03-17,1,1,0,591,53,50,3,26.2
TomasZdechovsky,2021-03-17,20,14,6,876,2040,1454,586,85.3
tomio_cz,2021-03-17,1,1,0,133,318,318,0,15
TOP09cz,2021-03-17,15,1,14,84,1038,39,999,5.9
VeslavM,2021-03-17,6,6,0,165,117,113,4,2.4
Vit_Rakusan,2021-03-17,1,1,0,330,69,59,10,40.1
vojtafilip,2021-03-17,2,2,0,60,31,31,0,2.2
vonpecka,2021-03-17,3,3,0,114,245,191,54,5.9
ZdenekHrib,2021-03-17,1,1,0,50,370,339,31,70.9
zeleni_cz,2021-03-17,3,1,2,16,298,128,170,2.4
alenaschillerov,2021-03-16,5,5,0,86,376,320,56,17
AndrejBabis,2021-03-16,16,7,9,789,917,168,749,30.7
honzabartosek,2021-03-16,2,2,0,80,128,128,0,10.2
Jan_Skopecek,2021-03-16,1,1,0,38,144,128,16,16.8
JanLipavsky,2021-03-16,9,0,9,0,542,100,442,12.5
jhamacek,2021-03-16,1,1,0,191,205,160,45,25.6
kalousekm,2021-03-16,22,22,0,10676,766,750,16,447.7
KarelHavlicek_,2021-03-16,3,1,2,30,253,164,89,8.1
kducsl,2021-03-16,21,0,21,0,1447,121,1326,3.9
Kuba_Martin,2021-03-16,5,5,0,110,686,686,0,77.6
market_a,2021-03-16,2,2,0,933,287,244,43,226.4
milionchvilek,2021-03-16,2,1,1,74,28,19,9,2.6
MJureka,2021-03-16,3,3,0,382,500,419,81,64.9
ODScz,2021-03-16,14,8,6,0,1107,365,742,42.6
olgarichterova,2021-03-16,4,4,0,208,283,282,1,14.2
P_Fiala,2021-03-16,1,1,0,408,222,165,57,66.4
PiratIvanBartos,2021-03-16,2,2,0,1672,208,191,17,86.4
PiratskaStrana,2021-03-16,7,1,6,214,584,269,315,21.9
Pospisil_Jiri,2021-03-16,1,1,0,122,176,146,30,28.2
SpoluKoalice,2021-03-16,4,0,4,0,705,82,623,15.7
STANcz,2021-03-16,4,0,4,0,256,75,181,4.2
TomasZdechovsky,2021-03-16,30,16,14,371,2020,1440,580,84.5
tomio_cz,2021-03-16,1,1,0,136,317,317,0,14.9
TOP09cz,2021-03-16,8,0,8,0,1023,38,985,5.8
vonpecka,2021-03-16,4,3,1,153,242,188,54,5.8
ZdenekHrib,2021-03-16,5,5,0,347,369,338,31,70.9
zeleni_cz,2021-03-16,1,0,1,0,295,127,168,2.4
alenaschillerov,2021-03-15,5,5,0,374,371,315,56,16.9
AndrejBabis,2021-03-15,13,0,13,0,901,161,740,29.9
czKSCM,2021-03-15,2,2,0,13,43,12,31,0.1
Jan_Skopecek,2021-03-15,1,1,0,309,143,127,16,16.7
JanLipavsky,2021-03-15,3,0,3,0,533,100,433,12.5
jhamacek,2021-03-15,2,1,1,19,204,159,45,25.4
kalousekm,2021-03-15,21,21,0,5403,744,728,16,437.1
KarelHavlicek_,2021-03-15,4,4,0,167,250,163,87,8.1
kducsl,2021-03-15,13,0,13,0,1426,121,1305,3.9
Kuba_Martin,2021-03-15,2,2,0,1,681,681,0,77.5
makupka,2021-03-15,3,3,0,926,59,50,9,36.1
market_a,2021-03-15,5,5,0,3904,285,242,43,225.4
milionchvilek,2021-03-15,1,1,0,155,26,18,8,2.5
MJureka,2021-03-15,4,3,1,280,497,416,81,64.5
ODScz,2021-03-15,10,5,5,346,1093,357,736,42.6
olgarichterova,2021-03-15,1,1,0,3,279,278,1,13.9
P_Fiala,2021-03-15,3,1,2,491,221,164,57,65.9
PiratIvanBartos,2021-03-15,2,2,0,516,206,189,17,84.8
PiratskaStrana,2021-03-15,2,0,2,0,577,268,309,21.7
Pospisil_Jiri,2021-03-15,1,1,0,111,175,145,30,28
RobertSlachta,2021-03-15,2,2,0,97,68,51,17,1.8
SpoluKoalice,2021-03-15,9,0,9,0,701,82,619,15.7
STANcz,2021-03-15,5,3,2,27,252,75,177,4.2
TomasCzernin,2021-03-15,3,3,0,1120,52,49,3,25.7
TomasZdechovsky,2021-03-15,40,31,9,1356,1990,1424,566,84.1
tomio_cz,2021-03-15,2,2,0,33,316,316,0,14.8
TOP09cz,2021-03-15,15,1,14,1,1015,38,977,5.8
VeslavM,2021-03-15,3,3,0,9,111,107,4,2.2
Vit_Rakusan,2021-03-15,1,0,1,0,68,58,10,39.8
vonpecka,2021-03-15,5,2,3,138,238,185,53,5.6
ZdenekHrib,2021-03-15,10,10,0,2993,364,333,31,70.5
zeleni_cz,2021-03-15,2,0,2,0,294,127,167,2.4
alenaschillerov,2021-03-14,5,4,1,91,366,310,56,16.5
AndrejBabis,2021-03-14,3,1,2,420,888,161,727,29.9
honzabartosek,2021-03-14,1,1,0,46,126,126,0,10.1
Jan_Skopecek,2021-03-14,1,1,0,897,142,126,16,16.4
JanLipavsky,2021-03-14,5,0,5,0,530,100,430,12.5
kalousekm,2021-03-14,4,4,0,507,723,707,16,431.7
KarelHavlicek_,2021-03-14,2,1,1,60,246,159,87,7.9
kducsl,2021-03-14,4,0,4,0,1413,121,1292,3.9
Kuba_Martin,2021-03-14,1,1,0,81,679,679,0,77.5
market_a,2021-03-14,4,3,1,1494,280,237,43,221.5
milionchvilek,2021-03-14,1,0,1,0,25,17,8,2.4
MJureka,2021-03-14,2,2,0,190,493,413,80,64.2
ODScz,2021-03-14,21,12,9,1047,1083,352,731,42.3
P_Fiala,2021-03-14,3,2,1,723,218,163,55,65.5
PiratIvanBartos,2021-03-14,1,1,0,2488,204,187,17,84.3
PiratskaStrana,2021-03-14,4,2,2,387,575,268,307,21.7
RobertSlachta,2021-03-14,2,2,0,21,66,49,17,1.7
SpoluKoalice,2021-03-14,13,0,13,0,692,82,610,15.7
STANcz,2021-03-14,5,1,4,539,247,72,175,4.2
TomasCzernin,2021-03-14,1,1,0,502,49,46,3,24.5
TomasZdechovsky,2021-03-14,20,17,3,641,1950,1393,557,82.7
tomio_cz,2021-03-14,5,5,0,258,314,314,0,14.7
TOP09cz,2021-03-14,4,0,4,0,1000,37,963,5.8
VeslavM,2021-03-14,8,7,1,42,108,104,4,2.2
Vit_Rakusan,2021-03-14,1,1,0,775,67,58,9,39.8
zeleni_cz,2021-03-14,1,0,1,0,292,127,165,2.4
alenaschillerov,2021-03-13,2,0,2,0,361,306,55,16.5
AndrejBabis,2021-03-13,13,7,6,748,885,160,725,29.5
general_pavel,2021-03-13,1,1,0,1032,59,59,0,32.9
Jan_Skopecek,2021-03-13,2,2,0,221,141,125,16,15.5
jana_cernochova,2021-03-13,5,5,0,186,162,150,12,6.8
JanLipavsky,2021-03-13,2,0,2,0,525,100,425,12.5
jhamacek,2021-03-13,5,4,1,58,202,158,44,25.4
kalousekm,2021-03-13,26,26,0,5336,719,703,16,431.2
KarelHavlicek_,2021-03-13,4,2,2,169,244,158,86,7.9
kducsl,2021-03-13,9,0,9,0,1409,121,1288,3.9
Kuba_Martin,2021-03-13,3,3,0,3,678,678,0,77.4
MJureka,2021-03-13,5,5,0,479,491,411,80,64.1
ODScz,2021-03-13,6,0,6,0,1062,340,722,41.2
olgarichterova,2021-03-13,3,3,0,5,278,277,1,13.9
P_Fiala,2021-03-13,1,0,1,0,215,161,54,64.7
PiratskaStrana,2021-03-13,1,1,0,290,571,266,305,21.3
RobertSlachta,2021-03-13,1,1,0,67,64,47,17,1.7
SpoluKoalice,2021-03-13,9,1,8,68,679,82,597,15.7
STANcz,2021-03-13,2,0,2,0,242,71,171,3.6
TomasZdechovsky,2021-03-13,24,20,4,1437,1930,1376,554,82.1
tomio_cz,2021-03-13,3,3,0,571,309,309,0,14.5
TOP09cz,2021-03-13,5,0,5,0,996,37,959,5.8
VeslavM,2021-03-13,3,3,0,16,100,97,3,2.1
ZdenekHrib,2021-03-13,18,18,0,2278,354,323,31,67.5
alenaschillerov,2021-03-12,8,8,0,317,359,306,53,16.5
AndrejBabis,2021-03-12,11,4,7,731,872,153,719,28.8
czKSCM,2021-03-12,1,0,1,0,41,10,31,0.1
general_pavel,2021-03-12,3,3,0,3404,58,58,0,31.9
honzabartosek,2021-03-12,1,1,0,2,125,125,0,10.1
Jan_Skopecek,2021-03-12,2,2,0,282,139,123,16,15.3
jana_cernochova,2021-03-12,1,1,0,410,157,145,12,6.6
JanLipavsky,2021-03-12,11,4,7,305,523,100,423,12.5
jhamacek,2021-03-12,1,1,0,301,197,154,43,25.4
kalousekm,2021-03-12,8,8,0,4335,693,677,16,425.8
KarelHavlicek_,2021-03-12,5,4,1,280,240,156,84,7.7
kducsl,2021-03-12,27,3,24,51,1400,121,1279,3.9
Kuba_Martin,2021-03-12,8,8,0,1736,675,675,0,77.4
makupka,2021-03-12,1,1,0,1511,56,47,9,35.1
market_a,2021-03-12,2,2,0,774,276,234,42,220
metnarl,2021-03-12,1,1,0,143,21,18,3,1.7
milionchvilek,2021-03-12,3,1,2,161,24,17,7,2.4
MJureka,2021-03-12,10,10,0,678,486,406,80,63.6
ODScz,2021-03-12,13,6,7,1533,1056,340,716,41.2
olgarichterova,2021-03-12,3,3,0,172,275,274,1,13.9
P_Fiala,2021-03-12,3,2,1,943,214,161,53,64.7
PiratIvanBartos,2021-03-12,3,3,0,503,203,186,17,81.8
PiratskaStrana,2021-03-12,22,13,9,1003,570,265,305,21
Pospisil_Jiri,2021-03-12,4,3,1,693,174,144,30,27.9
SpoluKoalice,2021-03-12,20,0,20,0,670,81,589,15.6
STANcz,2021-03-12,3,0,3,0,240,71,169,3.6
TomasCzernin,2021-03-12,1,1,0,179,48,45,3,24
TomasZdechovsky,2021-03-12,33,27,6,3588,1906,1356,550,80.7
tomio_cz,2021-03-12,4,4,0,476,306,306,0,13.9
TOP09cz,2021-03-12,13,2,11,824,991,37,954,5.8
VeslavM,2021-03-12,6,6,0,18,97,94,3,2.1
Vit_Rakusan,2021-03-12,3,3,0,477,66,57,9,39
vojtafilip,2021-03-12,1,1,0,117,29,29,0,2.1
volimtrikoloru,2021-03-12,1,1,0,66,41,39,2,1.5
vonpecka,2021-03-12,6,5,1,95,233,183,50,5.5
ZdenekHrib,2021-03-12,3,2,1,849,336,305,31,65.3
zeleni_cz,2021-03-12,2,1,1,68,291,127,164,2.4
alenaschillerov,2021-03-11,5,4,1,1238,351,298,53,16.1
AndrejBabis,2021-03-11,13,4,9,448,861,149,712,28
general_pavel,2021-03-11,1,1,0,320,55,55,0,28.5
honzabartosek,2021-03-11,3,3,0,290,124,124,0,10.1
Jan_Skopecek,2021-03-11,4,4,0,1039,137,121,16,15
JanLipavsky,2021-03-11,6,0,6,0,512,96,416,12.2
kalousekm,2021-03-11,7,7,0,2874,685,669,16,421.5
KarelHavlicek_,2021-03-11,2,2,0,53,235,152,83,7.4
kducsl,2021-03-11,19,0,19,0,1373,118,1255,3.8
Kuba_Martin,2021-03-11,3,3,0,649,667,667,0,75.6
makupka,2021-03-11,1,1,0,2,55,46,9,33.6
market_a,2021-03-11,3,3,0,3126,274,232,42,219.3
MJureka,2021-03-11,2,1,1,935,476,396,80,62.9
ODScz,2021-03-11,19,5,14,33,1043,334,709,39.7
olgarichterova,2021-03-11,3,3,0,4,272,271,1,13.8
P_Fiala,2021-03-11,3,3,0,2174,211,159,52,63.8
PiratskaStrana,2021-03-11,10,3,7,268,548,252,296,20
Pospisil_Jiri,2021-03-11,2,2,0,174,170,141,29,27.2
SpoluKoalice,2021-03-11,13,1,12,163,650,81,569,15.6
STANcz,2021-03-11,2,0,2,0,237,71,166,3.6
TomasZdechovsky,2021-03-11,38,26,12,680,1873,1329,544,77.1
tomio_cz,2021-03-11,2,2,0,87,302,302,0,13.4
TOP09cz,2021-03-11,10,0,10,0,978,35,943,5
VeslavM,2021-03-11,2,2,0,22,91,88,3,2.1
Vit_Rakusan,2021-03-11,1,0,1,0,63,54,9,38.5
vonpecka,2021-03-11,3,2,1,61,227,178,49,5.4
zeleni_cz,2021-03-11,2,1,1,17,289,126,163,2.3
alenaschillerov,2021-03-10,8,7,1,291,346,294,52,14.9
AndrejBabis,2021-03-10,15,5,10,1306,848,145,703,27.6
general_pavel,2021-03-10,2,2,0,1791,54,54,0,28.2
honzabartosek,2021-03-10,5,5,0,629,121,121,0,9.8
Jan_Skopecek,2021-03-10,1,1,0,148,133,117,16,14
JanLipavsky,2021-03-10,11,2,9,1751,506,96,410,12.2
jhamacek,2021-03-10,1,0,1,0,196,153,43,25.1
kalousekm,2021-03-10,3,3,0,6245,678,662,16,418.6
KarelHavlicek_,2021-03-10,6,3,3,126,233,150,83,7.4
kducsl,2021-03-10,38,4,34,115,1354,118,1236,3.8
Kuba_Martin,2021-03-10,4,4,0,7046,664,664,0,75
makupka,2021-03-10,2,1,1,1525,54,45,9,33.6
market_a,2021-03-10,5,5,0,9267,271,229,42,216.1
MartinBaxa2,2021-03-10,3,3,0,809,50,50,0,20.6
metnarl,2021-03-10,2,1,1,33,20,17,3,1.6
milionchvilek,2021-03-10,1,0,1,0,21,16,5,2.2
MJureka,2021-03-10,17,15,2,2659,474,395,79,62
ODScz,2021-03-10,35,11,24,1882,1024,329,695,39.6
olgarichterova,2021-03-10,6,6,0,218,269,268,1,13.8
P_Fiala,2021-03-10,10,4,6,3305,208,156,52,61.6
PiratIvanBartos,2021-03-10,1,1,0,3612,200,183,17,81.3
PiratskaStrana,2021-03-10,10,3,7,705,538,249,289,19.8
Pospisil_Jiri,2021-03-10,2,2,0,827,168,139,29,27.1
SpoluKoalice,2021-03-10,23,6,17,1124,637,80,557,15.5
STANcz,2021-03-10,8,3,5,122,235,71,164,3.6
TomasCzernin,2021-03-10,5,5,0,3813,47,44,3,23.9
TomasZdechovsky,2021-03-10,37,25,12,1345,1835,1303,532,76.4
tomio_cz,2021-03-10,9,9,0,341,300,300,0,13.3
TOP09cz,2021-03-10,22,1,21,82,968,35,933,5
VeslavM,2021-03-10,1,1,0,38,89,86,3,2.1
Vit_Rakusan,2021-03-10,2,1,1,1890,62,54,8,38.5
ZdenekHrib,2021-03-10,2,1,1,120,333,303,30,64.4
zeleni_cz,2021-03-10,6,2,4,104,287,125,162,2.3
alenaschillerov,2021-03-09,7,4,3,92,338,287,51,14.6
AndrejBabis,2021-03-09,16,8,8,1672,833,140,693,26.3
honzabartosek,2021-03-09,2,2,0,163,116,116,0,9.2
Jan_Skopecek,2021-03-09,9,9,0,352,132,116,16,13.9
jana_cernochova,2021-03-09,2,2,0,58,156,144,12,6.2
JanLipavsky,2021-03-09,6,0,6,0,495,94,401,10.4
jhamacek,2021-03-09,3,2,1,363,195,153,42,25.1
kalousekm,2021-03-09,12,12,0,3796,675,659,16,412.4
KarelHavlicek_,2021-03-09,5,3,2,140,227,147,80,7.2
kducsl,2021-03-09,27,6,21,269,1316,114,1202,3.7
Kuba_Martin,2021-03-09,4,4,0,379,660,660,0,67.9
market_a,2021-03-09,6,6,0,4422,266,224,42,206.9
MartinBaxa2,2021-03-09,1,1,0,185,47,47,0,19.8
MJureka,2021-03-09,3,2,1,26,457,380,77,59.3
ODScz,2021-03-09,23,7,16,1906,989,318,671,37.8
olgarichterova,2021-03-09,11,11,0,142,263,262,1,13.5
P_Fiala,2021-03-09,2,2,0,1707,198,152,46,58.3
PiratskaStrana,2021-03-09,7,0,7,0,528,246,282,19.1
Pospisil_Jiri,2021-03-09,2,2,0,221,166,137,29,26.2
RobertSlachta,2021-03-09,1,0,1,0,63,46,17,1.6
SpoluKoalice,2021-03-09,18,2,16,3,614,74,540,14.3
STANcz,2021-03-09,2,1,1,40,227,68,159,3.5
TomasCzernin,2021-03-09,1,1,0,214,42,39,3,20
TomasZdechovsky,2021-03-09,23,13,10,1157,1798,1278,520,75.1
tomio_cz,2021-03-09,6,6,0,144,291,291,0,13
TOP09cz,2021-03-09,19,0,19,0,946,34,912,4.9
vojtafilip,2021-03-09,1,1,0,107,28,28,0,2
volimtrikoloru,2021-03-09,2,2,0,50,40,38,2,1.4
vonpecka,2021-03-09,1,1,0,31,224,176,48,5.3
ZdenekHrib,2021-03-09,12,12,0,1420,331,302,29,64.3
zeleni_cz,2021-03-09,2,0,2,0,281,123,158,2.2
alenaschillerov,2021-03-08,7,7,0,365,331,283,48,14.5
AndrejBabis,2021-03-08,17,2,15,791,817,132,685,24.6
czKSCM,2021-03-08,1,0,1,0,40,10,30,0.1
general_pavel,2021-03-08,1,1,0,170,52,52,0,26.4
Jan_Skopecek,2021-03-08,2,2,0,211,123,107,16,13.5
JanLipavsky,2021-03-08,5,0,5,0,489,94,395,10.4
jhamacek,2021-03-08,2,2,0,397,192,151,41,24.7
kalousekm,2021-03-08,13,13,0,7167,663,647,16,408.6
KarelHavlicek_,2021-03-08,5,4,1,161,222,144,78,7.1
kducsl,2021-03-08,17,1,16,21,1289,108,1181,3.4
Kuba_Martin,2021-03-08,7,7,0,2358,656,656,0,67.6
makupka,2021-03-08,1,1,0,1370,52,44,8,32.1
market_a,2021-03-08,2,2,0,765,260,218,42,202.4
MJureka,2021-03-08,6,5,1,870,454,378,76,59.3
ODScz,2021-03-08,9,3,6,0,966,311,655,35.9
P_Fiala,2021-03-08,4,1,3,528,196,150,46,56.6
PiratIvanBartos,2021-03-08,5,5,0,1019,199,182,17,77.7
PiratskaStrana,2021-03-08,7,3,4,198,521,246,275,19.1
Pospisil_Jiri,2021-03-08,2,1,1,60,164,135,29,26
SpoluKoalice,2021-03-08,11,2,9,969,596,72,524,14.3
STANcz,2021-03-08,2,0,2,0,225,67,158,3.5
TomasCzernin,2021-03-08,2,0,2,0,41,38,3,19.8
TomasZdechovsky,2021-03-08,17,11,6,554,1775,1265,510,73.9
tomio_cz,2021-03-08,13,13,0,675,285,285,0,12.9
TOP09cz,2021-03-08,35,0,35,0,927,34,893,4.9
Vit_Rakusan,2021-03-08,1,0,1,0,60,53,7,36.7
vojtafilip,2021-03-08,1,1,0,82,27,27,0,1.9
vonpecka,2021-03-08,3,1,2,15,223,175,48,5.3
ZdenekHrib,2021-03-08,3,3,0,507,319,290,29,62.9
zeleni_cz,2021-03-08,5,0,5,0,279,123,156,2.2
alenaschillerov,2021-03-07,4,4,0,382,324,276,48,14.2
AndrejBabis,2021-03-07,8,2,6,489,800,130,670,23.8
czKSCM,2021-03-07,1,1,0,7,39,10,29,0.1
honzabartosek,2021-03-07,1,1,0,56,114,114,0,9
Jan_Skopecek,2021-03-07,1,1,0,100,121,105,16,13.3
JanLipavsky,2021-03-07,5,0,5,0,484,94,390,10.4
jhamacek,2021-03-07,4,2,2,1266,190,149,41,24.3
kalousekm,2021-03-07,14,14,0,13604,650,634,16,401.4
KarelHavlicek_,2021-03-07,3,2,1,100,217,140,77,6.9
kducsl,2021-03-07,21,7,14,310,1272,107,1165,3.4
Kuba_Martin,2021-03-07,6,6,0,12,649,649,0,65.2
market_a,2021-03-07,2,2,0,5126,258,216,42,201.7
MartinBaxa2,2021-03-07,1,1,0,2241,46,46,0,19.7
ODScz,2021-03-07,10,7,3,171,957,308,649,35.9
olgarichterova,2021-03-07,1,1,0,233,252,251,1,13.4
P_Fiala,2021-03-07,1,1,0,394,192,149,43,56.1
Pospisil_Jiri,2021-03-07,2,1,1,259,162,134,28,26
RobertSlachta,2021-03-07,1,1,0,20,62,46,16,1.6
SpoluKoalice,2021-03-07,8,0,8,0,585,70,515,13.4
TomasZdechovsky,2021-03-07,22,16,6,720,1758,1254,504,73.3
tomio_cz,2021-03-07,3,3,0,282,272,272,0,12.2
TOP09cz,2021-03-07,2,0,2,0,892,34,858,4.9
vojtafilip,2021-03-07,1,1,0,35,26,26,0,1.8
AndrejBabis,2021-03-06,2,1,1,144,792,128,664,23.3
general_pavel,2021-03-06,2,2,0,1207,51,51,0,26.2
jana_cernochova,2021-03-06,31,29,2,525,154,142,12,6.1
JanLipavsky,2021-03-06,1,0,1,0,479,94,385,10.4
jhamacek,2021-03-06,3,1,2,12,186,147,39,23
kalousekm,2021-03-06,3,3,0,67,636,620,16,387.8
kducsl,2021-03-06,15,0,15,0,1251,100,1151,3.1
Kuba_Martin,2021-03-06,12,12,0,378,643,643,0,65.2
metnarl,2021-03-06,1,1,0,41,18,16,2,1.6
MJureka,2021-03-06,5,5,0,452,448,373,75,58.4
ODScz,2021-03-06,8,3,5,9,947,301,646,35.7
P_Fiala,2021-03-06,4,4,0,1700,191,148,43,55.7
PiratskaStrana,2021-03-06,1,1,0,127,514,243,271,18.9
Pospisil_Jiri,2021-03-06,1,1,0,213,160,133,27,25.7
SpoluKoalice,2021-03-06,8,0,8,0,577,70,507,13.4
TomasZdechovsky,2021-03-06,19,15,4,921,1736,1238,498,72.6
tomio_cz,2021-03-06,3,3,0,268,269,269,0,11.9
VeslavM,2021-03-06,1,1,0,12,88,85,3,2
ZdenekHrib,2021-03-06,7,7,0,1226,316,287,29,62.4
zeleni_cz,2021-03-06,1,0,1,0,274,123,151,2.2
alenaschillerov,2021-03-05,5,4,1,78,320,272,48,13.8
AndrejBabis,2021-03-05,11,4,7,327,790,127,663,23.2
general_pavel,2021-03-05,3,3,0,2148,49,49,0,25
honzabartosek,2021-03-05,4,4,0,278,113,113,0,8.9
Jan_Skopecek,2021-03-05,1,1,0,137,120,104,16,13.2
JanLipavsky,2021-03-05,9,0,9,0,478,94,384,10.4
jhamacek,2021-03-05,2,1,1,116,183,146,37,23
kalousekm,2021-03-05,4,4,0,8487,633,617,16,387.7
KarelHavlicek_,2021-03-05,7,7,0,95,214,138,76,6.8
kducsl,2021-03-05,24,3,21,170,1236,100,1136,3.1
Kuba_Martin,2021-03-05,11,11,0,3571,631,631,0,64.8
market_a,2021-03-05,5,4,1,4442,256,214,42,196.6
MartinBaxa2,2021-03-05,1,1,0,181,45,45,0,17.4
MJureka,2021-03-05,11,10,1,533,443,368,75,58
ODScz,2021-03-05,9,0,9,0,939,298,641,35.7
olgarichterova,2021-03-05,4,4,0,237,251,250,1,13.2
P_Fiala,2021-03-05,4,0,4,0,187,144,43,54
PiratIvanBartos,2021-03-05,2,1,1,344,194,177,17,76.6
PiratskaStrana,2021-03-05,13,10,3,1025,513,242,271,18.7
Pospisil_Jiri,2021-03-05,1,1,0,114,159,132,27,25.5
SpoluKoalice,2021-03-05,9,1,8,169,569,70,499,13.4
STANcz,2021-03-05,7,1,6,104,223,67,156,3.5
TomasCzernin,2021-03-05,1,1,0,198,39,38,1,19.8
TomasZdechovsky,2021-03-05,30,18,12,1100,1717,1223,494,71.7
tomio_cz,2021-03-05,7,7,0,253,266,266,0,11.6
TOP09cz,2021-03-05,18,0,18,0,890,34,856,4.9
VeslavM,2021-03-05,10,10,0,6,87,84,3,2
Vit_Rakusan,2021-03-05,1,1,0,195,59,53,6,36.7
vonpecka,2021-03-05,2,2,0,255,220,174,46,5.3
ZdenekHrib,2021-03-05,1,1,0,84,309,280,29,61.1
zeleni_cz,2021-03-05,2,1,1,27,273,123,150,2.2
alenaschillerov,2021-03-04,7,7,0,127,315,268,47,13.7
AndrejBabis,2021-03-04,12,2,10,487,779,123,656,22.9
czKSCM,2021-03-04,1,0,1,0,38,9,29,0.1
general_pavel,2021-03-04,1,1,0,1196,46,46,0,22.8
honzabartosek,2021-03-04,1,1,0,50,109,109,0,8.7
Jan_Skopecek,2021-03-04,1,1,0,1267,119,103,16,13.1
JanLipavsky,2021-03-04,5,0,5,0,469,94,375,10.4
jhamacek,2021-03-04,2,1,1,147,181,145,36,22.9
kalousekm,2021-03-04,5,5,0,1250,629,613,16,379.2
KarelHavlicek_,2021-03-04,3,2,1,92,207,131,76,6.8
kducsl,2021-03-04,31,3,28,70,1212,97,1115,2.9
Kuba_Martin,2021-03-04,5,5,0,17,620,620,0,61.2
makupka,2021-03-04,1,1,0,1090,51,43,8,30.7
market_a,2021-03-04,6,5,1,5986,251,210,41,192.1
MartinBaxa2,2021-03-04,1,1,0,46,44,44,0,17.2
milionchvilek,2021-03-04,2,1,1,491,20,16,4,2.2
MJureka,2021-03-04,7,6,1,1149,432,358,74,57.4
ODScz,2021-03-04,21,8,13,14,930,298,632,35.7
olgarichterova,2021-03-04,8,8,0,646,247,246,1,12.9
P_Fiala,2021-03-04,8,8,0,2218,183,144,39,54
PavelSehnal64,2021-03-04,1,1,0,16,17,17,0,0.3
PiratIvanBartos,2021-03-04,7,7,0,3752,192,176,16,76.3
PiratskaStrana,2021-03-04,9,1,8,181,500,232,268,17.7
Pospisil_Jiri,2021-03-04,3,2,1,406,158,131,27,25.4
SpoluKoalice,2021-03-04,21,4,17,238,560,69,491,13.2
STANcz,2021-03-04,3,1,2,229,216,66,150,3.3
TomasZdechovsky,2021-03-04,32,19,13,996,1687,1205,482,70.6
tomio_cz,2021-03-04,9,9,0,486,259,259,0,11.4
TOP09cz,2021-03-04,19,0,19,0,872,34,838,4.9
VeslavM,2021-03-04,2,2,0,12,77,74,3,2
volimtrikoloru,2021-03-04,7,7,0,580,38,36,2,1.4
vonpecka,2021-03-04,10,8,2,78,218,172,46,5
ZdenekHrib,2021-03-04,2,2,0,1090,308,279,29,61.1
zeleni_cz,2021-03-04,2,1,1,16,271,122,149,2.2
alenaschillerov,2021-03-03,6,6,0,108,308,261,47,13.6
AndrejBabis,2021-03-03,14,3,11,1446,767,121,646,22.4
general_pavel,2021-03-03,4,4,0,5682,45,45,0,21.7
honzabartosek,2021-03-03,10,10,0,175,108,108,0,8.6
jana_cernochova,2021-03-03,3,3,0,106,123,113,10,5.6
JanLipavsky,2021-03-03,15,4,11,153,464,94,370,10.4
jhamacek,2021-03-03,3,3,0,774,179,144,35,22.8
kalousekm,2021-03-03,15,15,0,10915,624,608,16,378
KarelHavlicek_,2021-03-03,5,2,3,162,204,129,75,6.7
kducsl,2021-03-03,25,3,22,10,1181,94,1087,2.9
Kuba_Martin,2021-03-03,7,7,0,63,615,615,0,61.2
makupka,2021-03-03,1,1,0,1996,50,42,8,29.6
market_a,2021-03-03,7,6,1,2990,245,205,40,186.1
MartinBaxa2,2021-03-03,2,2,0,2356,43,43,0,17.2
milionchvilek,2021-03-03,2,1,1,178,18,15,3,1.7
MJureka,2021-03-03,6,5,1,1786,425,352,73,56.3
ODScz,2021-03-03,25,11,14,19,909,290,619,35.7
olgarichterova,2021-03-03,6,6,0,45,239,238,1,12.3
P_Fiala,2021-03-03,4,3,1,1785,175,136,39,51.8
PiratskaStrana,2021-03-03,14,7,7,188,491,231,260,17.5
Pospisil_Jiri,2021-03-03,1,1,0,612,155,129,26,25
SpoluKoalice,2021-03-03,18,2,16,193,539,65,474,13
STANcz,2021-03-03,3,0,3,0,213,65,148,3.1
TomasCzernin,2021-03-03,1,1,0,97,38,37,1,19.6
TomasZdechovsky,2021-03-03,33,25,8,1446,1655,1186,469,69.6
tomio_cz,2021-03-03,6,6,0,69,250,250,0,10.9
TOP09cz,2021-03-03,24,1,23,11,853,34,819,4.9
Vit_Rakusan,2021-03-03,2,2,0,221,58,52,6,36.5
volimtrikoloru,2021-03-03,1,0,1,0,31,29,2,0.8
vonpecka,2021-03-03,5,5,0,26,208,164,44,5
ZdenekHrib,2021-03-03,3,2,1,227,306,277,29,60
zeleni_cz,2021-03-03,5,2,3,55,269,121,148,2.2
alenaschillerov,2021-03-02,10,8,2,158,302,255,47,13.5
AndrejBabis,2021-03-02,16,1,15,352,753,118,635,20.9
honzabartosek,2021-03-02,5,5,0,205,98,98,0,8.4
Jan_Skopecek,2021-03-02,4,3,1,1004,118,102,16,11.8
jana_cernochova,2021-03-02,4,4,0,233,120,110,10,5.5
JanLipavsky,2021-03-02,6,1,5,579,449,90,359,10.3
jhamacek,2021-03-02,3,1,2,197,176,141,35,22
kalousekm,2021-03-02,17,16,1,9008,609,593,16,367.1
KarelHavlicek_,2021-03-02,1,1,0,200,199,127,72,6.5
kducsl,2021-03-02,27,6,21,281,1156,91,1065,2.8
Kuba_Martin,2021-03-02,6,6,0,25,608,608,0,61.2
makupka,2021-03-02,2,2,0,865,49,41,8,27.6
market_a,2021-03-02,5,5,0,2818,238,199,39,183.1
MartinBaxa2,2021-03-02,2,2,0,679,41,41,0,14.8
metnarl,2021-03-02,1,1,0,40,17,15,2,1.5
milionchvilek,2021-03-02,1,1,0,158,16,14,2,1.6
MJureka,2021-03-02,10,10,0,1471,419,347,72,54.5
ODScz,2021-03-02,14,0,14,0,884,279,605,35.6
olgarichterova,2021-03-02,6,6,0,624,233,232,1,12.2
P_Fiala,2021-03-02,3,2,1,461,171,133,38,50
PavelSehnal64,2021-03-02,1,1,0,212,16,16,0,0.2
PiratIvanBartos,2021-03-02,2,2,0,18,185,169,16,72.5
PiratskaStrana,2021-03-02,40,36,4,449,477,224,253,17.3
Pospisil_Jiri,2021-03-02,5,5,0,691,154,128,26,24.4
SpoluKoalice,2021-03-02,25,0,25,0,521,63,458,12.8
STANcz,2021-03-02,4,0,4,0,210,65,145,3.1
TomasCzernin,2021-03-02,2,2,0,1049,37,36,1,19.5
TomasZdechovsky,2021-03-02,67,50,17,1424,1622,1161,461,68.2
tomio_cz,2021-03-02,12,12,0,404,244,244,0,10.8
TOP09cz,2021-03-02,14,1,13,9,829,33,796,4.9
Vit_Rakusan,2021-03-02,2,2,0,427,56,50,6,36.2
vonpecka,2021-03-02,6,6,0,156,203,159,44,4.9
ZdenekHrib,2021-03-02,5,5,0,704,303,275,28,59.7
zeleni_cz,2021-03-02,1,1,0,34,264,119,145,2.1
alenaschillerov,2021-03-01,6,6,0,175,292,247,45,13.3
AndrejBabis,2021-03-01,19,5,14,527,737,117,620,20.6
honzabartosek,2021-03-01,8,8,0,246,93,93,0,8.2
Jan_Skopecek,2021-03-01,3,3,0,389,114,99,15,10.8
jana_cernochova,2021-03-01,5,5,0,879,116,106,10,5.3
JanLipavsky,2021-03-01,2,0,2,0,443,89,354,9.7
jhamacek,2021-03-01,5,3,2,250,173,140,33,21.8
kalousekm,2021-03-01,12,11,1,4836,592,577,15,358.1
KarelHavlicek_,2021-03-01,2,1,1,161,198,126,72,6.3
kducsl,2021-03-01,25,2,23,36,1129,85,1044,2.6
Kuba_Martin,2021-03-01,11,11,0,8,602,602,0,61.1
makupka,2021-03-01,2,1,1,3370,47,39,8,26.8
market_a,2021-03-01,2,2,0,5651,233,194,39,180.3
MartinBaxa2,2021-03-01,1,1,0,425,39,39,0,14.1
MJureka,2021-03-01,10,10,0,850,409,337,72,53
ODScz,2021-03-01,21,9,12,93,870,279,591,35.6
olgarichterova,2021-03-01,6,6,0,173,227,226,1,11.6
P_Fiala,2021-03-01,2,2,0,2587,168,131,37,49.5
PiratIvanBartos,2021-03-01,13,12,1,1531,183,167,16,72.5
PiratskaStrana,2021-03-01,6,1,5,199,437,188,249,16.9
Pospisil_Jiri,2021-03-01,1,1,0,246,149,123,26,23.7
SpoluKoalice,2021-03-01,15,1,14,136,496,63,433,12.8
STANcz,2021-03-01,3,1,2,28,206,65,141,3.1
TomasCzernin,2021-03-01,1,1,0,97,35,34,1,18.5
TomasZdechovsky,2021-03-01,33,22,11,1255,1555,1111,444,66.7
tomio_cz,2021-03-01,1,1,0,11,232,232,0,10.4
TOP09cz,2021-03-01,2,0,2,0,815,32,783,4.9
Vit_Rakusan,2021-03-01,4,3,1,526,54,48,6,35.8
vonpecka,2021-03-01,4,3,1,33,197,153,44,4.8
ZdenekHrib,2021-03-01,2,2,0,3,298,270,28,59
zeleni_cz,2021-03-01,2,2,0,84,263,118,145,2.1
alenaschillerov,2021-02-28,6,4,2,85,286,241,45,13.1
AndrejBabis,2021-02-28,6,3,3,787,718,112,606,20.1
honzabartosek,2021-02-28,1,1,0,31,85,85,0,8
Jan_Skopecek,2021-02-28,2,2,0,103,111,96,15,10.4
jhamacek,2021-02-28,4,3,1,178,168,137,31,21.5
kalousekm,2021-02-28,15,15,0,20432,580,566,14,353.2
kducsl,2021-02-28,18,3,15,49,1104,83,1021,2.5
Kuba_Martin,2021-02-28,1,1,0,534,591,591,0,61.1
makupka,2021-02-28,1,0,1,0,45,38,7,23.4
market_a,2021-02-28,3,3,0,1914,231,192,39,174.7
MJureka,2021-02-28,6,6,0,1056,399,327,72,52.2
ODScz,2021-02-28,25,20,5,2055,849,270,579,35.6
olgarichterova,2021-02-28,2,2,0,61,221,220,1,11.4
PiratskaStrana,2021-02-28,1,1,0,77,431,187,244,16.7
Pospisil_Jiri,2021-02-28,4,4,0,1177,148,122,26,23.4
RobertSlachta,2021-02-28,3,3,0,236,61,45,16,1.6
SpoluKoalice,2021-02-28,13,0,13,0,481,62,419,12.6
STANcz,2021-02-28,2,0,2,0,203,64,139,3.1
TomasCzernin,2021-02-28,1,1,0,254,34,33,1,18.4
TomasZdechovsky,2021-02-28,23,16,7,5948,1522,1089,433,65.5
tomio_cz,2021-02-28,2,2,0,89,231,231,0,10.4
TOP09cz,2021-02-28,12,1,11,285,813,32,781,4.9
vonpecka,2021-02-28,2,0,2,0,193,150,43,4.7
ZdenekHrib,2021-02-28,6,6,0,201,296,268,28,59
zeleni_cz,2021-02-28,2,0,2,0,261,116,145,2
alenaschillerov,2021-02-27,3,3,0,151,280,237,43,13
AndrejBabis,2021-02-27,12,3,9,302,712,109,603,19.3
czKSCM,2021-02-27,1,1,0,9,37,9,28,0.1
honzabartosek,2021-02-27,2,2,0,435,84,84,0,8
Jan_Skopecek,2021-02-27,9,9,0,530,109,94,15,10.3
jana_cernochova,2021-02-27,20,20,0,81,111,101,10,4.4
JanLipavsky,2021-02-27,8,1,7,14,441,89,352,9.7
jhamacek,2021-02-27,3,2,1,937,164,134,30,21.4
kalousekm,2021-02-27,11,11,0,8955,565,551,14,332.8
KarelHavlicek_,2021-02-27,2,2,0,232,196,125,71,6.1
kducsl,2021-02-27,15,0,15,0,1086,80,1006,2.5
Kuba_Martin,2021-02-27,1,1,0,807,590,590,0,60.6
market_a,2021-02-27,3,3,0,1590,228,189,39,172.8
MartinBaxa2,2021-02-27,1,1,0,566,38,38,0,13.7
MJureka,2021-02-27,7,7,0,646,393,321,72,51.1
ODScz,2021-02-27,9,0,9,0,824,250,574,33.5
olgarichterova,2021-02-27,4,4,0,295,219,218,1,11.4
P_Fiala,2021-02-27,3,3,0,2086,166,129,37,46.9
PiratskaStrana,2021-02-27,3,2,1,195,430,186,244,16.6
SpoluKoalice,2021-02-27,10,0,10,0,468,62,406,12.6
STANcz,2021-02-27,2,1,1,23,201,64,137,3.1
TomasZdechovsky,2021-02-27,17,11,6,1323,1499,1073,426,59.5
tomio_cz,2021-02-27,8,8,0,360,229,229,0,10.3
TOP09cz,2021-02-27,10,0,10,0,801,31,770,4.6
VeslavM,2021-02-27,1,1,0,15,75,72,3,2
vonpecka,2021-02-27,1,1,0,8,191,150,41,4.7
ZdenekHrib,2021-02-27,5,4,1,1461,290,262,28,58.8
zeleni_cz,2021-02-27,1,0,1,0,259,116,143,2
alenaschillerov,2021-02-26,8,8,0,219,277,234,43,12.9
AndrejBabis,2021-02-26,13,1,12,209,700,106,594,19
czKSCM,2021-02-26,1,0,1,0,36,8,28,0.1
general_pavel,2021-02-26,1,1,0,198,41,41,0,16
honzabartosek,2021-02-26,7,7,0,650,82,82,0,7.5
Jan_Skopecek,2021-02-26,6,5,1,524,100,85,15,9.8
jana_cernochova,2021-02-26,5,4,1,73,91,81,10,4.3
JanLipavsky,2021-02-26,7,0,7,0,433,88,345,9.7
jhamacek,2021-02-26,3,1,2,619,161,132,29,20.4
kalousekm,2021-02-26,6,6,0,7871,554,540,14,323.8
KarelHavlicek_,2021-02-26,5,4,1,138,194,123,71,5.9
kducsl,2021-02-26,34,5,29,486,1071,80,991,2.5
Kuba_Martin,2021-02-26,1,1,0,0,589,589,0,59.8
makupka,2021-02-26,1,1,0,2492,44,38,6,23.4
market_a,2021-02-26,7,5,2,4437,225,186,39,171.2
metnarl,2021-02-26,1,0,1,0,16,14,2,1.5
MJureka,2021-02-26,21,20,1,4846,386,314,72,50.5
ODScz,2021-02-26,33,13,20,26,815,250,565,33.5
olgarichterova,2021-02-26,2,2,0,52,215,214,1,11.1
P_Fiala,2021-02-26,7,7,0,2443,163,126,37,44.8
PiratIvanBartos,2021-02-26,13,13,0,4223,170,155,15,71
PiratskaStrana,2021-02-26,11,1,10,85,427,184,243,16.4
Pospisil_Jiri,2021-02-26,2,2,0,727,144,118,26,22.2
RobertSlachta,2021-02-26,1,1,0,61,58,42,16,1.4
SpoluKoalice,2021-02-26,29,1,28,147,458,62,396,12.6
STANcz,2021-02-26,2,0,2,0,199,63,136,3.1
TomasZdechovsky,2021-02-26,15,10,5,3364,1482,1062,420,58.2
tomio_cz,2021-02-26,3,3,0,123,221,221,0,10
TOP09cz,2021-02-26,21,1,20,1028,791,31,760,4.6
Vit_Rakusan,2021-02-26,2,2,0,3674,50,45,5,35.3
Zbynek_Stanjura,2021-02-26,1,1,0,2308,5,5,0,5.8
ZdenekHrib,2021-02-26,3,3,0,1185,285,258,27,57.4
zeleni_cz,2021-02-26,1,0,1,0,258,116,142,2
alenaschillerov,2021-02-25,4,4,0,73,269,226,43,12.7
AndrejBabis,2021-02-25,13,3,10,703,687,105,582,18.8
general_pavel,2021-02-25,1,1,0,204,40,40,0,15.8
honzabartosek,2021-02-25,5,5,0,100,75,75,0,6.9
Jan_Skopecek,2021-02-25,3,3,0,224,94,80,14,9.2
jhamacek,2021-02-25,2,1,1,74,158,131,27,19.8
kalousekm,2021-02-25,4,4,0,3718,548,534,14,316
KarelHavlicek_,2021-02-25,4,3,1,147,189,119,70,5.8
kducsl,2021-02-25,26,7,19,143,1037,75,962,2
Kuba_Martin,2021-02-25,1,1,0,0,588,588,0,59.8
makupka,2021-02-25,1,0,1,0,43,37,6,20.9
market_a,2021-02-25,3,3,0,6846,218,181,37,166.7
metnarl,2021-02-25,1,1,0,113,15,14,1,1.5
MJureka,2021-02-25,10,9,1,2067,365,294,71,45.6
ODScz,2021-02-25,27,14,13,560,782,237,545,33.5
olgarichterova,2021-02-25,8,8,0,55,213,212,1,11
P_Fiala,2021-02-25,3,3,0,1429,156,119,37,42.4
PavelSehnal64,2021-02-25,3,3,0,9,15,15,0,0
PiratskaStrana,2021-02-25,6,2,4,190,416,183,233,16.3
Pospisil_Jiri,2021-02-25,2,1,1,288,142,116,26,21.5
RobertSlachta,2021-02-25,1,1,0,42,57,41,16,1.3
SpoluKoalice,2021-02-25,16,1,15,522,429,61,368,12.5
STANcz,2021-02-25,1,1,0,19,197,63,134,3.1
TomasZdechovsky,2021-02-25,22,15,7,956,1467,1052,415,54.8
tomio_cz,2021-02-25,2,2,0,117,218,218,0,9.8
TOP09cz,2021-02-25,10,0,10,0,770,30,740,3.5
vonpecka,2021-02-25,8,8,0,251,190,149,41,4.7
ZdenekHrib,2021-02-25,1,1,0,33,282,255,27,56.2
zeleni_cz,2021-02-25,3,2,1,16,257,116,141,2
alenaschillerov,2021-02-24,5,5,0,134,265,222,43,12.6
AndrejBabis,2021-02-24,12,0,12,0,674,102,572,18.1
Jan_Skopecek,2021-02-24,1,1,0,228,91,77,14,9
jana_cernochova,2021-02-24,1,1,0,308,86,77,9,4.2
JanLipavsky,2021-02-24,5,0,5,0,426,88,338,9.7
jhamacek,2021-02-24,1,1,0,231,156,130,26,19.7
kalousekm,2021-02-24,18,18,0,4959,544,530,14,312.3
KarelHavlicek_,2021-02-24,3,2,1,283,185,116,69,5.6
kducsl,2021-02-24,23,2,21,38,1011,68,943,1.9
Kuba_Martin,2021-02-24,23,23,0,2113,587,587,0,59.8
makupka,2021-02-24,1,1,0,913,42,37,5,20.9
market_a,2021-02-24,2,1,1,1542,215,178,37,159.9
milionchvilek,2021-02-24,1,1,0,223,15,13,2,1.4
MJureka,2021-02-24,12,10,2,1770,355,285,70,43.5
ODScz,2021-02-24,22,10,12,537,755,223,532,32.9
P_Fiala,2021-02-24,5,4,1,1354,153,116,37,41
PavelSehnal64,2021-02-24,1,1,0,3,12,12,0,0
PiratIvanBartos,2021-02-24,5,5,0,628,157,142,15,66.8
PiratskaStrana,2021-02-24,6,2,4,111,410,181,229,16.1
Pospisil_Jiri,2021-02-24,1,1,0,99,140,115,25,21.2
SpoluKoalice,2021-02-24,18,0,18,0,413,60,353,12
STANcz,2021-02-24,3,2,1,65,196,62,134,3
TomasCzernin,2021-02-24,1,1,0,333,33,32,1,18.1
TomasZdechovsky,2021-02-24,32,18,14,1063,1445,1037,408,53.9
tomio_cz,2021-02-24,5,5,0,49,216,216,0,9.7
TOP09cz,2021-02-24,14,1,13,95,760,30,730,3.5
VeslavM,2021-02-24,1,1,0,4,74,71,3,2
Vit_Rakusan,2021-02-24,2,2,0,432,48,43,5,31.6
ZdenekHrib,2021-02-24,2,1,1,1613,281,254,27,56.2
zeleni_cz,2021-02-24,1,0,1,0,254,114,140,2
alenaschillerov,2021-02-23,14,13,1,168,260,217,43,12.5
AndrejBabis,2021-02-23,17,6,11,394,662,102,560,18.1
general_pavel,2021-02-23,1,1,0,694,39,39,0,15.6
honzabartosek,2021-02-23,1,1,0,89,70,70,0,6.8
jana_cernochova,2021-02-23,7,7,0,109,85,76,9,3.9
JanLipavsky,2021-02-23,3,0,3,0,421,88,333,9.7
jhamacek,2021-02-23,2,1,1,2232,155,129,26,19.5
kalousekm,2021-02-23,5,5,0,7862,526,512,14,307.3
KarelHavlicek_,2021-02-23,3,3,0,104,182,114,68,5.3
kducsl,2021-02-23,26,3,23,105,988,66,922,1.8
Kuba_Martin,2021-02-23,6,6,0,420,564,564,0,57.7
makupka,2021-02-23,1,1,0,1416,41,36,5,20
market_a,2021-02-23,5,5,0,2582,213,177,36,158.3
MartinBaxa2,2021-02-23,1,1,0,245,37,37,0,13.2
MJureka,2021-02-23,6,6,0,433,343,275,68,41.8
ODScz,2021-02-23,29,17,12,1034,733,213,520,32.4
P_Fiala,2021-02-23,4,4,0,530,148,112,36,39.6
PiratIvanBartos,2021-02-23,1,1,0,226,152,137,15,66.1
PiratskaStrana,2021-02-23,7,0,7,0,404,179,225,16
Pospisil_Jiri,2021-02-23,1,1,0,487,139,114,25,21.1
RobertSlachta,2021-02-23,3,3,0,77,56,40,16,1.3
SpoluKoalice,2021-02-23,17,3,14,242,395,60,335,12
STANcz,2021-02-23,2,2,0,38,193,60,133,3
TomasZdechovsky,2021-02-23,42,29,13,1075,1413,1019,394,52.8
tomio_cz,2021-02-23,3,3,0,227,211,211,0,9.7
TOP09cz,2021-02-23,20,1,19,43,746,29,717,3.4
VeslavM,2021-02-23,4,4,0,62,73,70,3,2
ZdenekHrib,2021-02-23,1,0,1,0,279,253,26,54.5
zeleni_cz,2021-02-23,2,0,2,0,253,114,139,2
alenaschillerov,2021-02-22,1,1,0,17,246,204,42,12.3
AndrejBabis,2021-02-22,12,1,11,519,645,96,549,17.7
czKSCM,2021-02-22,1,0,1,0,35,8,27,0.1
honzabartosek,2021-02-22,1,1,0,28,69,69,0,6.7
Jan_Skopecek,2021-02-22,1,1,0,60,90,76,14,8.8
jana_cernochova,2021-02-22,5,5,0,21,78,69,9,3.8
JanLipavsky,2021-02-22,3,2,1,43,418,88,330,9.7
jhamacek,2021-02-22,6,3,3,592,153,128,25,17.3
kalousekm,2021-02-22,3,3,0,462,521,507,14,299.4
KarelHavlicek_,2021-02-22,4,2,2,86,179,111,68,5.2
kducsl,2021-02-22,26,1,25,34,962,63,899,1.7
Kuba_Martin,2021-02-22,3,3,0,60,558,558,0,57.3
market_a,2021-02-22,3,3,0,3137,208,172,36,155.8
MartinBaxa2,2021-02-22,1,1,0,220,36,36,0,12.9
metnarl,2021-02-22,1,1,0,58,14,13,1,1.4
MJureka,2021-02-22,8,8,0,1201,337,269,68,41.3
ODScz,2021-02-22,20,12,8,36,704,196,508,31.3
olgarichterova,2021-02-22,6,6,0,726,205,204,1,11
P_Fiala,2021-02-22,2,2,0,1600,144,108,36,39.1
PiratskaStrana,2021-02-22,7,3,4,153,397,179,218,16
Pospisil_Jiri,2021-02-22,3,3,0,415,138,113,25,20.6
SpoluKoalice,2021-02-22,15,0,15,0,378,57,321,11.7
STANcz,2021-02-22,1,1,0,14,191,58,133,2.9
TomasZdechovsky,2021-02-22,41,35,6,2332,1371,990,381,51.8
tomio_cz,2021-02-22,3,3,0,143,208,208,0,9.4
TOP09cz,2021-02-22,11,0,11,0,726,28,698,3.4
VeslavM,2021-02-22,4,4,0,40,69,66,3,1.9
vojtafilip,2021-02-22,1,1,0,71,25,25,0,1.8
vonpecka,2021-02-22,2,2,0,38,182,141,41,4.5
ZdenekHrib,2021-02-22,3,0,3,0,278,253,25,54.5
zeleni_cz,2021-02-22,3,1,2,30,251,114,137,2
alenaschillerov,2021-02-21,2,1,1,47,245,203,42,12.3
AndrejBabis,2021-02-21,4,1,3,147,633,95,538,17.1
czKSCM,2021-02-21,1,1,0,3,34,8,26,0.1
Jan_Skopecek,2021-02-21,1,1,0,339,89,75,14,8.7
JanLipavsky,2021-02-21,11,3,8,139,415,86,329,9.6
kalousekm,2021-02-21,11,11,0,4721,518,504,14,299
KarelHavlicek_,2021-02-21,1,0,1,0,175,109,66,5.1
kducsl,2021-02-21,23,7,16,127,936,62,874,1.7
Kuba_Martin,2021-02-21,3,3,0,1137,555,555,0,57.2
market_a,2021-02-21,2,1,1,1825,205,169,36,152.6
MJureka,2021-02-21,7,7,0,860,329,261,68,40.1
ODScz,2021-02-21,18,12,6,289,684,184,500,31.3
P_Fiala,2021-02-21,1,1,0,244,142,106,36,37.5
PavelSehnal64,2021-02-21,2,2,0,6,11,11,0,0
Pospisil_Jiri,2021-02-21,2,2,0,2240,135,110,25,20.2
RobertSlachta,2021-02-21,1,1,0,16,53,37,16,1.2
SpoluKoalice,2021-02-21,10,0,10,0,363,57,306,11.7
STANcz,2021-02-21,1,0,1,0,190,57,133,2.9
TomasZdechovsky,2021-02-21,21,18,3,737,1330,955,375,49.4
TOP09cz,2021-02-21,6,0,6,0,715,28,687,3.4
VeslavM,2021-02-21,4,3,1,5,65,62,3,1.9
vojtafilip,2021-02-21,2,2,0,107,24,24,0,1.7
vonpecka,2021-02-21,1,1,0,1,180,139,41,4.4
zeleni_cz,2021-02-21,3,1,2,58,248,113,135,2
alenaschillerov,2021-02-20,5,3,2,880,243,202,41,12.2
AndrejBabis,2021-02-20,6,1,5,190,629,94,535,17
general_pavel,2021-02-20,2,2,0,1006,38,38,0,14.9
JanLipavsky,2021-02-20,7,4,3,306,404,83,321,9.5
jhamacek,2021-02-20,6,6,0,703,147,125,22,16.7
kalousekm,2021-02-20,3,3,0,2908,507,493,14,294.3
KarelHavlicek_,2021-02-20,2,1,1,55,174,109,65,5.1
kducsl,2021-02-20,7,0,7,0,913,55,858,1.5
Kuba_Martin,2021-02-20,20,20,0,505,552,552,0,56.1
makupka,2021-02-20,1,1,0,585,40,35,5,18.6
market_a,2021-02-20,4,3,1,3000,203,168,35,150.8
MartinBaxa2,2021-02-20,1,1,0,328,35,35,0,12.7
MJureka,2021-02-20,3,3,0,586,322,254,68,39.3
ODScz,2021-02-20,8,2,6,0,666,172,494,31
olgarichterova,2021-02-20,9,9,0,24,199,198,1,10.3
P_Fiala,2021-02-20,1,1,0,216,141,105,36,37.2
PiratskaStrana,2021-02-20,1,1,0,72,390,176,214,15.9
Pospisil_Jiri,2021-02-20,1,0,1,0,133,108,25,18
SpoluKoalice,2021-02-20,10,0,10,0,353,57,296,11.7
STANcz,2021-02-20,4,1,3,11,189,57,132,2.9
TomasZdechovsky,2021-02-20,11,6,5,2561,1309,937,372,48.7
tomio_cz,2021-02-20,6,6,0,161,205,205,0,9.3
TOP09cz,2021-02-20,3,0,3,0,709,28,681,3.4
VeslavM,2021-02-20,2,2,0,13,61,59,2,1.9
vonpecka,2021-02-20,4,4,0,4,179,138,41,4.4
zeleni_cz,2021-02-20,1,1,0,76,245,112,133,1.9
alenaschillerov,2021-02-19,3,2,1,59,238,199,39,11.3
AndrejBabis,2021-02-19,4,0,4,0,623,93,530,16.8
honzabartosek,2021-02-19,4,4,0,39,68,68,0,6.7
jana_cernochova,2021-02-19,1,1,0,3,73,64,9,3.8
JanLipavsky,2021-02-19,8,3,5,349,397,79,318,9.2
jhamacek,2021-02-19,4,4,0,387,141,119,22,16
kalousekm,2021-02-19,10,10,0,2416,504,490,14,291.3
KarelHavlicek_,2021-02-19,5,3,2,169,172,108,64,5.1
kducsl,2021-02-19,15,0,15,0,906,55,851,1.5
Kuba_Martin,2021-02-19,10,10,0,109,532,532,0,55.6
market_a,2021-02-19,4,3,1,710,199,165,34,147.8
MartinBaxa2,2021-02-19,3,3,0,912,34,34,0,12.4
MJureka,2021-02-19,4,2,2,43,319,251,68,38.7
ODScz,2021-02-19,11,2,9,3,658,170,488,31
olgarichterova,2021-02-19,2,2,0,244,190,189,1,10.2
P_Fiala,2021-02-19,1,1,0,705,140,104,36,37
PiratIvanBartos,2021-02-19,1,1,0,418,151,136,15,65.9
PiratskaStrana,2021-02-19,15,14,1,639,389,175,214,15.8
Pospisil_Jiri,2021-02-19,1,1,0,248,132,108,24,18
SpoluKoalice,2021-02-19,8,1,7,146,343,57,286,11.7
STANcz,2021-02-19,1,1,0,29,185,56,129,2.9
TomasCzernin,2021-02-19,1,1,0,964,32,31,1,17.8
TomasZdechovsky,2021-02-19,25,20,5,1074,1298,931,367,46.1
TOP09cz,2021-02-19,34,2,32,102,706,28,678,3.4
vonpecka,2021-02-19,9,6,3,54,175,134,41,4.4
ZdenekHrib,2021-02-19,14,14,0,4731,275,253,22,54.5
alenaschillerov,2021-02-18,9,8,1,417,235,197,38,11.3
AndrejBabis,2021-02-18,19,0,19,0,619,93,526,16.8
czKSCM,2021-02-18,4,0,4,0,33,7,26,0.1
honzabartosek,2021-02-18,4,4,0,131,64,64,0,6.6
Jan_Skopecek,2021-02-18,3,3,0,667,88,74,14,8.4
JanLipavsky,2021-02-18,10,3,7,294,389,76,313,8.8
jhamacek,2021-02-18,5,5,0,366,137,115,22,15.6
kalousekm,2021-02-18,21,20,1,9128,494,480,14,288.9
KarelHavlicek_,2021-02-18,2,2,0,78,167,105,62,4.9
kducsl,2021-02-18,43,3,40,81,891,55,836,1.5
Kuba_Martin,2021-02-18,29,29,0,101,522,522,0,55.4
makupka,2021-02-18,2,2,0,251,39,34,5,18
market_a,2021-02-18,7,6,1,5541,195,162,33,147.1
MartinBaxa2,2021-02-18,1,1,0,796,31,31,0,11.5
metnarl,2021-02-18,1,1,0,48,13,12,1,1.3
MJureka,2021-02-18,8,7,1,1982,315,249,66,38.7
ODScz,2021-02-18,28,14,14,62,647,168,479,31
olgarichterova,2021-02-18,2,2,0,151,188,187,1,10
P_Fiala,2021-02-18,9,5,4,1440,139,103,36,36.3
PavelSehnal64,2021-02-18,2,2,0,2,9,9,0,0
PiratIvanBartos,2021-02-18,12,11,1,1336,150,135,15,65.5
PiratskaStrana,2021-02-18,16,1,15,61,374,161,213,15.2
Pospisil_Jiri,2021-02-18,3,3,0,402,131,107,24,17.7
RobertSlachta,2021-02-18,5,5,0,230,52,36,16,1.2
SpoluKoalice,2021-02-18,24,2,22,426,335,56,279,11.6
STANcz,2021-02-18,4,3,1,57,184,55,129,2.9
TomasCzernin,2021-02-18,1,1,0,127,31,30,1,16.8
TomasZdechovsky,2021-02-18,20,10,10,465,1273,911,362,45
tomio_cz,2021-02-18,8,8,0,209,199,199,0,9.1
TOP09cz,2021-02-18,23,0,23,0,672,26,646,3.3
VeslavM,2021-02-18,1,1,0,4,59,57,2,1.9
vojtafilip,2021-02-18,1,1,0,81,22,22,0,1.6
volimtrikoloru,2021-02-18,2,2,0,129,30,29,1,0.8
vonpecka,2021-02-18,3,2,1,18,166,128,38,4.4
ZdenekHrib,2021-02-18,2,0,2,0,261,239,22,49.8
zeleni_cz,2021-02-18,4,1,3,28,244,111,133,1.8
alenaschillerov,2021-02-17,4,3,1,100,226,189,37,10.9
AndrejBabis,2021-02-17,11,0,11,0,600,93,507,16.8
general_pavel,2021-02-17,1,1,0,269,36,36,0,13.9
honzabartosek,2021-02-17,2,2,0,183,60,60,0,6.5
Jan_Skopecek,2021-02-17,2,2,0,68,85,71,14,7.7
JanLipavsky,2021-02-17,13,2,11,30,379,73,306,8.5
jhamacek,2021-02-17,2,2,0,19,132,110,22,15.2
kalousekm,2021-02-17,6,6,0,6411,473,460,13,279.8
KarelHavlicek_,2021-02-17,7,3,4,109,165,103,62,4.8
kducsl,2021-02-17,15,1,14,13,848,52,796,1.5
Kuba_Martin,2021-02-17,23,23,0,810,493,493,0,55.3
makupka,2021-02-17,1,1,0,106,37,32,5,17.7
market_a,2021-02-17,6,5,1,3286,188,156,32,141.5
metnarl,2021-02-17,1,1,0,71,12,11,1,1.3
MJureka,2021-02-17,8,7,1,1684,307,242,65,36.7
ODScz,2021-02-17,24,8,16,31,619,154,465,31
olgarichterova,2021-02-17,1,1,0,79,186,185,1,9.8
P_Fiala,2021-02-17,10,6,4,339,130,98,32,34.9
PiratIvanBartos,2021-02-17,5,4,1,741,138,124,14,64.2
PiratskaStrana,2021-02-17,12,3,9,69,358,160,198,15.1
Pospisil_Jiri,2021-02-17,1,1,0,125,128,104,24,17.3
RobertSlachta,2021-02-17,1,1,0,4,47,31,16,1
SpoluKoalice,2021-02-17,16,0,16,0,311,54,257,11.2
STANcz,2021-02-17,3,1,2,27,180,52,128,2.8
TomasCzernin,2021-02-17,1,1,0,269,30,29,1,16.7
TomasZdechovsky,2021-02-17,23,14,9,661,1253,901,352,44.6
tomio_cz,2021-02-17,7,7,0,151,191,191,0,8.9
TOP09cz,2021-02-17,14,0,14,0,649,26,623,3.3
VeslavM,2021-02-17,2,2,0,7,58,56,2,1.9
volimtrikoloru,2021-02-17,6,6,0,96,28,27,1,0.7
vonpecka,2021-02-17,5,3,2,93,163,126,37,4.4
ZdenekHrib,2021-02-17,2,0,2,0,259,239,20,49.8
alenaschillerov,2021-02-16,6,6,0,261,222,186,36,10.8
AndrejBabis,2021-02-16,11,1,10,286,589,93,496,16.8
Jan_Skopecek,2021-02-16,1,1,0,292,83,69,14,7.6
jana_cernochova,2021-02-16,3,3,0,427,72,63,9,3.8
JanLipavsky,2021-02-16,21,9,12,2287,366,71,295,8.5
jhamacek,2021-02-16,5,5,0,250,130,108,22,15.2
kalousekm,2021-02-16,14,14,0,8901,467,454,13,273.4
KarelHavlicek_,2021-02-16,5,4,1,333,158,100,58,4.7
kducsl,2021-02-16,20,0,20,0,833,51,782,1.5
Kuba_Martin,2021-02-16,26,26,0,131,470,470,0,54.5
makupka,2021-02-16,1,0,1,0,36,31,5,17.6
market_a,2021-02-16,6,4,2,2273,182,151,31,138.3
MJureka,2021-02-16,8,4,4,616,299,235,64,35
ODScz,2021-02-16,24,13,11,2863,595,146,449,30.9
P_Fiala,2021-02-16,11,5,6,1019,120,92,28,34.5
PavelSehnal64,2021-02-16,4,4,0,9,7,7,0,0
PiratIvanBartos,2021-02-16,9,9,0,2932,133,120,13,63.4
PiratskaStrana,2021-02-16,11,1,10,364,346,157,189,15
Pospisil_Jiri,2021-02-16,3,3,0,219,127,103,24,17.2
SpoluKoalice,2021-02-16,23,2,21,348,295,54,241,11.2
STANcz,2021-02-16,5,3,2,226,177,51,126,2.8
TomasZdechovsky,2021-02-16,21,17,4,1206,1230,887,343,43.9
tomio_cz,2021-02-16,3,3,0,43,184,184,0,8.8
TOP09cz,2021-02-16,21,1,20,3,635,26,609,3.3
Vit_Rakusan,2021-02-16,1,1,0,1953,46,41,5,31.2
volimtrikoloru,2021-02-16,9,9,0,121,22,21,1,0.6
vonpecka,2021-02-16,2,2,0,23,158,123,35,4.3
ZdenekHrib,2021-02-16,17,17,0,2427,257,239,18,49.8
zeleni_cz,2021-02-16,6,1,5,155,240,110,130,1.8
alenaschillerov,2021-02-15,10,9,1,388,216,180,36,10.5
AndrejBabis,2021-02-15,14,1,13,399,578,92,486,16.5
czKSCM,2021-02-15,1,0,1,0,29,7,22,0.1
honzabartosek,2021-02-15,1,1,0,3,58,58,0,6.3
Jan_Skopecek,2021-02-15,3,3,0,566,82,68,14,7.4
JanLipavsky,2021-02-15,6,1,5,35,345,62,283,6.2
jhamacek,2021-02-15,3,3,0,487,125,103,22,15
KarelHavlicek_,2021-02-15,4,4,0,91,153,96,57,4.4
kducsl,2021-02-15,7,0,7,0,813,51,762,1.5
Kuba_Martin,2021-02-15,17,17,0,132,444,444,0,54.4
market_a,2021-02-15,5,4,1,6022,176,147,29,136
MJureka,2021-02-15,5,2,3,645,291,231,60,34.4
ODScz,2021-02-15,7,3,4,1073,571,133,438,28.1
olgarichterova,2021-02-15,8,8,0,243,185,184,1,9.8
P_Fiala,2021-02-15,2,0,2,0,109,87,22,33.5
PavelSehnal64,2021-02-15,1,1,0,2,3,3,0,0
PiratIvanBartos,2021-02-15,1,1,0,1124,124,111,13,60.5
PiratskaStrana,2021-02-15,4,1,3,530,335,156,179,14.7
Pospisil_Jiri,2021-02-15,3,3,0,362,124,100,24,17
RobertSlachta,2021-02-15,1,0,1,0,46,30,16,1
SpoluKoalice,2021-02-15,7,1,6,198,272,52,220,10.8
STANcz,2021-02-15,1,0,1,0,172,48,124,2.6
TomasZdechovsky,2021-02-15,15,10,5,435,1209,870,339,42.7
tomio_cz,2021-02-15,4,4,0,189,181,181,0,8.7
TOP09cz,2021-02-15,9,0,9,0,614,25,589,3.3
VeslavM,2021-02-15,1,0,1,0,56,54,2,1.9
vojtafilip,2021-02-15,1,1,0,53,21,21,0,1.5
volimtrikoloru,2021-02-15,2,1,1,31,13,12,1,0.5
vonpecka,2021-02-15,1,1,0,51,156,121,35,4.3
ZdenekHrib,2021-02-15,2,2,0,95,240,222,18,47.4
zeleni_cz,2021-02-15,2,0,2,0,234,109,125,1.6
alenaschillerov,2021-02-14,3,2,1,398,206,171,35,10.1
AndrejBabis,2021-02-14,12,2,10,469,564,91,473,16.1
general_pavel,2021-02-14,3,3,0,335,35,35,0,13.6
JanLipavsky,2021-02-14,17,0,17,0,339,61,278,6.2
jhamacek,2021-02-14,15,13,2,942,122,100,22,14.5
kalousekm,2021-02-14,22,22,0,20096,453,440,13,264.5
KarelHavlicek_,2021-02-14,1,0,1,0,149,92,57,4.3
kducsl,2021-02-14,38,2,36,265,806,51,755,1.5
Kuba_Martin,2021-02-14,72,72,0,2755,427,427,0,54.3
market_a,2021-02-14,3,2,1,3020,171,143,28,130
MartinBaxa2,2021-02-14,2,2,0,623,30,30,0,10.7
MJureka,2021-02-14,23,13,10,2573,286,229,57,33.7
ODScz,2021-02-14,23,5,18,394,564,130,434,27
olgarichterova,2021-02-14,2,2,0,50,177,176,1,9.5
P_Fiala,2021-02-14,6,6,0,741,107,87,20,33.5
PiratIvanBartos,2021-02-14,2,2,0,1998,123,110,13,59.4
PiratskaStrana,2021-02-14,12,3,9,1274,331,155,176,14.2
Pospisil_Jiri,2021-02-14,3,1,2,115,121,97,24,16.6
RobertSlachta,2021-02-14,2,2,0,80,45,30,15,1
SpoluKoalice,2021-02-14,33,12,21,2708,265,51,214,10.6
STANcz,2021-02-14,4,2,2,567,171,48,123,2.6
TomasZdechovsky,2021-02-14,31,19,12,1778,1194,860,334,42.3
tomio_cz,2021-02-14,5,5,0,335,177,177,0,8.6
TOP09cz,2021-02-14,10,1,9,68,605,25,580,3.3
VeslavM,2021-02-14,6,6,0,14,55,54,1,1.9
Vit_Rakusan,2021-02-14,2,2,0,4533,45,40,5,29.2
vojtafilip,2021-02-14,2,2,0,186,20,20,0,1.5
vonpecka,2021-02-14,1,1,0,129,155,120,35,4.2
ZdenekHrib,2021-02-14,5,4,1,4152,238,220,18,47.3
AndrejBabis,2021-02-13,4,3,1,558,552,89,463,15.7
honzabartosek,2021-02-13,2,2,0,138,57,57,0,6.3
Jan_Skopecek,2021-02-13,1,1,0,375,79,65,14,6.8
jana_cernochova,2021-02-13,12,12,0,319,69,60,9,3.4
JanLipavsky,2021-02-13,9,1,8,14,322,61,261,6.2
jhamacek,2021-02-13,4,4,0,61,107,87,20,13.5
kalousekm,2021-02-13,5,4,1,5113,431,418,13,244.4
kducsl,2021-02-13,21,0,21,0,768,49,719,1.2
Kuba_Martin,2021-02-13,8,8,0,916,355,355,0,51.5
makupka,2021-02-13,1,0,1,0,35,31,4,17.6
market_a,2021-02-13,7,6,1,6245,168,141,27,126.9
MartinBaxa2,2021-02-13,1,1,0,1176,28,28,0,10
milionchvilek,2021-02-13,3,3,0,209,14,12,2,1.2
MJureka,2021-02-13,7,6,1,1058,263,216,47,31.2
ODScz,2021-02-13,4,0,4,0,541,125,416,26.6
P_Fiala,2021-02-13,1,0,1,0,101,81,20,32.8
PiratskaStrana,2021-02-13,2,0,2,0,319,152,167,12.9
SpoluKoalice,2021-02-13,12,0,12,0,232,39,193,7.9
STANcz,2021-02-13,1,0,1,0,167,46,121,2
TomasZdechovsky,2021-02-13,23,18,5,1457,1163,841,322,40.5
tomio_cz,2021-02-13,8,8,0,284,172,172,0,8.2
TOP09cz,2021-02-13,7,0,7,0,595,24,571,3.2
VeslavM,2021-02-13,6,6,0,1112,49,48,1,1.9
vonpecka,2021-02-13,2,2,0,48,154,119,35,4.1
ZdenekHrib,2021-02-13,3,3,0,3483,233,216,17,43.1
alenaschillerov,2021-02-12,8,5,3,488,203,169,34,9.7
AndrejBabis,2021-02-12,9,2,7,209,548,86,462,15.1
general_pavel,2021-02-12,5,5,0,365,32,32,0,13.3
jana_cernochova,2021-02-12,1,1,0,234,57,48,9,3
JanLipavsky,2021-02-12,24,3,21,35,313,60,253,6.2
jhamacek,2021-02-12,9,9,0,972,103,83,20,13.5
kalousekm,2021-02-12,13,13,0,11071,426,414,12,239.3
KarelHavlicek_,2021-02-12,1,1,0,52,148,92,56,4.3
kducsl,2021-02-12,16,3,13,36,747,49,698,1.2
Kuba_Martin,2021-02-12,12,12,0,75,347,347,0,50.6
makupka,2021-02-12,1,1,0,782,34,31,3,17.6
market_a,2021-02-12,3,3,0,1771,161,135,26,120.7
metnarl,2021-02-12,2,2,0,440,11,10,1,1.2
milionchvilek,2021-02-12,1,1,0,112,11,9,2,1
MJureka,2021-02-12,14,12,2,2237,256,210,46,30.1
ODScz,2021-02-12,25,13,12,32,537,125,412,26.6
P_Fiala,2021-02-12,5,4,1,820,100,81,19,32.8
PiratskaStrana,2021-02-12,11,5,6,1090,317,152,165,12.9
Pospisil_Jiri,2021-02-12,1,1,0,48,118,96,22,16.5
SpoluKoalice,2021-02-12,12,3,9,579,220,39,181,7.9
STANcz,2021-02-12,4,3,1,37,166,46,120,2
TomasZdechovsky,2021-02-12,26,20,6,1904,1140,823,317,39
tomio_cz,2021-02-12,7,7,0,247,164,164,0,7.9
TOP09cz,2021-02-12,15,2,13,533,588,24,564,3.2
Vit_Rakusan,2021-02-12,1,1,0,668,43,38,5,24.7
vonpecka,2021-02-12,4,4,0,866,152,117,35,4
ZdenekHrib,2021-02-12,4,4,0,7858,230,213,17,39.7
zeleni_cz,2021-02-12,4,1,3,20,232,109,123,1.6
alenaschillerov,2021-02-11,7,6,1,686,195,164,31,9.2
AndrejBabis,2021-02-11,10,1,9,1003,539,84,455,14.9
general_pavel,2021-02-11,4,4,0,1361,27,27,0,12.9
Jan_Skopecek,2021-02-11,2,2,0,160,78,64,14,6.4
JanLipavsky,2021-02-11,19,2,17,26,289,57,232,6.1
jhamacek,2021-02-11,7,5,2,1516,94,74,20,12.5
kalousekm,2021-02-11,19,19,0,22044,413,401,12,228.2
KarelHavlicek_,2021-02-11,2,2,0,89,147,91,56,4.3
kducsl,2021-02-11,28,2,26,68,731,46,685,1.2
Kuba_Martin,2021-02-11,32,32,0,2242,335,335,0,50.5
market_a,2021-02-11,14,12,2,10405,158,132,26,118.9
MartinBaxa2,2021-02-11,1,1,0,386,27,27,0,8.9
MJureka,2021-02-11,12,10,2,1714,242,198,44,27.9
ODScz,2021-02-11,21,6,15,4139,512,112,400,26.6
olgarichterova,2021-02-11,6,6,0,445,175,174,1,9.5
P_Fiala,2021-02-11,2,2,0,2511,95,77,18,32
PiratIvanBartos,2021-02-11,7,7,0,2496,121,108,13,57.4
PiratskaStrana,2021-02-11,16,5,11,300,306,147,159,11.8
Pospisil_Jiri,2021-02-11,2,2,0,435,117,95,22,16.5
RobertSlachta,2021-02-11,3,3,0,158,43,28,15,0.9
SpoluKoalice,2021-02-11,22,3,19,1039,208,36,172,7.3
STANcz,2021-02-11,4,1,3,103,162,43,119,2
TomasCzernin,2021-02-11,2,2,0,1058,29,28,1,16.4
TomasZdechovsky,2021-02-11,30,19,11,1179,1114,803,311,37.1
tomio_cz,2021-02-11,2,2,0,74,157,157,0,7.7
TOP09cz,2021-02-11,30,1,29,143,573,22,551,2.7
VeslavM,2021-02-11,4,4,0,55,43,42,1,0.7
volimtrikoloru,2021-02-11,1,1,0,60,11,11,0,0.4
vonpecka,2021-02-11,3,3,0,106,148,113,35,3.2
ZdenekHrib,2021-02-11,5,4,1,1258,226,209,17,31.8
zeleni_cz,2021-02-11,2,1,1,18,228,108,120,1.6
alenaschillerov,2021-02-10,4,3,1,100,188,158,30,8.6
AndrejBabis,2021-02-10,9,3,6,265,529,83,446,13.9
czKSCM,2021-02-10,1,0,1,0,28,7,21,0.1
general_pavel,2021-02-10,1,1,0,58,23,23,0,11.5
honzabartosek,2021-02-10,1,1,0,67,55,55,0,6.2
Jan_Skopecek,2021-02-10,1,0,1,0,76,62,14,6.3
JanLipavsky,2021-02-10,14,7,7,603,270,55,215,6.1
jhamacek,2021-02-10,4,3,1,395,87,69,18,11
kalousekm,2021-02-10,10,9,1,8642,394,382,12,206.2
KarelHavlicek_,2021-02-10,2,1,1,24,145,89,56,4.2
kducsl,2021-02-10,39,1,38,28,703,44,659,1.1
makupka,2021-02-10,1,1,0,1570,33,30,3,16.9
market_a,2021-02-10,7,6,1,9193,144,120,24,108.5
MartinBaxa2,2021-02-10,1,1,0,350,26,26,0,8.5
milionchvilek,2021-02-10,1,1,0,35,10,8,2,0.8
MJureka,2021-02-10,11,9,2,3698,230,188,42,26.1
ODScz,2021-02-10,30,16,14,953,491,106,385,22.4
olgarichterova,2021-02-10,4,4,0,38,169,168,1,9
P_Fiala,2021-02-10,7,7,0,3152,93,75,18,29.4
PiratIvanBartos,2021-02-10,8,7,1,7636,114,101,13,54.9
PiratskaStrana,2021-02-10,13,1,12,125,290,142,148,11.5
Pospisil_Jiri,2021-02-10,3,3,0,903,115,93,22,16
SpoluKoalice,2021-02-10,22,3,19,664,186,33,153,6.3
STANcz,2021-02-10,6,1,5,9,158,42,116,1.9
TomasCzernin,2021-02-10,2,1,1,1395,27,26,1,15.4
TomasZdechovsky,2021-02-10,31,17,14,992,1084,784,300,36
tomio_cz,2021-02-10,3,3,0,31,155,155,0,7.6
TOP09cz,2021-02-10,21,1,20,97,543,21,522,2.6
Vit_Rakusan,2021-02-10,1,1,0,895,42,37,5,24
vojtafilip,2021-02-10,2,2,0,169,18,18,0,1.3
vonpecka,2021-02-10,2,2,0,1,145,110,35,3.1
ZdenekHrib,2021-02-10,16,15,1,734,221,205,16,30.5
alenaschillerov,2021-02-09,8,7,1,2311,184,155,29,8.5
AndrejBabis,2021-02-09,10,0,10,0,520,80,440,13.6
czKSCM,2021-02-09,1,1,0,14,27,7,20,0.1
honzabartosek,2021-02-09,2,2,0,232,54,54,0,6.1
Jan_Skopecek,2021-02-09,1,1,0,54,75,62,13,6.3
JanLipavsky,2021-02-09,12,3,9,357,256,48,208,5.5
jhamacek,2021-02-09,5,5,0,103,83,66,17,10.6
kalousekm,2021-02-09,2,2,0,87,384,373,11,197.5
KarelHavlicek_,2021-02-09,7,7,0,235,143,88,55,4.1
kducsl,2021-02-09,14,0,14,0,664,43,621,1.1
Kuba_Martin,2021-02-09,7,7,0,100,303,303,0,48.3
market_a,2021-02-09,3,3,0,957,137,114,23,99.3
MartinBaxa2,2021-02-09,1,1,0,205,25,25,0,8.1
MJureka,2021-02-09,7,7,0,579,219,179,40,22.4
ODScz,2021-02-09,14,3,11,7,461,90,371,21.5
olgarichterova,2021-02-09,2,2,0,65,165,164,1,9
P_Fiala,2021-02-09,1,1,0,357,86,68,18,26.3
PiratIvanBartos,2021-02-09,2,2,0,683,106,94,12,47.2
PiratskaStrana,2021-02-09,10,4,6,430,277,141,136,11.4
Pospisil_Jiri,2021-02-09,5,4,1,443,112,90,22,15.1
RobertSlachta,2021-02-09,1,1,0,78,40,25,15,0.7
SpoluKoalice,2021-02-09,14,5,9,410,164,30,134,5.6
STANcz,2021-02-09,14,6,8,145,152,41,111,1.9
TomasZdechovsky,2021-02-09,17,11,6,551,1053,767,286,35
tomio_cz,2021-02-09,8,8,0,256,152,152,0,7.6
TOP09cz,2021-02-09,18,1,17,49,522,20,502,2.5
Vit_Rakusan,2021-02-09,2,2,0,880,41,36,5,23.1
volimtrikoloru,2021-02-09,3,3,0,55,10,10,0,0.4
vonpecka,2021-02-09,6,1,5,1,143,108,35,3.1
ZdenekHrib,2021-02-09,3,3,0,3735,205,190,15,29.8
zeleni_cz,2021-02-09,4,1,3,30,226,107,119,1.6
alenaschillerov,2021-02-08,7,7,0,261,176,148,28,6.1
AndrejBabis,2021-02-08,19,1,18,201,510,80,430,13.6
general_pavel,2021-02-08,1,1,0,272,22,22,0,11.5
honzabartosek,2021-02-08,1,1,0,4,52,52,0,5.9
Jan_Skopecek,2021-02-08,1,1,0,67,74,61,13,6.2
jana_cernochova,2021-02-08,1,1,0,1,56,47,9,2.8
JanLipavsky,2021-02-08,6,0,6,0,244,45,199,5.2
jhamacek,2021-02-08,4,3,1,77,78,61,17,10.5
kalousekm,2021-02-08,8,8,0,2010,382,371,11,197.4
KarelHavlicek_,2021-02-08,6,5,1,141,136,81,55,3.9
kducsl,2021-02-08,16,0,16,0,650,43,607,1.1
Kuba_Martin,2021-02-08,2,2,0,613,296,296,0,48.2
makupka,2021-02-08,1,1,0,316,32,29,3,15.3
market_a,2021-02-08,5,2,3,810,134,111,23,98.4
MartinBaxa2,2021-02-08,1,1,0,169,24,24,0,7.9
MJureka,2021-02-08,1,1,0,28,212,172,40,21.9
ODScz,2021-02-08,17,9,8,8,447,87,360,21.5
olgarichterova,2021-02-08,5,5,0,65,163,162,1,8.9
P_Fiala,2021-02-08,1,1,0,294,85,67,18,25.9
PiratIvanBartos,2021-02-08,6,6,0,245,104,92,12,46.5
PiratskaStrana,2021-02-08,8,1,7,130,267,137,130,10.9
Pospisil_Jiri,2021-02-08,1,1,0,474,107,86,21,14.7
SpoluKoalice,2021-02-08,5,2,3,191,150,25,125,5.2
STANcz,2021-02-08,5,2,3,36,138,35,103,1.7
TomasCzernin,2021-02-08,1,1,0,0,25,25,0,14
TomasZdechovsky,2021-02-08,21,14,7,758,1036,756,280,34.4
tomio_cz,2021-02-08,2,2,0,142,144,144,0,7.3
TOP09cz,2021-02-08,19,1,18,8,504,19,485,2.4
VeslavM,2021-02-08,1,1,0,0,39,38,1,0.7
Vit_Rakusan,2021-02-08,4,3,1,1092,39,34,5,22.3
volimtrikoloru,2021-02-08,1,1,0,65,7,7,0,0.3
vonpecka,2021-02-08,3,2,1,40,137,107,30,3.1
ZdenekHrib,2021-02-08,11,11,0,1076,202,187,15,26.1
alenaschillerov,2021-02-07,1,0,1,0,169,141,28,5.9
AndrejBabis,2021-02-07,3,2,1,424,491,79,412,13.4
Jan_Skopecek,2021-02-07,8,2,6,664,73,60,13,6.1
JanLipavsky,2021-02-07,8,1,7,9,238,45,193,5.2
kalousekm,2021-02-07,3,3,0,5168,374,363,11,195.4
KarelHavlicek_,2021-02-07,1,0,1,0,130,76,54,3.8
kducsl,2021-02-07,22,0,22,0,634,43,591,1.1
Kuba_Martin,2021-02-07,64,64,0,2405,294,294,0,47.6
market_a,2021-02-07,1,1,0,3561,129,109,20,97.6
MJureka,2021-02-07,6,6,0,259,211,171,40,21.8
ODScz,2021-02-07,18,9,9,1300,430,78,352,21.5
olgarichterova,2021-02-07,5,5,0,44,158,157,1,8.9
P_Fiala,2021-02-07,1,1,0,291,84,66,18,25.6
PiratIvanBartos,2021-02-07,5,5,0,1521,98,86,12,46.3
PiratskaStrana,2021-02-07,1,0,1,0,259,136,123,10.8
Pospisil_Jiri,2021-02-07,3,3,0,315,106,85,21,14.2
RobertSlachta,2021-02-07,1,1,0,9,39,24,15,0.6
SpoluKoalice,2021-02-07,4,0,4,0,145,23,122,5
STANcz,2021-02-07,4,1,3,26,133,33,100,1.7
TomasCzernin,2021-02-07,1,1,0,1135,24,24,0,14
TomasZdechovsky,2021-02-07,27,22,5,1626,1015,742,273,33.7
tomio_cz,2021-02-07,2,2,0,103,142,142,0,7.2
TOP09cz,2021-02-07,14,0,14,0,485,18,467,2.4
VeslavM,2021-02-07,2,2,0,22,38,37,1,0.7
Vit_Rakusan,2021-02-07,2,2,0,2449,35,31,4,21.2
vonpecka,2021-02-07,1,0,1,0,134,105,29,3
zeleni_cz,2021-02-07,1,1,0,19,222,106,116,1.6
alenaschillerov,2021-02-06,6,6,0,581,168,141,27,5.9
AndrejBabis,2021-02-06,4,0,4,0,488,77,411,13
Jan_Skopecek,2021-02-06,1,0,1,0,65,58,7,5.5
jana_cernochova,2021-02-06,3,3,0,60,55,46,9,2.8
jhamacek,2021-02-06,3,2,1,13,74,58,16,10.4
kalousekm,2021-02-06,9,8,1,7895,371,360,11,190.3
KarelHavlicek_,2021-02-06,1,1,0,490,129,76,53,3.8
kducsl,2021-02-06,13,0,13,0,612,43,569,1.1
Kuba_Martin,2021-02-06,84,84,0,127,230,230,0,45.2
market_a,2021-02-06,1,0,1,0,128,108,20,94
MJureka,2021-02-06,1,1,0,172,205,165,40,21.6
ODScz,2021-02-06,8,5,3,22,412,69,343,20.2
olgarichterova,2021-02-06,7,7,0,334,153,152,1,8.8
P_Fiala,2021-02-06,1,1,0,1302,83,65,18,25.4
Pospisil_Jiri,2021-02-06,1,1,0,65,103,82,21,13.9
SpoluKoalice,2021-02-06,4,1,3,226,141,23,118,5
STANcz,2021-02-06,3,0,3,0,129,32,97,1.7
TomasZdechovsky,2021-02-06,27,23,4,2680,988,720,268,32
tomio_cz,2021-02-06,4,4,0,305,140,140,0,7.1
vonpecka,2021-02-06,2,2,0,16,133,105,28,3
ZdenekHrib,2021-02-06,17,17,0,1781,191,176,15,25
zeleni_cz,2021-02-06,2,0,2,0,221,105,116,1.6
alenaschillerov,2021-02-05,8,4,4,243,162,135,27,5.3
AndrejBabis,2021-02-05,14,3,11,683,484,77,407,13
general_pavel,2021-02-05,1,1,0,1033,21,21,0,11.2
honzabartosek,2021-02-05,2,2,0,185,51,51,0,5.9
Jan_Skopecek,2021-02-05,1,1,0,361,64,58,6,5.5
jana_cernochova,2021-02-05,1,1,0,58,52,43,9,2.8
JanLipavsky,2021-02-05,8,0,8,0,230,44,186,5.2
jhamacek,2021-02-05,2,2,0,733,71,56,15,10.4
kalousekm,2021-02-05,9,9,0,8086,362,352,10,182.4
KarelHavlicek_,2021-02-05,6,6,0,160,128,75,53,3.3
kducsl,2021-02-05,28,0,28,0,599,43,556,1.1
Kuba_Martin,2021-02-05,5,5,0,4095,146,146,0,45
makupka,2021-02-05,1,1,0,461,31,28,3,15
market_a,2021-02-05,5,5,0,4188,127,108,19,94
MartinBaxa2,2021-02-05,1,1,0,150,23,23,0,7.7
MJureka,2021-02-05,6,5,1,1467,204,164,40,21.4
ODScz,2021-02-05,18,8,10,498,404,64,340,20.1
P_Fiala,2021-02-05,4,3,1,1551,82,64,18,24.1
PiratIvanBartos,2021-02-05,3,2,1,1137,93,81,12,44.8
PiratskaStrana,2021-02-05,9,3,6,241,258,136,122,10.8
Pospisil_Jiri,2021-02-05,4,3,1,491,102,81,21,13.8
RobertSlachta,2021-02-05,4,4,0,108,38,23,15,0.6
SpoluKoalice,2021-02-05,8,0,8,0,137,22,115,4.8
STANcz,2021-02-05,4,0,4,0,126,32,94,1.7
TomasCzernin,2021-02-05,1,1,0,242,23,23,0,12.9
TomasZdechovsky,2021-02-05,22,15,7,2212,961,697,264,29.4
tomio_cz,2021-02-05,5,5,0,238,136,136,0,6.8
TOP09cz,2021-02-05,16,0,16,0,471,18,453,2.4
Vit_Rakusan,2021-02-05,3,3,0,1190,33,29,4,18.7
vonpecka,2021-02-05,1,1,0,4,131,103,28,3
ZdenekHrib,2021-02-05,3,3,0,201,174,159,15,23.2
zeleni_cz,2021-02-05,3,2,1,84,219,105,114,1.6
alenaschillerov,2021-02-04,4,3,1,126,154,131,23,5.1
AndrejBabis,2021-02-04,19,4,15,199,470,74,396,12.3
general_pavel,2021-02-04,1,1,0,73,20,20,0,10.2
honzabartosek,2021-02-04,2,2,0,154,49,49,0,5.7
Jan_Skopecek,2021-02-04,2,2,0,130,63,57,6,5.1
JanLipavsky,2021-02-04,8,1,7,340,222,44,178,5.2
jhamacek,2021-02-04,1,1,0,48,69,54,15,9.7
kalousekm,2021-02-04,11,10,1,4867,353,343,10,174.3
KarelHavlicek_,2021-02-04,6,5,1,215,122,69,53,3.1
kducsl,2021-02-04,25,0,25,0,571,43,528,1.1
Kuba_Martin,2021-02-04,11,11,0,266,141,141,0,40.9
makupka,2021-02-04,1,1,0,1738,30,27,3,14.5
market_a,2021-02-04,5,3,2,2651,122,103,19,89.8
MJureka,2021-02-04,12,10,2,2105,198,159,39,19.9
ODScz,2021-02-04,17,10,7,93,386,56,330,19.6
olgarichterova,2021-02-04,1,1,0,173,146,145,1,8.5
P_Fiala,2021-02-04,3,3,0,1461,78,61,17,22.5
PiratskaStrana,2021-02-04,7,3,4,327,249,133,116,10.6
Pospisil_Jiri,2021-02-04,4,3,1,313,98,78,20,13.3
SpoluKoalice,2021-02-04,8,0,8,0,129,22,107,4.8
STANcz,2021-02-04,3,1,2,9,122,32,90,1.7
TomasCzernin,2021-02-04,2,2,0,742,22,22,0,12.6
TomasZdechovsky,2021-02-04,12,8,4,1375,939,682,257,27.1
tomio_cz,2021-02-04,9,9,0,370,131,131,0,6.5
TOP09cz,2021-02-04,10,0,10,0,455,18,437,2.4
VeslavM,2021-02-04,2,2,0,17,36,35,1,0.7
Vit_Rakusan,2021-02-04,1,1,0,2400,30,26,4,17.5
volimtrikoloru,2021-02-04,1,1,0,23,6,6,0,0.3
ZdenekHrib,2021-02-04,5,4,1,414,171,156,15,23
zeleni_cz,2021-02-04,6,0,6,0,216,103,113,1.5
alenaschillerov,2021-02-03,9,7,2,124,150,128,22,4.9
AndrejBabis,2021-02-03,11,2,9,565,451,70,381,12.1
czKSCM,2021-02-03,2,0,2,0,26,6,20,0.1
general_pavel,2021-02-03,1,1,0,588,19,19,0,10.1
honzabartosek,2021-02-03,4,4,0,267,47,47,0,5.5
Jan_Skopecek,2021-02-03,4,4,0,233,61,55,6,5
JanLipavsky,2021-02-03,9,5,4,143,214,43,171,4.8
jhamacek,2021-02-03,1,1,0,281,68,53,15,9.6
kalousekm,2021-02-03,8,7,1,4347,342,333,9,169.4
KarelHavlicek_,2021-02-03,4,1,3,30,116,64,52,2.9
kducsl,2021-02-03,31,0,31,0,546,43,503,1.1
Kuba_Martin,2021-02-03,3,3,0,487,130,130,0,40.7
makupka,2021-02-03,3,1,2,75,29,26,3,12.8
market_a,2021-02-03,8,5,3,9082,117,100,17,87.2
MJureka,2021-02-03,16,15,1,3529,186,149,37,17.8
ODScz,2021-02-03,21,3,18,1008,369,46,323,19.5
olgarichterova,2021-02-03,29,29,0,2020,145,144,1,8.3
P_Fiala,2021-02-03,5,5,0,1298,75,58,17,21
PiratIvanBartos,2021-02-03,4,3,1,2658,90,79,11,43.6
PiratskaStrana,2021-02-03,27,12,15,1666,242,130,112,10.2
Pospisil_Jiri,2021-02-03,5,5,0,843,94,75,19,13
RobertSlachta,2021-02-03,4,4,0,87,34,19,15,0.5
SpoluKoalice,2021-02-03,14,3,11,577,121,22,99,4.8
STANcz,2021-02-03,19,6,13,194,119,31,88,1.6
TomasCzernin,2021-02-03,2,2,0,2187,20,20,0,11.9
TomasZdechovsky,2021-02-03,36,25,11,1325,927,674,253,25.8
tomio_cz,2021-02-03,5,5,0,61,122,122,0,6.2
TOP09cz,2021-02-03,26,0,26,0,445,18,427,2.4
VeslavM,2021-02-03,1,0,1,0,34,33,1,0.6
Vit_Rakusan,2021-02-03,5,5,0,5762,29,25,4,15.1
vonpecka,2021-02-03,8,7,1,113,130,102,28,3
ZdenekHrib,2021-02-03,9,9,0,616,166,152,14,22.6
zeleni_cz,2021-02-03,7,1,6,36,210,103,107,1.5
alenaschillerov,2021-02-02,10,8,2,212,141,121,20,4.8
AndrejBabis,2021-02-02,15,2,13,255,440,68,372,11.5
czKSCM,2021-02-02,2,0,2,0,24,6,18,0.1
general_pavel,2021-02-02,1,1,0,357,18,18,0,9.5
honzabartosek,2021-02-02,3,3,0,270,43,43,0,5.2
Jan_Skopecek,2021-02-02,2,1,1,56,57,51,6,4.7
JanLipavsky,2021-02-02,11,0,11,0,205,38,167,4.7
jhamacek,2021-02-02,1,0,1,0,67,52,15,9.3
kalousekm,2021-02-02,18,18,0,8431,334,326,8,165.1
KarelHavlicek_,2021-02-02,3,2,1,71,112,63,49,2.9
kducsl,2021-02-02,19,0,19,0,515,43,472,1.1
makupka,2021-02-02,1,1,0,1132,26,25,1,12.7
market_a,2021-02-02,3,3,0,3278,109,95,14,78.1
MartinBaxa2,2021-02-02,2,2,0,132,22,22,0,7.6
metnarl,2021-02-02,1,1,0,45,9,8,1,0.7
milionchvilek,2021-02-02,1,0,1,0,9,7,2,0.8
MJureka,2021-02-02,2,2,0,225,170,134,36,14.3
ODScz,2021-02-02,18,4,14,42,348,43,305,18.5
P_Fiala,2021-02-02,1,1,0,630,70,53,17,19.7
PiratIvanBartos,2021-02-02,6,5,1,2120,86,76,10,41
PiratskaStrana,2021-02-02,22,14,8,1679,215,118,97,8.6
Pospisil_Jiri,2021-02-02,3,1,2,137,89,70,19,12.2
RobertSlachta,2021-02-02,2,2,0,1,30,15,15,0.4
SpoluKoalice,2021-02-02,6,1,5,145,107,19,88,4.2
STANcz,2021-02-02,8,6,2,748,100,25,75,1.5
TomasCzernin,2021-02-02,1,1,0,219,18,18,0,9.7
TomasZdechovsky,2021-02-02,24,20,4,624,891,649,242,24.4
tomio_cz,2021-02-02,1,1,0,68,117,117,0,6.1
TOP09cz,2021-02-02,12,0,12,0,419,18,401,2.4
VeslavM,2021-02-02,4,4,0,11,33,33,0,0.6
Vit_Rakusan,2021-02-02,2,1,1,632,24,20,4,9.4
vojtafilip,2021-02-02,1,1,0,88,16,16,0,1.1
vonpecka,2021-02-02,2,1,1,8,122,95,27,2.9
zeleni_cz,2021-02-02,2,0,2,0,203,102,101,1.4
alenaschillerov,2021-02-01,11,9,2,288,131,113,18,4.6
AndrejBabis,2021-02-01,15,2,13,469,425,66,359,11.3
czKSCM,2021-02-01,1,0,1,0,22,6,16,0.1
Jan_Skopecek,2021-02-01,3,3,0,355,55,50,5,4.7
jana_cernochova,2021-02-01,6,6,0,183,51,42,9,2.7
JanLipavsky,2021-02-01,5,0,5,0,194,38,156,4.7
jhamacek,2021-02-01,2,1,1,19,66,52,14,9.3
kalousekm,2021-02-01,6,6,0,3191,316,308,8,156.6
KarelHavlicek_,2021-02-01,1,0,1,0,109,61,48,2.8
kducsl,2021-02-01,19,0,19,0,496,43,453,1.1
Kuba_Martin,2021-02-01,2,2,0,5,127,127,0,40.2
makupka,2021-02-01,2,1,1,1162,25,24,1,11.6
market_a,2021-02-01,6,6,0,2655,106,92,14,74.8
MartinBaxa2,2021-02-01,1,1,0,427,20,20,0,7.5
ODScz,2021-02-01,8,0,8,0,330,39,291,18.5
PiratIvanBartos,2021-02-01,1,0,1,0,80,71,9,38.9
PiratskaStrana,2021-02-01,7,5,2,39,193,104,89,6.9
Pospisil_Jiri,2021-02-01,3,3,0,123,86,69,17,12.1
RobertSlachta,2021-02-01,1,1,0,1,28,13,15,0.4
SpoluKoalice,2021-02-01,4,1,3,291,101,18,83,4.1
STANcz,2021-02-01,4,3,1,75,92,19,73,0.7
TomasCzernin,2021-02-01,1,1,0,528,17,17,0,9.5
TomasZdechovsky,2021-02-01,22,17,5,821,867,629,238,23.8
tomio_cz,2021-02-01,4,4,0,226,116,116,0,6
TOP09cz,2021-02-01,34,2,32,27,407,18,389,2.4
VeslavM,2021-02-01,1,1,0,0,29,29,0,0.6
vonpecka,2021-02-01,1,1,0,21,120,94,26,2.9
zeleni_cz,2021-02-01,4,1,3,51,201,102,99,1.4
alenaschillerov,2021-01-31,1,1,0,34,120,104,16,4.3
AndrejBabis,2021-01-31,5,3,2,1033,410,64,346,10.8
general_pavel,2021-01-31,1,1,0,490,17,17,0,9.2
Jan_Skopecek,2021-01-31,3,3,0,733,52,47,5,4.3
JanLipavsky,2021-01-31,7,2,5,309,189,38,151,4.7
jhamacek,2021-01-31,1,1,0,61,64,51,13,9.3
kalousekm,2021-01-31,1,1,0,651,310,302,8,153.4
KarelHavlicek_,2021-01-31,1,0,1,0,108,61,47,2.8
kducsl,2021-01-31,10,0,10,0,477,43,434,1.1
ODScz,2021-01-31,4,4,0,257,322,39,283,18.5
PiratIvanBartos,2021-01-31,1,1,0,565,79,71,8,38.9
Pospisil_Jiri,2021-01-31,1,1,0,172,83,66,17,11.9
RobertSlachta,2021-01-31,1,1,0,33,27,12,15,0.4
SpoluKoalice,2021-01-31,1,0,1,0,97,17,80,3.8
STANcz,2021-01-31,3,0,3,0,88,16,72,0.6
TomasZdechovsky,2021-01-31,18,14,4,1403,845,612,233,23
tomio_cz,2021-01-31,9,9,0,677,112,112,0,5.8
VeslavM,2021-01-31,1,1,0,30,28,28,0,0.6
vonpecka,2021-01-31,2,1,1,12,119,93,26,2.9
ZdenekHrib,2021-01-31,13,13,0,5,157,143,14,22
zeleni_cz,2021-01-31,10,4,6,11,197,101,96,1.4
alenaschillerov,2021-01-30,3,3,0,68,119,103,16,4.3
AndrejBabis,2021-01-30,7,0,7,0,405,61,344,9.8
czKSCM,2021-01-30,1,1,0,27,21,6,15,0.1
honzabartosek,2021-01-30,1,1,0,120,40,40,0,5
jana_cernochova,2021-01-30,1,1,0,129,45,36,9,2.5
JanLipavsky,2021-01-30,5,0,5,0,182,36,146,4.4
jhamacek,2021-01-30,1,1,0,107,63,50,13,9.2
kalousekm,2021-01-30,4,4,0,6194,309,301,8,152.8
KarelHavlicek_,2021-01-30,4,4,0,155,107,61,46,2.8
kducsl,2021-01-30,10,0,10,0,467,43,424,1.1
Kuba_Martin,2021-01-30,1,1,0,20,125,125,0,40.2
market_a,2021-01-30,1,0,1,0,100,86,14,72.2
MartinBaxa2,2021-01-30,1,1,0,79,19,19,0,7
MJureka,2021-01-30,1,1,0,161,168,132,36,14.1
ODScz,2021-01-30,4,1,3,1158,318,35,283,18.2
olgarichterova,2021-01-30,3,3,0,34,116,115,1,6.3
P_Fiala,2021-01-30,1,1,0,762,69,52,17,19.1
Pospisil_Jiri,2021-01-30,2,1,1,275,82,65,17,11.8
SpoluKoalice,2021-01-30,2,0,2,0,96,17,79,3.8
TomasZdechovsky,2021-01-30,8,5,3,253,827,598,229,21.6
tomio_cz,2021-01-30,2,2,0,38,103,103,0,5.1
TOP09cz,2021-01-30,2,0,2,0,373,16,357,2.4
VeslavM,2021-01-30,1,1,0,12,27,27,0,0.6
Zbynek_Stanjura,2021-01-30,1,1,0,1081,4,4,0,3.5
ZdenekHrib,2021-01-30,8,8,0,804,144,130,14,22
zeleni_cz,2021-01-30,129,81,48,721,187,97,90,1.4
alenaschillerov,2021-01-29,3,1,2,8,116,100,16,4.2
AndrejBabis,2021-01-29,9,0,9,0,398,61,337,9.8
czKSCM,2021-01-29,3,1,2,4,20,5,15,0.1
honzabartosek,2021-01-29,4,4,0,72,39,39,0,4.9
Jan_Skopecek,2021-01-29,2,2,0,269,49,44,5,3.6
JanLipavsky,2021-01-29,5,1,4,15,177,36,141,4.4
jhamacek,2021-01-29,1,0,1,0,62,49,13,9.1
kalousekm,2021-01-29,4,4,0,2732,305,297,8,146.6
KarelHavlicek_,2021-01-29,4,3,1,115,103,57,46,2.7
kducsl,2021-01-29,13,0,13,0,457,43,414,1.1
makupka,2021-01-29,1,1,0,363,23,23,0,10.4
market_a,2021-01-29,6,4,2,2075,99,86,13,72.2
MartinBaxa2,2021-01-29,1,1,0,128,18,18,0,7
milionchvilek,2021-01-29,1,0,1,0,8,7,1,0.8
MJureka,2021-01-29,7,7,0,976,167,131,36,13.9
ODScz,2021-01-29,13,0,13,0,314,34,280,17.1
olgarichterova,2021-01-29,2,2,0,21,113,112,1,6.2
P_Fiala,2021-01-29,3,3,0,859,68,51,17,18.4
PiratIvanBartos,2021-01-29,2,2,0,827,78,70,8,38.3
PiratskaStrana,2021-01-29,8,4,4,499,186,99,87,6.8
Pospisil_Jiri,2021-01-29,6,5,1,969,80,64,16,11.5
RobertSlachta,2021-01-29,4,2,2,61,26,11,15,0.4
SpoluKoalice,2021-01-29,4,0,4,0,94,17,77,3.8
STANcz,2021-01-29,2,0,2,0,85,16,69,0.6
TomasZdechovsky,2021-01-29,25,15,10,830,819,593,226,21.3
tomio_cz,2021-01-29,5,5,0,203,101,101,0,5.1
TOP09cz,2021-01-29,14,0,14,0,371,16,355,2.4
VeslavM,2021-01-29,1,1,0,0,26,26,0,0.6
Vit_Rakusan,2021-01-29,1,1,0,825,22,19,3,8.7
vojtafilip,2021-01-29,2,2,0,160,15,15,0,1
vonpecka,2021-01-29,5,5,0,189,117,92,25,2.8
Zbynek_Stanjura,2021-01-29,1,1,0,418,3,3,0,2.4
ZdenekHrib,2021-01-29,7,6,1,3405,136,122,14,21.2
zeleni_cz,2021-01-29,2,1,1,38,58,16,42,0.7
alenaschillerov,2021-01-28,6,4,2,94,113,99,14,4.2
AndrejBabis,2021-01-28,14,1,13,327,389,61,328,9.8
czKSCM,2021-01-28,1,0,1,0,17,4,13,0.1
general_pavel,2021-01-28,1,1,0,193,16,16,0,8.7
honzabartosek,2021-01-28,1,1,0,145,35,35,0,4.8
Jan_Skopecek,2021-01-28,3,3,0,230,47,42,5,3.3
jana_cernochova,2021-01-28,1,0,1,0,44,35,9,2.4
JanLipavsky,2021-01-28,3,1,2,8,172,35,137,4.3
jhamacek,2021-01-28,2,1,1,50,61,49,12,9.1
kalousekm,2021-01-28,16,15,1,12725,301,293,8,143.9
KarelHavlicek_,2021-01-28,4,3,1,80,99,54,45,2.5
kducsl,2021-01-28,26,4,22,116,444,43,401,1.1
Kuba_Martin,2021-01-28,12,12,0,2405,124,124,0,40.2
makupka,2021-01-28,3,3,0,196,22,22,0,10
market_a,2021-01-28,6,5,1,5690,93,82,11,70.1
MartinBaxa2,2021-01-28,1,1,0,25,17,17,0,6.8
MJureka,2021-01-28,19,16,3,1094,160,124,36,12.9
ODScz,2021-01-28,11,1,10,901,301,34,267,17.1
P_Fiala,2021-01-28,4,2,2,408,65,48,17,17.5
PiratIvanBartos,2021-01-28,2,2,0,2349,76,68,8,37.5
PiratskaStrana,2021-01-28,2,0,2,0,178,95,83,6.3
Pospisil_Jiri,2021-01-28,6,4,2,292,74,59,15,10.5
RobertSlachta,2021-01-28,2,0,2,0,22,9,13,0.3
SpoluKoalice,2021-01-28,13,2,11,508,90,17,73,3.8
STANcz,2021-01-28,8,1,7,11,83,16,67,0.6
TomasCzernin,2021-01-28,2,2,0,2842,16,16,0,8.9
TomasZdechovsky,2021-01-28,27,20,7,1414,794,578,216,20.5
tomio_cz,2021-01-28,1,1,0,187,96,96,0,4.9
TOP09cz,2021-01-28,21,2,19,57,357,16,341,2.4
VeslavM,2021-01-28,3,3,0,76,25,25,0,0.6
vonpecka,2021-01-28,3,0,3,0,112,87,25,2.7
ZdenekHrib,2021-01-28,3,3,0,637,129,116,13,17.8
zeleni_cz,2021-01-28,3,1,2,36,56,15,41,0.6
alenaschillerov,2021-01-27,7,6,1,137,107,95,12,4.1
AndrejBabis,2021-01-27,11,2,9,228,375,60,315,9.5
czKSCM,2021-01-27,1,0,1,0,16,4,12,0.1
general_pavel,2021-01-27,2,2,0,985,15,15,0,8.5
honzabartosek,2021-01-27,7,7,0,437,34,34,0,4.6
Jan_Skopecek,2021-01-27,4,4,0,241,44,39,5,3.1
jana_cernochova,2021-01-27,1,1,0,67,43,35,8,2.4
JanLipavsky,2021-01-27,21,12,9,1016,169,34,135,4.3
jhamacek,2021-01-27,11,8,3,2361,59,48,11,9.1
KarelHavlicek_,2021-01-27,1,0,1,0,95,51,44,2.5
kducsl,2021-01-27,33,3,30,53,418,39,379,0.9
Kuba_Martin,2021-01-27,6,6,0,1018,112,112,0,37.8
makupka,2021-01-27,1,1,0,534,19,19,0,9.8
market_a,2021-01-27,6,5,1,4593,87,77,10,64.4
MartinBaxa2,2021-01-27,2,2,0,241,16,16,0,6.8
metnarl,2021-01-27,1,1,0,108,8,7,1,0.7
MJureka,2021-01-27,7,4,3,397,141,108,33,11.9
ODScz,2021-01-27,17,1,16,606,290,33,257,16.2
olgarichterova,2021-01-27,1,1,0,0,111,110,1,6.2
P_Fiala,2021-01-27,1,1,0,502,61,46,15,17.1
PiratIvanBartos,2021-01-27,6,6,0,960,74,66,8,35.1
PiratskaStrana,2021-01-27,4,3,1,176,176,95,81,6.3
Pospisil_Jiri,2021-01-27,3,2,1,386,68,55,13,10.2
RobertSlachta,2021-01-27,9,1,8,32,20,9,11,0.3
SpoluKoalice,2021-01-27,8,3,5,800,77,15,62,3.3
STANcz,2021-01-27,4,1,3,86,75,15,60,0.6
TomasCzernin,2021-01-27,1,1,0,253,14,14,0,6.1
TomasZdechovsky,2021-01-27,26,19,7,955,767,558,209,19.1
tomio_cz,2021-01-27,2,2,0,212,95,95,0,4.7
TOP09cz,2021-01-27,14,1,13,99,336,14,322,2.3
Vit_Rakusan,2021-01-27,2,1,1,127,21,18,3,7.9
vojtafilip,2021-01-27,2,2,0,92,13,13,0,0.9
vonpecka,2021-01-27,5,4,1,21,109,87,22,2.7
ZdenekHrib,2021-01-27,17,9,8,426,126,113,13,17.1
zeleni_cz,2021-01-27,5,0,5,0,53,14,39,0.6
alenaschillerov,2021-01-26,5,4,1,275,100,89,11,4
AndrejBabis,2021-01-26,13,3,10,97,364,58,306,9.2
czKSCM,2021-01-26,1,0,1,0,15,4,11,0.1
honzabartosek,2021-01-26,1,1,0,10,27,27,0,4.2
Jan_Skopecek,2021-01-26,1,1,0,115,40,35,5,2.9
JanLipavsky,2021-01-26,2,0,2,0,148,22,126,3.3
jhamacek,2021-01-26,2,2,0,174,48,40,8,6.7
kalousekm,2021-01-26,14,14,0,7180,285,278,7,131.1
KarelHavlicek_,2021-01-26,3,1,2,43,94,51,43,2.5
kducsl,2021-01-26,13,5,8,38,385,36,349,0.9
Kuba_Martin,2021-01-26,2,2,0,3,106,106,0,36.7
makupka,2021-01-26,1,1,0,204,18,18,0,9.3
market_a,2021-01-26,5,4,1,4811,81,72,9,59.8
MartinBaxa2,2021-01-26,1,1,0,1448,14,14,0,6.6
milionchvilek,2021-01-26,3,3,0,338,7,7,0,0.8
MJureka,2021-01-26,4,4,0,79,134,104,30,11.5
ODScz,2021-01-26,13,2,11,722,273,32,241,15.6
olgarichterova,2021-01-26,46,46,0,407,110,109,1,6.2
P_Fiala,2021-01-26,2,1,1,688,60,45,15,16.6
PiratIvanBartos,2021-01-26,5,5,0,2198,68,60,8,34.2
PiratskaStrana,2021-01-26,16,14,2,581,172,92,80,6.2
Pospisil_Jiri,2021-01-26,3,2,1,353,65,53,12,9.8
RobertSlachta,2021-01-26,2,1,1,137,11,8,3,0.3
SpoluKoalice,2021-01-26,4,0,4,0,69,12,57,2.5
STANcz,2021-01-26,4,0,4,0,71,14,57,0.5
TomasZdechovsky,2021-01-26,41,34,7,621,741,539,202,18.1
tomio_cz,2021-01-26,4,4,0,111,93,93,0,4.5
TOP09cz,2021-01-26,19,1,18,36,322,13,309,2.2
volimtrikoloru,2021-01-26,1,1,0,13,5,5,0,0.2
vonpecka,2021-01-26,2,2,0,27,104,83,21,2.6
ZdenekHrib,2021-01-26,27,26,1,826,109,104,5,16.7
alenaschillerov,2021-01-25,2,2,0,53,95,85,10,3.7
AndrejBabis,2021-01-25,16,4,12,468,351,55,296,9.1
czKSCM,2021-01-25,2,0,2,0,14,4,10,0.1
general_pavel,2021-01-25,1,1,0,865,13,13,0,7.5
honzabartosek,2021-01-25,1,1,0,70,26,26,0,4.2
Jan_Skopecek,2021-01-25,2,2,0,467,39,34,5,2.7
JanLipavsky,2021-01-25,6,0,6,0,146,22,124,3.3
jhamacek,2021-01-25,3,1,2,494,46,38,8,6.6
kalousekm,2021-01-25,4,4,0,2050,271,264,7,124
KarelHavlicek_,2021-01-25,3,2,1,642,91,50,41,2.4
kducsl,2021-01-25,17,1,16,21,372,31,341,0.8
Kuba_Martin,2021-01-25,10,10,0,1746,104,104,0,36.7
makupka,2021-01-25,1,1,0,398,17,17,0,9.1
market_a,2021-01-25,2,2,0,2179,76,68,8,55
MartinBaxa2,2021-01-25,1,1,0,141,13,13,0,5.1
MJureka,2021-01-25,3,2,1,151,130,100,30,11.4
ODScz,2021-01-25,11,1,10,2421,260,30,230,14.8
olgarichterova,2021-01-25,2,2,0,384,64,63,1,5.8
PiratIvanBartos,2021-01-25,3,3,0,4366,63,55,8,32
PiratskaStrana,2021-01-25,7,4,3,135,156,78,78,5.6
Pospisil_Jiri,2021-01-25,4,4,0,807,62,51,11,9.5
SpoluKoalice,2021-01-25,3,0,3,0,65,12,53,2.5
STANcz,2021-01-25,2,1,1,7,67,14,53,0.5
TomasCzernin,2021-01-25,1,1,0,293,13,13,0,5.8
TomasZdechovsky,2021-01-25,31,25,6,1016,700,505,195,17.5
TOP09cz,2021-01-25,18,0,18,0,303,12,291,2.2
Vit_Rakusan,2021-01-25,2,2,0,1020,19,17,2,7.8
vojtafilip,2021-01-25,3,3,0,60,11,11,0,0.8
vonpecka,2021-01-25,4,3,1,45,102,81,21,2.6
ZdenekHrib,2021-01-25,12,12,0,603,82,78,4,15.9
zeleni_cz,2021-01-25,1,0,1,0,48,14,34,0.6
alenaschillerov,2021-01-24,4,4,0,145,93,83,10,3.6
AndrejBabis,2021-01-24,11,3,8,494,335,51,284,8.7
Jan_Skopecek,2021-01-24,1,1,0,230,37,32,5,2.3
JanLipavsky,2021-01-24,14,6,8,632,140,22,118,3.3
jhamacek,2021-01-24,1,1,0,115,43,37,6,6.1
kalousekm,2021-01-24,12,11,1,2596,267,260,7,121.9
KarelHavlicek_,2021-01-24,5,2,3,76,88,48,40,1.8
kducsl,2021-01-24,8,0,8,0,355,30,325,0.8
market_a,2021-01-24,1,1,0,1571,74,66,8,52.8
MartinBaxa2,2021-01-24,2,2,0,183,12,12,0,5
MJureka,2021-01-24,1,1,0,88,127,98,29,11.2
ODScz,2021-01-24,11,2,9,385,249,29,220,12.4
olgarichterova,2021-01-24,5,5,0,375,62,61,1,5.4
Pospisil_Jiri,2021-01-24,2,1,1,82,58,47,11,8.7
SpoluKoalice,2021-01-24,4,0,4,0,62,12,50,2.5
STANcz,2021-01-24,2,0,2,0,65,13,52,0.5
TomasZdechovsky,2021-01-24,18,14,4,476,669,480,189,16.5
tomio_cz,2021-01-24,5,5,0,224,89,89,0,4.4
TOP09cz,2021-01-24,4,0,4,0,285,12,273,2.2
zeleni_cz,2021-01-24,1,1,0,42,47,14,33,0.6
alenaschillerov,2021-01-23,2,2,0,76,89,79,10,3.5
AndrejBabis,2021-01-23,6,0,6,0,324,48,276,8.2
general_pavel,2021-01-23,3,3,0,1619,12,12,0,6.6
honzabartosek,2021-01-23,1,1,0,1966,25,25,0,4.1
Jan_Skopecek,2021-01-23,1,1,0,64,36,31,5,2.1
JanLipavsky,2021-01-23,12,0,12,0,126,16,110,2.7
jhamacek,2021-01-23,1,1,0,46,42,36,6,5.9
kalousekm,2021-01-23,2,2,0,2435,255,249,6,119.3
KarelHavlicek_,2021-01-23,4,2,2,89,83,46,37,1.7
kducsl,2021-01-23,13,1,12,15,347,30,317,0.8
Kuba_Martin,2021-01-23,1,1,0,0,94,94,0,35
market_a,2021-01-23,5,4,1,2007,73,65,8,51.2
MJureka,2021-01-23,4,3,1,1051,126,97,29,11.1
ODScz,2021-01-23,8,0,8,0,238,27,211,12
olgarichterova,2021-01-23,2,2,0,135,57,56,1,5.1
P_Fiala,2021-01-23,2,1,1,167,58,44,14,15.9
Pospisil_Jiri,2021-01-23,2,2,0,159,56,46,10,8.6
SpoluKoalice,2021-01-23,3,0,3,0,58,12,46,2.5
TomasZdechovsky,2021-01-23,9,5,4,297,651,466,185,16
tomio_cz,2021-01-23,14,14,0,346,84,84,0,4.2
TOP09cz,2021-01-23,7,0,7,0,281,12,269,2.2
vonpecka,2021-01-23,1,1,0,21,98,78,20,2.6
ZdenekHrib,2021-01-23,6,6,0,414,70,66,4,15.3
zeleni_cz,2021-01-23,1,1,0,80,46,13,33,0.5
alenaschillerov,2021-01-22,6,6,0,255,87,77,10,3.4
AndrejBabis,2021-01-22,20,1,19,82,318,48,270,8.2
czKSCM,2021-01-22,1,1,0,9,12,4,8,0.1
honzabartosek,2021-01-22,1,1,0,67,24,24,0,2.2
Jan_Skopecek,2021-01-22,1,1,0,102,35,30,5,2
jana_cernochova,2021-01-22,2,1,1,4,42,34,8,2.3
JanLipavsky,2021-01-22,3,1,2,14,114,16,98,2.7
jhamacek,2021-01-22,19,19,0,486,41,35,6,5.9
kalousekm,2021-01-22,4,4,0,1891,253,247,6,116.9
KarelHavlicek_,2021-01-22,5,2,3,65,79,44,35,1.6
kducsl,2021-01-22,20,1,19,20,334,29,305,0.8
Kuba_Martin,2021-01-22,4,4,0,137,93,93,0,35
market_a,2021-01-22,8,7,1,1885,68,61,7,49.2
MartinBaxa2,2021-01-22,1,1,0,85,10,10,0,4.8
metnarl,2021-01-22,2,2,0,109,7,6,1,0.6
MJureka,2021-01-22,11,8,3,930,122,94,28,10.1
ODScz,2021-01-22,11,0,11,0,230,27,203,12
P_Fiala,2021-01-22,1,1,0,829,56,43,13,15.7
PiratIvanBartos,2021-01-22,1,0,1,0,60,52,8,27.6
PiratskaStrana,2021-01-22,3,3,0,300,149,74,75,5.5
Pospisil_Jiri,2021-01-22,1,1,0,207,54,44,10,8.4
RobertSlachta,2021-01-22,1,1,0,67,9,7,2,0.2
SpoluKoalice,2021-01-22,10,3,7,678,55,12,43,2.5
STANcz,2021-01-22,4,1,3,7,63,13,50,0.5
TomasZdechovsky,2021-01-22,21,14,7,498,642,461,181,15.7
tomio_cz,2021-01-22,1,1,0,9,70,70,0,3.8
TOP09cz,2021-01-22,17,2,15,422,274,12,262,2.2
vonpecka,2021-01-22,5,0,5,0,97,77,20,2.5
zeleni_cz,2021-01-22,3,0,3,0,45,12,33,0.5
alenaschillerov,2021-01-21,1,1,0,26,81,71,10,3.2
AndrejBabis,2021-01-21,11,2,9,558,298,47,251,8.1
czKSCM,2021-01-21,1,0,1,0,11,3,8,0.1
general_pavel,2021-01-21,1,1,0,448,9,9,0,5
honzabartosek,2021-01-21,5,5,0,236,23,23,0,2.1
Jan_Skopecek,2021-01-21,3,3,0,145,34,29,5,1.9
jana_cernochova,2021-01-21,19,13,6,1299,40,33,7,2.3
JanLipavsky,2021-01-21,8,0,8,0,111,15,96,2.7
jhamacek,2021-01-21,6,6,0,2750,22,16,6,5.4
kalousekm,2021-01-21,8,8,0,6909,249,243,6,115
KarelHavlicek_,2021-01-21,2,1,1,18,74,42,32,1.5
kducsl,2021-01-21,32,1,31,83,314,28,286,0.8
Kuba_Martin,2021-01-21,2,2,0,19,89,89,0,34.9
makupka,2021-01-21,2,2,0,381,16,16,0,8.7
market_a,2021-01-21,4,4,0,4407,60,54,6,47.3
MartinBaxa2,2021-01-21,1,1,0,141,9,9,0,4.7
metnarl,2021-01-21,1,1,0,186,5,4,1,0.5
milionchvilek,2021-01-21,1,1,0,202,4,4,0,0.5
MJureka,2021-01-21,17,13,4,2119,111,86,25,9.2
ODScz,2021-01-21,22,1,21,435,219,27,192,12
olgarichterova,2021-01-21,3,3,0,204,55,54,1,4.9
P_Fiala,2021-01-21,4,3,1,941,55,42,13,14.9
PiratIvanBartos,2021-01-21,6,5,1,3447,59,52,7,27.6
PiratskaStrana,2021-01-21,19,11,8,627,146,71,75,5.2
Pospisil_Jiri,2021-01-21,7,7,0,787,53,43,10,8.2
SpoluKoalice,2021-01-21,13,4,9,1130,45,9,36,1.8
STANcz,2021-01-21,8,2,6,80,59,12,47,0.5
TomasCzernin,2021-01-21,1,1,0,196,12,12,0,5.5
TomasZdechovsky,2021-01-21,24,12,12,569,621,447,174,15.2
tomio_cz,2021-01-21,2,2,0,154,69,69,0,3.8
TOP09cz,2021-01-21,33,3,30,505,257,10,247,1.8
VeslavM,2021-01-21,3,3,0,18,22,22,0,0.5
Vit_Rakusan,2021-01-21,2,2,0,1076,17,15,2,6.8
vonpecka,2021-01-21,5,5,0,0,92,77,15,2.5
ZdenekHrib,2021-01-21,2,2,0,405,64,60,4,14.9
zeleni_cz,2021-01-21,2,2,0,43,42,12,30,0.5
alenaschillerov,2021-01-20,7,7,0,288,80,70,10,3.1
AndrejBabis,2021-01-20,22,5,17,542,287,45,242,7.5
general_pavel,2021-01-20,1,1,0,530,8,8,0,4.6
honzabartosek,2021-01-20,7,7,0,311,18,18,0,1.9
Jan_Skopecek,2021-01-20,2,2,0,469,31,26,5,1.7
jana_cernochova,2021-01-20,9,9,0,189,21,20,1,1
JanLipavsky,2021-01-20,11,0,11,0,103,15,88,2.7
jhamacek,2021-01-20,3,2,1,184,16,10,6,2.7
kalousekm,2021-01-20,15,15,0,14713,241,235,6,108.1
KarelHavlicek_,2021-01-20,9,7,2,222,72,41,31,1.5
kducsl,2021-01-20,24,0,24,0,282,27,255,0.7
Kuba_Martin,2021-01-20,6,6,0,1729,87,87,0,34.8
makupka,2021-01-20,1,1,0,638,14,14,0,8.3
market_a,2021-01-20,6,5,1,3459,56,50,6,42.9
MartinBaxa2,2021-01-20,1,1,0,409,8,8,0,4.6
MJureka,2021-01-20,7,5,2,571,94,73,21,7
ODScz,2021-01-20,29,1,28,1481,197,26,171,11.6
olgarichterova,2021-01-20,7,6,1,1036,52,51,1,4.7
P_Fiala,2021-01-20,5,2,3,633,51,39,12,14
PiratIvanBartos,2021-01-20,8,8,0,840,53,47,6,24.2
PiratskaStrana,2021-01-20,21,17,4,914,127,60,67,4.5
Pospisil_Jiri,2021-01-20,4,3,1,305,46,36,10,7.4
RobertSlachta,2021-01-20,2,2,0,33,8,6,2,0.1
SpoluKoalice,2021-01-20,7,1,6,147,32,5,27,0.7
STANcz,2021-01-20,3,2,1,12,51,10,41,0.4
TomasCzernin,2021-01-20,2,2,0,995,11,11,0,5.3
TomasZdechovsky,2021-01-20,26,19,7,521,597,435,162,14.7
tomio_cz,2021-01-20,7,7,0,232,67,67,0,3.7
TOP09cz,2021-01-20,33,0,33,0,224,7,217,1.3
VeslavM,2021-01-20,2,2,0,205,19,19,0,0.5
vonpecka,2021-01-20,35,34,1,1722,87,72,15,2.5
zeleni_cz,2021-01-20,4,2,2,67,40,10,30,0.4
alenaschillerov,2021-01-19,5,4,1,134,73,63,10,2.8
AndrejBabis,2021-01-19,14,2,12,158,265,40,225,7
czKSCM,2021-01-19,1,0,1,0,10,3,7,0.1
honzabartosek,2021-01-19,3,3,0,99,11,11,0,1.5
JanLipavsky,2021-01-19,10,5,5,243,92,15,77,2.7
jhamacek,2021-01-19,2,2,0,1504,13,8,5,2.5
kalousekm,2021-01-19,45,42,3,14719,226,220,6,93.4
KarelHavlicek_,2021-01-19,6,5,1,161,63,34,29,1.3
kducsl,2021-01-19,29,6,23,147,258,27,231,0.7
Kuba_Martin,2021-01-19,2,2,0,59,81,81,0,33.1
market_a,2021-01-19,5,5,0,3324,50,45,5,39.5
MartinBaxa2,2021-01-19,1,1,0,237,7,7,0,4.2
MJureka,2021-01-19,6,1,5,357,87,68,19,6.5
ODScz,2021-01-19,9,1,8,259,168,25,143,10.1
olgarichterova,2021-01-19,2,2,0,119,45,45,0,3.7
P_Fiala,2021-01-19,1,1,0,1146,46,37,9,13.3
PiratIvanBartos,2021-01-19,7,7,0,2471,45,39,6,23.3
PiratskaStrana,2021-01-19,6,1,5,0,106,43,63,3.6
Pospisil_Jiri,2021-01-19,3,2,1,1019,42,33,9,7.1
SpoluKoalice,2021-01-19,7,2,5,204,25,4,21,0.5
STANcz,2021-01-19,4,1,3,42,48,8,40,0.4
TomasZdechovsky,2021-01-19,30,21,9,722,571,416,155,14.1
tomio_cz,2021-01-19,2,2,0,25,60,60,0,3.4
TOP09cz,2021-01-19,25,1,24,9,191,7,184,1.3
vojtafilip,2021-01-19,1,1,0,44,8,8,0,0.7
volimtrikoloru,2021-01-19,3,3,0,99,4,4,0,0.2
vonpecka,2021-01-19,2,2,0,117,52,38,14,0.8
ZdenekHrib,2021-01-19,3,0,3,0,62,58,4,14.5
zeleni_cz,2021-01-19,5,0,5,0,36,8,28,0.3
alenaschillerov,2021-01-18,6,4,2,170,68,59,9,2.7
AndrejBabis,2021-01-18,28,4,24,350,251,38,213,6.8
jana_cernochova,2021-01-18,1,1,0,48,12,11,1,0.8
JanLipavsky,2021-01-18,8,1,7,26,82,10,72,2.4
jhamacek,2021-01-18,1,0,1,0,11,6,5,1
kalousekm,2021-01-18,23,22,1,6977,181,178,3,78.6
KarelHavlicek_,2021-01-18,4,4,0,149,57,29,28,1.1
kducsl,2021-01-18,14,0,14,0,229,21,208,0.6
Kuba_Martin,2021-01-18,5,5,0,3620,79,79,0,33.1
makupka,2021-01-18,1,1,0,1170,13,13,0,7.7
market_a,2021-01-18,3,2,1,2268,45,40,5,36.1
MJureka,2021-01-18,1,0,1,0,81,67,14,6.1
ODScz,2021-01-18,7,1,6,422,159,24,135,9.9
olgarichterova,2021-01-18,4,4,0,80,43,43,0,3.6
P_Fiala,2021-01-18,1,0,1,0,45,36,9,12.2
PiratIvanBartos,2021-01-18,4,4,0,3307,38,32,6,20.8
PiratskaStrana,2021-01-18,12,3,9,439,100,42,58,3.6
Pospisil_Jiri,2021-01-18,2,2,0,166,39,31,8,6.1
SpoluKoalice,2021-01-18,5,1,4,119,18,2,16,0.3
STANcz,2021-01-18,1,0,1,0,44,7,37,0.4
TomasCzernin,2021-01-18,1,1,0,389,9,9,0,4.4
TomasZdechovsky,2021-01-18,23,16,7,385,541,395,146,13.4
tomio_cz,2021-01-18,5,5,0,321,58,58,0,3.4
TOP09cz,2021-01-18,20,0,20,0,166,6,160,1.2
VeslavM,2021-01-18,1,1,0,2,17,17,0,0.3
vonpecka,2021-01-18,2,2,0,8,50,36,14,0.7
ZdenekHrib,2021-01-18,8,8,0,829,59,58,1,14.5
zeleni_cz,2021-01-18,4,0,4,0,31,8,23,0.3
alenaschillerov,2021-01-17,3,3,0,212,62,55,7,2.5
AndrejBabis,2021-01-17,5,3,2,931,223,34,189,6.5
czKSCM,2021-01-17,1,0,1,0,9,3,6,0.1
general_pavel,2021-01-17,1,1,0,51,7,7,0,4
JanLipavsky,2021-01-17,11,0,11,0,74,9,65,2.4
jhamacek,2021-01-17,2,2,0,101,10,6,4,1
kalousekm,2021-01-17,5,5,0,1074,158,156,2,71.7
KarelHavlicek_,2021-01-17,3,2,1,16,53,25,28,1
kducsl,2021-01-17,7,0,7,0,215,21,194,0.6
Kuba_Martin,2021-01-17,1,1,0,3,74,74,0,29.4
market_a,2021-01-17,1,1,0,2684,42,38,4,33.9
MJureka,2021-01-17,3,2,1,512,80,67,13,6.1
ODScz,2021-01-17,5,3,2,1455,152,23,129,9.4
olgarichterova,2021-01-17,3,3,0,34,39,39,0,3.5
P_Fiala,2021-01-17,1,1,0,532,44,36,8,12.2
PiratskaStrana,2021-01-17,1,0,1,0,88,39,49,3.2
Pospisil_Jiri,2021-01-17,6,4,2,354,37,29,8,5.9
SpoluKoalice,2021-01-17,3,0,3,0,13,1,12,0.2
STANcz,2021-01-17,2,0,2,0,43,7,36,0.4
TomasCzernin,2021-01-17,1,1,0,385,8,8,0,4
TomasZdechovsky,2021-01-17,13,8,5,298,518,379,139,13
tomio_cz,2021-01-17,3,3,0,222,53,53,0,3.1
TOP09cz,2021-01-17,1,0,1,0,146,6,140,1.2
vojtafilip,2021-01-17,1,1,0,168,7,7,0,0.7
ZdenekHrib,2021-01-17,5,5,0,4043,51,50,1,13.6
zeleni_cz,2021-01-17,2,0,2,0,27,8,19,0.3
alenaschillerov,2021-01-16,1,1,0,241,59,52,7,2.3
AndrejBabis,2021-01-16,3,1,2,263,218,31,187,5.6
czKSCM,2021-01-16,1,1,0,10,8,3,5,0.1
honzabartosek,2021-01-16,1,1,0,127,8,8,0,1.4
jana_cernochova,2021-01-16,1,0,1,0,11,10,1,0.8
JanLipavsky,2021-01-16,6,0,6,0,63,9,54,2.4
kalousekm,2021-01-16,1,1,0,1136,153,151,2,70.6
KarelHavlicek_,2021-01-16,1,1,0,49,50,23,27,1
kducsl,2021-01-16,14,1,13,26,208,21,187,0.6
Kuba_Martin,2021-01-16,3,3,0,11,73,73,0,29.4
makupka,2021-01-16,1,1,0,1793,12,12,0,6.5
market_a,2021-01-16,4,4,0,943,41,37,4,31.2
MJureka,2021-01-16,3,3,0,1774,77,65,12,5.6
ODScz,2021-01-16,7,0,7,0,147,20,127,8
olgarichterova,2021-01-16,2,2,0,1113,36,36,0,3.5
P_Fiala,2021-01-16,3,2,1,832,43,35,8,11.6
PiratIvanBartos,2021-01-16,1,0,1,0,34,28,6,17.5
PiratskaStrana,2021-01-16,3,1,2,116,87,39,48,3.2
SpoluKoalice,2021-01-16,3,0,3,0,10,1,9,0.2
STANcz,2021-01-16,1,0,1,0,41,7,34,0.4
TomasZdechovsky,2021-01-16,34,29,5,672,505,371,134,12.7
tomio_cz,2021-01-16,4,4,0,274,50,50,0,2.9
TOP09cz,2021-01-16,4,0,4,0,145,6,139,1.2
VeslavM,2021-01-16,1,1,0,5,16,16,0,0.3
Vit_Rakusan,2021-01-16,2,2,0,54,15,13,2,5.7
Zbynek_Stanjura,2021-01-16,1,1,0,1449,2,2,0,2
alenaschillerov,2021-01-15,5,5,0,149,58,51,7,2.1
AndrejBabis,2021-01-15,21,3,18,430,215,30,185,5.3
honzabartosek,2021-01-15,1,1,0,64,7,7,0,1.3
jana_cernochova,2021-01-15,1,1,0,22,10,10,0,0.8
JanLipavsky,2021-01-15,1,0,1,0,57,9,48,2.4
kalousekm,2021-01-15,16,16,0,9626,152,150,2,69.5
KarelHavlicek_,2021-01-15,9,4,5,124,49,22,27,0.9
kducsl,2021-01-15,24,5,19,278,194,20,174,0.5
Kuba_Martin,2021-01-15,21,21,0,4086,70,70,0,29.4
makupka,2021-01-15,1,1,0,480,11,11,0,4.7
market_a,2021-01-15,7,7,0,3774,37,33,4,30.3
MartinBaxa2,2021-01-15,3,3,0,3154,6,6,0,3.9
MJureka,2021-01-15,14,10,4,961,74,62,12,3.8
ODScz,2021-01-15,19,2,17,1240,140,20,120,8
olgarichterova,2021-01-15,5,5,0,333,34,34,0,2.3
P_Fiala,2021-01-15,5,4,1,1123,40,33,7,10.8
PiratIvanBartos,2021-01-15,5,4,1,5762,33,28,5,17.5
PiratskaStrana,2021-01-15,7,1,6,96,84,38,46,3.1
Pospisil_Jiri,2021-01-15,4,4,0,1234,31,25,6,5.6
RobertSlachta,2021-01-15,3,3,0,38,6,4,2,0.1
SpoluKoalice,2021-01-15,7,1,6,195,7,1,6,0.2
STANcz,2021-01-15,10,1,9,10,40,7,33,0.4
TomasZdechovsky,2021-01-15,27,15,12,456,471,342,129,12.1
tomio_cz,2021-01-15,5,5,0,156,46,46,0,2.6
TOP09cz,2021-01-15,14,0,14,0,141,6,135,1.2
Vit_Rakusan,2021-01-15,4,2,2,631,13,11,2,5.6
vonpecka,2021-01-15,1,1,0,42,48,34,14,0.7
ZdenekHrib,2021-01-15,5,5,0,1326,46,45,1,9.6
zeleni_cz,2021-01-15,3,0,3,0,25,8,17,0.3
alenaschillerov,2021-01-14,2,2,0,61,53,46,7,1.9
AndrejBabis,2021-01-14,16,3,13,421,194,27,167,4.9
JanLipavsky,2021-01-14,1,1,0,2,56,9,47,2.4
kalousekm,2021-01-14,4,4,0,4127,136,134,2,59.8
kducsl,2021-01-14,15,0,15,0,170,15,155,0.3
Kuba_Martin,2021-01-14,10,10,0,4714,49,49,0,25.3
makupka,2021-01-14,1,1,0,1462,10,10,0,4.2
market_a,2021-01-14,1,1,0,527,30,26,4,26.5
MartinBaxa2,2021-01-14,1,1,0,403,3,3,0,0.8
metnarl,2021-01-14,1,1,0,43,4,3,1,0.3
MJureka,2021-01-14,5,2,3,88,60,52,8,2.9
ODScz,2021-01-14,11,1,10,1811,121,18,103,6.7
olgarichterova,2021-01-14,4,4,0,55,29,29,0,2
P_Fiala,2021-01-14,2,1,1,287,35,29,6,9.7
PiratIvanBartos,2021-01-14,5,4,1,4971,28,24,4,11.8
PiratskaStrana,2021-01-14,12,7,5,176,77,37,40,3
Pospisil_Jiri,2021-01-14,3,3,0,1768,27,21,6,4.4
STANcz,2021-01-14,1,0,1,0,30,6,24,0.4
TomasZdechovsky,2021-01-14,47,28,19,1467,444,327,117,11.6
tomio_cz,2021-01-14,3,3,0,3,41,41,0,2.4
TOP09cz,2021-01-14,18,1,17,21,127,6,121,1.2
VeslavM,2021-01-14,1,1,0,200,15,15,0,0.3
Vit_Rakusan,2021-01-14,1,1,0,354,9,9,0,5
vonpecka,2021-01-14,3,1,2,2,47,33,14,0.6
zeleni_cz,2021-01-14,1,0,1,0,22,8,14,0.3
alenaschillerov,2021-01-13,3,2,1,83,51,44,7,1.9
AndrejBabis,2021-01-13,19,6,13,385,178,24,154,4.4
general_pavel,2021-01-13,4,4,0,1629,6,6,0,4
honzabartosek,2021-01-13,1,1,0,38,6,6,0,1.3
jana_cernochova,2021-01-13,1,1,0,110,9,9,0,0.8
JanLipavsky,2021-01-13,10,3,7,484,55,8,47,2.4
jhamacek,2021-01-13,1,1,0,84,8,4,4,0.9
kalousekm,2021-01-13,11,10,1,2088,132,130,2,55.7
KarelHavlicek_,2021-01-13,2,0,2,0,40,18,22,0.8
kducsl,2021-01-13,20,2,18,42,155,15,140,0.3
Kuba_Martin,2021-01-13,7,7,0,4132,39,39,0,20.6
makupka,2021-01-13,1,1,0,420,9,9,0,2.8
market_a,2021-01-13,6,5,1,2707,29,25,4,26
MartinBaxa2,2021-01-13,1,1,0,266,2,2,0,0.4
MJureka,2021-01-13,12,10,2,1097,55,50,5,2.8
ODScz,2021-01-13,13,1,12,486,110,17,93,4.9
olgarichterova,2021-01-13,2,2,0,24,25,25,0,2
P_Fiala,2021-01-13,7,5,2,2281,33,28,5,9.4
PiratIvanBartos,2021-01-13,8,8,0,2051,23,20,3,6.8
PiratskaStrana,2021-01-13,10,5,5,436,65,30,35,2.8
Pospisil_Jiri,2021-01-13,2,2,0,197,24,18,6,2.6
STANcz,2021-01-13,4,0,4,0,29,6,23,0.4
TomasCzernin,2021-01-13,2,2,0,335,7,7,0,3.6
TomasZdechovsky,2021-01-13,39,22,17,827,397,299,98,10.1
tomio_cz,2021-01-13,6,6,0,230,38,38,0,2.4
TOP09cz,2021-01-13,14,1,13,36,109,5,104,1.2
VeslavM,2021-01-13,1,1,0,7,14,14,0,0.1
Vit_Rakusan,2021-01-13,2,2,0,788,8,8,0,4.6
vonpecka,2021-01-13,4,3,1,31,44,32,12,0.6
zeleni_cz,2021-01-13,3,1,2,38,21,8,13,0.3
alenaschillerov,2021-01-12,4,4,0,115,48,42,6,1.8
AndrejBabis,2021-01-12,21,2,19,340,159,18,141,4.1
honzabartosek,2021-01-12,1,1,0,0,5,5,0,1.2
JanLipavsky,2021-01-12,5,2,3,570,45,5,40,1.9
kalousekm,2021-01-12,4,4,0,1275,121,120,1,53.6
KarelHavlicek_,2021-01-12,6,4,2,129,38,18,20,0.8
kducsl,2021-01-12,16,0,16,0,135,13,122,0.2
makupka,2021-01-12,1,1,0,716,8,8,0,2.4
market_a,2021-01-12,3,3,0,3664,23,20,3,23.2
metnarl,2021-01-12,1,1,0,101,3,2,1,0.3
milionchvilek,2021-01-12,1,1,0,98,3,3,0,0.3
MJureka,2021-01-12,3,3,0,217,43,40,3,1.7
ODScz,2021-01-12,12,0,12,0,97,16,81,4.4
olgarichterova,2021-01-12,3,3,0,480,23,23,0,1.9
P_Fiala,2021-01-12,7,6,1,909,26,23,3,7.1
PiratIvanBartos,2021-01-12,3,1,2,1209,15,12,3,4.8
PiratskaStrana,2021-01-12,6,3,3,956,55,25,30,2.4
Pospisil_Jiri,2021-01-12,2,1,1,207,22,16,6,2.4
STANcz,2021-01-12,9,4,5,218,25,6,19,0.4
TomasZdechovsky,2021-01-12,57,40,17,787,358,277,81,9.3
tomio_cz,2021-01-12,2,2,0,157,32,32,0,2.2
TOP09cz,2021-01-12,7,0,7,0,95,4,91,1.2
Vit_Rakusan,2021-01-12,1,1,0,1047,6,6,0,3.9
vonpecka,2021-01-12,10,8,2,37,40,29,11,0.6
zeleni_cz,2021-01-12,1,0,1,0,18,7,11,0.3
alenaschillerov,2021-01-11,8,6,2,224,44,38,6,1.7
AndrejBabis,2021-01-11,17,0,17,0,138,16,122,3.7
czKSCM,2021-01-11,1,0,1,0,7,2,5,0.1
Jan_Skopecek,2021-01-11,1,1,0,425,29,24,5,1.3
jana_cernochova,2021-01-11,1,1,0,87,8,8,0,0.6
JanLipavsky,2021-01-11,3,0,3,0,40,3,37,1.3
kalousekm,2021-01-11,12,12,0,6140,117,116,1,52.3
KarelHavlicek_,2021-01-11,2,1,1,58,32,14,18,0.7
kducsl,2021-01-11,12,0,12,0,119,13,106,0.2
Kuba_Martin,2021-01-11,1,1,0,1,32,32,0,16.5
makupka,2021-01-11,1,1,0,408,7,7,0,1.6
market_a,2021-01-11,4,3,1,2025,20,17,3,19.6
MJureka,2021-01-11,1,1,0,296,40,37,3,1.5
ODScz,2021-01-11,7,2,5,898,85,16,69,4.4
olgarichterova,2021-01-11,2,2,0,237,20,20,0,1.4
P_Fiala,2021-01-11,1,1,0,702,19,17,2,6.2
PiratskaStrana,2021-01-11,7,2,5,154,49,22,27,1.4
Pospisil_Jiri,2021-01-11,1,1,0,109,20,15,5,2.2
STANcz,2021-01-11,2,0,2,0,16,2,14,0.2
TomasZdechovsky,2021-01-11,32,20,12,1799,301,237,64,8.5
tomio_cz,2021-01-11,4,4,0,280,30,30,0,2
TOP09cz,2021-01-11,20,0,20,0,88,4,84,1.2
VeslavM,2021-01-11,1,1,0,5,13,13,0,0.1
vojtafilip,2021-01-11,2,2,0,64,6,6,0,0.5
vonpecka,2021-01-11,5,4,1,71,30,21,9,0.6
ZdenekHrib,2021-01-11,2,2,0,4312,41,40,1,8.3
zeleni_cz,2021-01-11,3,2,1,51,17,7,10,0.3
alenaschillerov,2021-01-10,4,3,1,256,36,32,4,1.5
AndrejBabis,2021-01-10,11,2,9,386,121,16,105,3.7
czKSCM,2021-01-10,1,1,0,10,6,2,4,0.1
jana_cernochova,2021-01-10,1,1,0,57,7,7,0,0.6
JanLipavsky,2021-01-10,4,0,4,0,37,3,34,1.3
kalousekm,2021-01-10,1,1,0,1239,105,104,1,46.2
KarelHavlicek_,2021-01-10,2,1,1,175,30,13,17,0.6
kducsl,2021-01-10,9,0,9,0,107,13,94,0.2
Kuba_Martin,2021-01-10,1,1,0,71,31,31,0,16.5
market_a,2021-01-10,1,1,0,1296,16,14,2,17.6
MJureka,2021-01-10,1,1,0,83,39,36,3,1.2
ODScz,2021-01-10,6,4,2,561,78,14,64,3.6
PiratskaStrana,2021-01-10,1,1,0,95,42,20,22,1.2
Pospisil_Jiri,2021-01-10,2,2,0,354,19,14,5,2.1
TomasZdechovsky,2021-01-10,28,19,9,813,269,217,52,6.7
tomio_cz,2021-01-10,1,1,0,1,26,26,0,1.8
TOP09cz,2021-01-10,2,0,2,0,68,4,64,1.2
VeslavM,2021-01-10,1,1,0,1,12,12,0,0.1
volimtrikoloru,2021-01-10,1,1,0,120,1,1,0,0.1
vonpecka,2021-01-10,2,2,0,38,25,17,8,0.5
ZdenekHrib,2021-01-10,1,1,0,86,39,38,1,3.9
alenaschillerov,2021-01-09,1,1,0,26,32,29,3,1.2
AndrejBabis,2021-01-09,9,1,8,62,110,14,96,3.3
czKSCM,2021-01-09,1,0,1,0,5,1,4,0
honzabartosek,2021-01-09,1,1,0,963,4,4,0,1.2
Jan_Skopecek,2021-01-09,1,0,1,0,28,23,5,0.8
JanLipavsky,2021-01-09,10,1,9,51,33,3,30,1.3
jhamacek,2021-01-09,2,1,1,205,7,3,4,0.8
kalousekm,2021-01-09,3,3,0,91,104,103,1,45
kducsl,2021-01-09,13,0,13,0,98,13,85,0.2
Kuba_Martin,2021-01-09,5,5,0,23,30,30,0,16.4
ODScz,2021-01-09,4,1,3,1313,72,10,62,3
olgarichterova,2021-01-09,3,3,0,441,18,18,0,1.2
P_Fiala,2021-01-09,3,3,0,2109,18,16,2,5.5
PiratIvanBartos,2021-01-09,3,2,1,394,12,11,1,3.5
PiratskaStrana,2021-01-09,15,8,7,462,41,19,22,1.1
Pospisil_Jiri,2021-01-09,1,1,0,30,17,12,5,1.7
RobertSlachta,2021-01-09,1,0,1,0,3,1,2,0
TomasZdechovsky,2021-01-09,35,29,6,1664,241,198,43,5.9
tomio_cz,2021-01-09,3,3,0,130,25,25,0,1.8
VeslavM,2021-01-09,2,2,0,4,11,11,0,0.1
vojtafilip,2021-01-09,1,1,0,153,4,4,0,0.4
vonpecka,2021-01-09,1,0,1,0,23,15,8,0.5
ZdenekHrib,2021-01-09,4,4,0,808,38,37,1,3.9
zeleni_cz,2021-01-09,1,0,1,0,14,5,9,0.3
alenaschillerov,2021-01-08,4,4,0,149,31,28,3,1.2
AndrejBabis,2021-01-08,12,0,12,0,101,13,88,3.3
honzabartosek,2021-01-08,1,1,0,60,3,3,0,0.3
Jan_Skopecek,2021-01-08,1,1,0,108,27,23,4,0.8
JanLipavsky,2021-01-08,4,0,4,0,23,2,21,1.3
kalousekm,2021-01-08,1,1,0,677,101,100,1,44.9
KarelHavlicek_,2021-01-08,5,3,2,45,28,12,16,0.4
kducsl,2021-01-08,6,0,6,0,85,13,72,0.2
Kuba_Martin,2021-01-08,13,13,0,8949,25,25,0,16.4
market_a,2021-01-08,1,1,0,2001,15,13,2,16.3
MartinBaxa2,2021-01-08,1,1,0,98,1,1,0,0.1
metnarl,2021-01-08,1,1,0,153,2,1,1,0.2
milionchvilek,2021-01-08,1,1,0,69,2,2,0,0.2
MJureka,2021-01-08,2,2,0,25,38,35,3,1.1
ODScz,2021-01-08,8,0,8,0,68,9,59,1.7
P_Fiala,2021-01-08,2,2,0,433,15,13,2,3.4
PavelSehnal64,2021-01-08,2,2,0,2,2,2,0,0
PiratIvanBartos,2021-01-08,1,1,0,2,9,9,0,3.1
PiratskaStrana,2021-01-08,2,2,0,90,26,11,15,0.7
Pospisil_Jiri,2021-01-08,1,0,1,0,16,11,5,1.7
RobertSlachta,2021-01-08,2,1,1,28,2,1,1,0
STANcz,2021-01-08,2,0,2,0,14,2,12,0.2
TomasZdechovsky,2021-01-08,22,13,9,277,206,169,37,4.3
tomio_cz,2021-01-08,2,2,0,102,22,22,0,1.6
TOP09cz,2021-01-08,4,0,4,0,66,4,62,1.2
VeslavM,2021-01-08,1,1,0,24,9,9,0,0.1
vonpecka,2021-01-08,1,1,0,30,22,15,7,0.5
ZdenekHrib,2021-01-08,5,5,0,1137,34,33,1,3.1
zeleni_cz,2021-01-08,5,1,4,0,13,5,8,0.3
alenaschillerov,2021-01-07,6,5,1,178,27,24,3,1
AndrejBabis,2021-01-07,22,7,15,2015,89,13,76,3.3
czKSCM,2021-01-07,1,1,0,42,4,1,3,0
honzabartosek,2021-01-07,1,1,0,153,2,2,0,0.2
Jan_Skopecek,2021-01-07,10,10,0,486,26,22,4,0.7
JanLipavsky,2021-01-07,3,1,2,1260,19,2,17,1.3
jhamacek,2021-01-07,2,1,1,128,5,2,3,0.6
kalousekm,2021-01-07,19,19,0,10847,100,99,1,44.2
KarelHavlicek_,2021-01-07,1,0,1,0,23,9,14,0.4
kducsl,2021-01-07,20,3,17,28,79,13,66,0.2
Kuba_Martin,2021-01-07,3,3,0,13,12,12,0,7.4
makupka,2021-01-07,2,2,0,173,6,6,0,1.2
market_a,2021-01-07,1,1,0,2565,14,12,2,14.3
metnarl,2021-01-07,1,0,1,0,1,0,1,0
MJureka,2021-01-07,9,8,1,451,36,33,3,1.1
ODScz,2021-01-07,8,1,7,7,60,9,51,1.7
olgarichterova,2021-01-07,5,5,0,84,15,15,0,0.8
P_Fiala,2021-01-07,2,2,0,534,13,11,2,3
PiratIvanBartos,2021-01-07,5,5,0,2363,8,8,0,3.1
PiratskaStrana,2021-01-07,12,4,8,293,24,9,15,0.6
Pospisil_Jiri,2021-01-07,1,1,0,441,15,11,4,1.7
STANcz,2021-01-07,4,2,2,159,12,2,10,0.2
TomasCzernin,2021-01-07,1,1,0,205,5,5,0,3.2
TomasZdechovsky,2021-01-07,28,22,6,426,184,156,28,4
tomio_cz,2021-01-07,5,5,0,316,20,20,0,1.5
TOP09cz,2021-01-07,11,1,10,211,62,4,58,1.2
VeslavM,2021-01-07,4,4,0,35,8,8,0,0
Vit_Rakusan,2021-01-07,2,2,0,466,5,5,0,2.8
vonpecka,2021-01-07,8,5,3,186,21,14,7,0.4
ZdenekHrib,2021-01-07,1,0,1,0,29,28,1,1.9
zeleni_cz,2021-01-07,4,3,1,234,8,4,4,0.3
alenaschillerov,2021-01-06,3,3,0,79,21,19,2,0.8
AndrejBabis,2021-01-06,16,0,16,0,67,6,61,1.3
czKSCM,2021-01-06,1,0,1,0,3,0,3,0
general_pavel,2021-01-06,2,2,0,2347,2,2,0,2.3
Jan_Skopecek,2021-01-06,5,4,1,29,16,12,4,0.3
jana_cernochova,2021-01-06,2,2,0,162,6,6,0,0.5
JanLipavsky,2021-01-06,13,1,12,37,16,1,15,0
jhamacek,2021-01-06,1,1,0,459,3,1,2,0.5
kalousekm,2021-01-06,20,20,0,6567,81,80,1,33.4
KarelHavlicek_,2021-01-06,7,3,4,140,22,9,13,0.4
kducsl,2021-01-06,14,3,11,46,59,10,49,0.2
makupka,2021-01-06,2,2,0,106,4,4,0,1.1
market_a,2021-01-06,6,5,1,3836,13,11,2,11.7
MJureka,2021-01-06,20,19,1,522,27,25,2,0.6
ODScz,2021-01-06,12,2,10,50,52,8,44,1.7
olgarichterova,2021-01-06,5,5,0,121,10,10,0,0.7
P_Fiala,2021-01-06,6,6,0,1552,11,9,2,2.4
PiratskaStrana,2021-01-06,5,2,3,109,12,5,7,0.3
Pospisil_Jiri,2021-01-06,7,5,2,586,14,10,4,1.3
STANcz,2021-01-06,2,0,2,0,8,0,8,0
TomasCzernin,2021-01-06,1,1,0,195,4,4,0,3
TomasZdechovsky,2021-01-06,27,21,6,164,156,134,22,3.6
tomio_cz,2021-01-06,2,2,0,144,15,15,0,1.2
TOP09cz,2021-01-06,22,2,20,181,51,3,48,1
Vit_Rakusan,2021-01-06,1,1,0,467,3,3,0,2.3
vojtafilip,2021-01-06,1,1,0,21,3,3,0,0.3
vonpecka,2021-01-06,9,8,1,230,13,9,4,0.3
ZdenekHrib,2021-01-06,2,2,0,284,28,28,0,1.9
alenaschillerov,2021-01-05,7,7,0,323,18,16,2,0.8
AndrejBabis,2021-01-05,16,0,16,0,51,6,45,1.3
honzabartosek,2021-01-05,1,1,0,39,1,1,0,0
Jan_Skopecek,2021-01-05,6,6,0,158,11,8,3,0.2
jana_cernochova,2021-01-05,4,4,0,339,4,4,0,0.3
kalousekm,2021-01-05,30,30,0,12673,61,60,1,26.8
KarelHavlicek_,2021-01-05,5,3,2,113,15,6,9,0.3
kducsl,2021-01-05,5,0,5,0,45,7,38,0.1
Kuba_Martin,2021-01-05,1,1,0,2,9,9,0,7.4
market_a,2021-01-05,2,1,1,2215,7,6,1,7.9
milionchvilek,2021-01-05,1,1,0,108,1,1,0,0.1
MJureka,2021-01-05,1,1,0,4,7,6,1,0.1
ODScz,2021-01-05,12,0,12,0,40,6,34,1.6
olgarichterova,2021-01-05,1,1,0,22,5,5,0,0.6
P_Fiala,2021-01-05,3,1,2,192,5,3,2,0.9
PiratIvanBartos,2021-01-05,1,1,0,243,3,3,0,0.8
PiratskaStrana,2021-01-05,3,1,2,27,7,3,4,0.2
Pospisil_Jiri,2021-01-05,2,1,1,121,7,5,2,0.7
STANcz,2021-01-05,2,0,2,0,6,0,6,0
TomasZdechovsky,2021-01-05,40,38,2,496,129,113,16,3.4
tomio_cz,2021-01-05,3,3,0,283,13,13,0,1.1
TOP09cz,2021-01-05,8,0,8,0,29,1,28,0.8
Zbynek_Stanjura,2021-01-05,1,1,0,543,1,1,0,0.5
ZdenekHrib,2021-01-05,1,1,0,17,26,26,0,1.6
zeleni_cz,2021-01-05,1,1,0,22,4,1,3,0
alenaschillerov,2021-01-04,2,2,0,90,11,9,2,0.4
AndrejBabis,2021-01-04,21,0,21,0,35,6,29,1.3
czKSCM,2021-01-04,1,0,1,0,2,0,2,0
JanLipavsky,2021-01-04,1,0,1,0,3,0,3,0
jhamacek,2021-01-04,1,0,1,0,2,0,2,0
kalousekm,2021-01-04,9,9,0,4514,31,30,1,14.1
KarelHavlicek_,2021-01-04,7,3,4,142,10,3,7,0.1
kducsl,2021-01-04,10,0,10,0,40,7,33,0.1
Kuba_Martin,2021-01-04,2,2,0,3063,8,8,0,7.4
makupka,2021-01-04,1,1,0,342,2,2,0,1
market_a,2021-01-04,3,3,0,2825,5,5,0,5.6
ODScz,2021-01-04,8,2,6,881,28,6,22,1.6
P_Fiala,2021-01-04,1,1,0,455,2,2,0,0.7
PiratIvanBartos,2021-01-04,2,2,0,541,2,2,0,0.5
PiratskaStrana,2021-01-04,3,2,1,168,4,2,2,0.2
Pospisil_Jiri,2021-01-04,2,2,0,254,5,4,1,0.5
STANcz,2021-01-04,2,0,2,0,4,0,4,0
TomasCzernin,2021-01-04,1,1,0,1489,3,3,0,2.8
TomasZdechovsky,2021-01-04,31,26,5,2157,89,75,14,2.9
tomio_cz,2021-01-04,4,4,0,267,10,10,0,0.8
TOP09cz,2021-01-04,11,1,10,794,21,1,20,0.8
VeslavM,2021-01-04,2,2,0,1,4,4,0,0
vojtafilip,2021-01-04,1,1,0,19,2,2,0,0.3
vonpecka,2021-01-04,3,0,3,0,4,1,3,0
ZdenekHrib,2021-01-04,18,18,0,611,25,25,0,1.6
alenaschillerov,2021-01-03,3,2,1,74,9,7,2,0.4
AndrejBabis,2021-01-03,8,2,6,309,14,6,8,1.3
czKSCM,2021-01-03,1,0,1,0,1,0,1,0
kalousekm,2021-01-03,13,12,1,2921,22,21,1,9.6
KarelHavlicek_,2021-01-03,2,0,2,0,3,0,3,0
kducsl,2021-01-03,12,7,5,144,30,7,23,0.1
Kuba_Martin,2021-01-03,6,6,0,4363,6,6,0,4.4
makupka,2021-01-03,1,1,0,614,1,1,0,0.6
MJureka,2021-01-03,5,4,1,71,6,5,1,0.1
ODScz,2021-01-03,4,0,4,0,20,4,16,0.7
olgarichterova,2021-01-03,1,1,0,67,4,4,0,0.5
Pospisil_Jiri,2021-01-03,2,1,1,93,3,2,1,0.3
STANcz,2021-01-03,1,0,1,0,2,0,2,0
TomasCzernin,2021-01-03,1,1,0,763,2,2,0,1.4
TomasZdechovsky,2021-01-03,9,6,3,113,58,49,9,0.7
tomio_cz,2021-01-03,3,3,0,276,6,6,0,0.5
TOP09cz,2021-01-03,7,0,7,0,10,0,10,0
VeslavM,2021-01-03,1,1,0,8,2,2,0,0
Vit_Rakusan,2021-01-03,1,1,0,1496,2,2,0,1.9
vojtafilip,2021-01-03,1,1,0,236,1,1,0,0.2
zeleni_cz,2021-01-03,1,0,1,0,3,0,3,0
alenaschillerov,2021-01-02,2,1,1,68,6,5,1,0.3
AndrejBabis,2021-01-02,4,3,1,618,6,4,2,0.9
Jan_Skopecek,2021-01-02,1,0,1,0,5,2,3,0.1
kalousekm,2021-01-02,6,6,0,4057,9,9,0,6.7
KarelHavlicek_,2021-01-02,1,0,1,0,1,0,1,0
kducsl,2021-01-02,10,0,10,0,18,0,18,0
ODScz,2021-01-02,1,0,1,0,16,4,12,0.7
Pospisil_Jiri,2021-01-02,1,1,0,200,1,1,0,0.2
TomasZdechovsky,2021-01-02,30,26,4,416,49,43,6,0.6
vonpecka,2021-01-02,1,1,0,24,1,1,0,0
ZdenekHrib,2021-01-02,5,5,0,271,7,7,0,1
alenaschillerov,2021-01-01,4,4,0,214,4,4,0,0.2
AndrejBabis,2021-01-01,2,1,1,328,2,1,1,0.3
Jan_Skopecek,2021-01-01,4,2,2,65,4,2,2,0.1
JanLipavsky,2021-01-01,2,0,2,0,2,0,2,0
jhamacek,2021-01-01,1,0,1,0,1,0,1,0
kalousekm,2021-01-01,3,3,0,2620,3,3,0,2.6
kducsl,2021-01-01,8,0,8,0,8,0,8,0
market_a,2021-01-01,2,2,0,2820,2,2,0,2.8
MJureka,2021-01-01,1,1,0,10,1,1,0,0
ODScz,2021-01-01,15,4,11,740,15,4,11,0.7
olgarichterova,2021-01-01,3,3,0,478,3,3,0,0.5
P_Fiala,2021-01-01,1,1,0,238,1,1,0,0.2
PiratskaStrana,2021-01-01,1,0,1,0,1,0,1,0
STANcz,2021-01-01,1,0,1,0,1,0,1,0
TomasCzernin,2021-01-01,1,1,0,594,1,1,0,0.6
TomasZdechovsky,2021-01-01,19,17,2,205,19,17,2,0.2
tomio_cz,2021-01-01,3,3,0,232,3,3,0,0.2
TOP09cz,2021-01-01,3,0,3,0,3,0,3,0
VeslavM,2021-01-01,1,1,0,0,1,1,0,0
Vit_Rakusan,2021-01-01,1,1,0,379,1,1,0,0.4
ZdenekHrib,2021-01-01,2,2,0,734,2,2,0,0.7
zeleni_cz,2021-01-01,2,0,2,0,2,0,2,0
