entity_name,date,posts_and_retweets_in_day,posts_in_day,retweets_in_day,interactions_in_day,cumulative_posts_and_retweets,cumulative_posts,cumulative_retweets,cumulative_interactions_thousands
alenaschillerov,2021-11-05,10,10,0,251,1945,1748,197,72.9
AndrejBabis,2021-11-05,25,3,22,853,4101,979,3122,169.9
general_pavel,2021-11-05,1,1,0,453,196,195,1,123.1
honzabartosek,2021-11-05,1,1,0,75,466,463,3,56
Jan_Skopecek,2021-11-05,1,1,0,595,943,815,128,163.8
kalousekm,2021-11-05,3,3,0,1670,3527,3474,53,1650.5
KarelHavlicek_,2021-11-05,3,3,0,183,1433,1056,377,49.8
kducsl,2021-11-05,16,1,15,107,5456,422,5034,19.1
market_a,2021-11-05,4,4,0,2857,1185,998,187,973.2
MartinBaxa2,2021-11-05,1,0,1,0,144,128,16,40.8
metnarl,2021-11-05,1,0,1,0,204,159,45,14.3
MJureka,2021-11-05,3,3,0,463,1789,1578,211,365.7
ODScz,2021-11-05,11,3,8,1320,5011,1638,3373,227.5
P_Fiala,2021-11-05,3,3,0,1628,1328,794,534,411
PiratskaStrana,2021-11-05,1,0,1,0,1802,742,1060,127.6
Pospisil_Jiri,2021-11-05,4,4,0,997,543,461,82,130.7
SpoluKoalice,2021-11-05,9,0,9,0,5779,459,5320,100.7
STANcz,2021-11-05,2,0,2,0,1421,379,1042,47.6
TomasCzernin,2021-11-05,1,1,0,103,211,205,6,107.9
TomasZdechovsky,2021-11-05,30,22,8,613,9523,7092,2431,423.2
tomio_cz,2021-11-05,3,3,0,37,1146,1146,0,65.3
TOP09cz,2021-11-05,9,3,6,312,4208,190,4018,34.3
vojtafilip,2021-11-05,2,2,0,366,78,78,0,6.9
zeleni_cz,2021-11-05,2,0,2,0,1090,762,328,28.1
alenaschillerov,2021-11-04,3,3,0,108,1935,1738,197,72.7
AndrejBabis,2021-11-04,17,5,12,740,4076,976,3100,169
honzabartosek,2021-11-04,18,18,0,342,465,462,3,56
Jan_Skopecek,2021-11-04,1,1,0,23,942,814,128,163.2
JanLipavsky,2021-11-04,1,0,1,0,1985,354,1631,58.3
jhamacek,2021-11-04,1,1,0,54,563,424,139,62.1
kalousekm,2021-11-04,2,2,0,1212,3524,3471,53,1648.9
KarelHavlicek_,2021-11-04,5,5,0,220,1430,1053,377,49.6
kducsl,2021-11-04,4,1,3,70,5440,421,5019,19
Kuba_Martin,2021-11-04,2,2,0,5851,1332,1332,0,159.4
makupka,2021-11-04,1,1,0,0,227,200,27,129.3
market_a,2021-11-04,4,4,0,1283,1181,994,187,970.4
MartinBaxa2,2021-11-04,1,0,1,0,143,128,15,40.8
ODScz,2021-11-04,9,2,7,917,5000,1635,3365,226.2
P_Fiala,2021-11-04,2,1,1,614,1325,791,534,409.4
PiratIvanBartos,2021-11-04,3,3,0,956,1072,995,77,488.6
PiratskaStrana,2021-11-04,2,0,2,0,1801,742,1059,127.6
Pospisil_Jiri,2021-11-04,1,1,0,410,539,457,82,129.8
SpoluKoalice,2021-11-04,10,0,10,0,5770,459,5311,100.7
STANcz,2021-11-04,1,1,0,61,1419,379,1040,47.6
TomasCzernin,2021-11-04,1,1,0,264,210,204,6,107.8
TomasZdechovsky,2021-11-04,23,12,11,397,9493,7070,2423,422.6
tomio_cz,2021-11-04,5,5,0,142,1143,1143,0,65.2
TOP09cz,2021-11-04,14,1,13,259,4199,187,4012,34
VeslavM,2021-11-04,3,3,0,99,830,806,24,36.1
Vit_Rakusan,2021-11-04,4,3,1,2189,402,369,33,301
zeleni_cz,2021-11-04,2,1,1,19,1088,762,326,28.1
alenaschillerov,2021-11-03,3,3,0,141,1932,1735,197,72.6
AndrejBabis,2021-11-03,11,0,11,0,4059,971,3088,168.3
Jan_Skopecek,2021-11-03,1,0,1,0,941,813,128,163.2
jana_cernochova,2021-11-03,1,1,0,82,862,841,21,82
JanLipavsky,2021-11-03,1,0,1,0,1984,354,1630,58.3
kalousekm,2021-11-03,8,8,0,2885,3522,3469,53,1647.7
KarelHavlicek_,2021-11-03,3,1,2,74,1425,1048,377,49.4
kducsl,2021-11-03,8,0,8,0,5436,420,5016,18.9
market_a,2021-11-03,1,1,0,8545,1177,990,187,969.1
MJureka,2021-11-03,1,1,0,182,1786,1575,211,365.2
ODScz,2021-11-03,3,0,3,0,4991,1633,3358,225.3
olgarichterova,2021-11-03,2,1,1,336,624,548,76,53.5
PiratIvanBartos,2021-11-03,3,1,2,2346,1069,992,77,487.6
PiratskaStrana,2021-11-03,15,12,3,713,1799,742,1057,127.6
Pospisil_Jiri,2021-11-03,1,0,1,0,538,456,82,129.3
SpoluKoalice,2021-11-03,11,0,11,0,5760,459,5301,100.7
STANcz,2021-11-03,2,0,2,0,1418,378,1040,47.5
TomasCzernin,2021-11-03,1,1,0,466,209,203,6,107.5
TomasZdechovsky,2021-11-03,11,8,3,58,9470,7058,2412,422.2
tomio_cz,2021-11-03,5,5,0,669,1138,1138,0,65.1
TOP09cz,2021-11-03,6,1,5,189,4185,186,3999,33.7
vonpecka,2021-11-03,4,2,2,38,1031,720,311,19.3
ZdenekHrib,2021-11-03,2,1,1,3,1016,898,118,191.8
zeleni_cz,2021-11-03,3,1,2,12,1086,761,325,28.1
alenaschillerov,2021-11-02,4,4,0,314,1929,1732,197,72.4
AndrejBabis,2021-11-02,17,0,17,0,4048,971,3077,168.3
jana_cernochova,2021-11-02,1,1,0,205,861,840,21,81.9
JanLipavsky,2021-11-02,3,0,3,0,1983,354,1629,58.3
KarelHavlicek_,2021-11-02,3,3,0,288,1422,1047,375,49.4
kducsl,2021-11-02,18,1,17,53,5428,420,5008,18.9
Kuba_Martin,2021-11-02,1,1,0,0,1330,1330,0,153.5
market_a,2021-11-02,3,3,0,8555,1176,989,187,960.5
MJureka,2021-11-02,3,3,0,876,1785,1574,211,365.1
ODScz,2021-11-02,5,1,4,594,4988,1633,3355,225.3
olgarichterova,2021-11-02,2,2,0,119,622,547,75,53.2
P_Fiala,2021-11-02,2,1,1,568,1323,790,533,408.8
PiratIvanBartos,2021-11-02,3,2,1,1734,1066,991,75,485.3
PiratskaStrana,2021-11-02,4,1,3,334,1784,730,1054,126.9
Pospisil_Jiri,2021-11-02,1,1,0,545,537,456,81,129.3
SpoluKoalice,2021-11-02,10,1,9,349,5749,459,5290,100.7
TomasZdechovsky,2021-11-02,26,21,5,1185,9459,7050,2409,422.1
tomio_cz,2021-11-02,4,4,0,162,1133,1133,0,64.4
TOP09cz,2021-11-02,10,3,7,248,4179,185,3994,33.5
VeslavM,2021-11-02,3,3,0,498,827,803,24,36
Vit_Rakusan,2021-11-02,3,3,0,6626,398,366,32,298.8
vojtafilip,2021-11-02,1,1,0,48,76,76,0,6.5
vonpecka,2021-11-02,5,3,2,26,1027,718,309,19.2
ZdenekHrib,2021-11-02,4,4,0,1128,1014,897,117,191.8
zeleni_cz,2021-11-02,6,6,0,481,1083,760,323,28
alenaschillerov,2021-11-01,8,8,0,388,1925,1728,197,72.1
AndrejBabis,2021-11-01,31,6,25,1064,4031,971,3060,168.3
Jan_Skopecek,2021-11-01,3,2,1,1190,940,813,127,163.2
jana_cernochova,2021-11-01,1,1,0,203,860,839,21,81.7
JanLipavsky,2021-11-01,4,0,4,0,1980,354,1626,58.3
kalousekm,2021-11-01,4,4,0,1673,3514,3461,53,1644.8
KarelHavlicek_,2021-11-01,8,5,3,318,1419,1044,375,49.1
kducsl,2021-11-01,5,0,5,0,5410,419,4991,18.9
Kuba_Martin,2021-11-01,2,2,0,15,1329,1329,0,153.5
market_a,2021-11-01,1,1,0,418,1173,986,187,952
metnarl,2021-11-01,1,1,0,66,203,159,44,14.3
milionchvilek,2021-11-01,1,1,0,261,408,296,112,60.8
MJureka,2021-11-01,1,1,0,633,1782,1571,211,364.2
ODScz,2021-11-01,8,1,7,128,4983,1632,3351,224.7
olgarichterova,2021-11-01,2,1,1,245,620,545,75,53.1
P_Fiala,2021-11-01,1,1,0,282,1321,789,532,408.2
PiratIvanBartos,2021-11-01,6,5,1,1304,1063,989,74,483.5
PiratskaStrana,2021-11-01,5,2,3,1393,1780,729,1051,126.6
Pospisil_Jiri,2021-11-01,2,1,1,119,536,455,81,128.8
SpoluKoalice,2021-11-01,14,0,14,0,5739,458,5281,100.4
STANcz,2021-11-01,5,1,4,34,1416,378,1038,47.5
TomasZdechovsky,2021-11-01,28,25,3,951,9433,7029,2404,420.9
tomio_cz,2021-11-01,3,3,0,194,1129,1129,0,64.3
TOP09cz,2021-11-01,3,0,3,0,4169,182,3987,33.3
VeslavM,2021-11-01,11,11,0,295,824,800,24,35.5
Vit_Rakusan,2021-11-01,7,7,0,5774,395,363,32,292.1
vonpecka,2021-11-01,4,2,2,21,1022,715,307,19.2
Zbynek_Stanjura,2021-11-01,1,1,0,21,42,33,9,34.9
ZdenekHrib,2021-11-01,2,2,0,400,1010,893,117,190.6
zeleni_cz,2021-11-01,3,1,2,14,1077,754,323,27.6
alenaschillerov,2021-10-31,4,3,1,224,1917,1720,197,71.7
AndrejBabis,2021-10-31,16,13,3,1409,4000,965,3035,167.2
jana_cernochova,2021-10-31,1,1,0,6,859,838,21,81.5
kalousekm,2021-10-31,2,2,0,206,3510,3457,53,1643.1
KarelHavlicek_,2021-10-31,5,2,3,132,1411,1039,372,48.7
kducsl,2021-10-31,6,2,4,78,5405,419,4986,18.9
market_a,2021-10-31,1,1,0,987,1172,985,187,951.6
metnarl,2021-10-31,1,0,1,0,202,158,44,14.2
MJureka,2021-10-31,1,1,0,1,1781,1570,211,363.6
ODScz,2021-10-31,6,4,2,443,4975,1631,3344,224.5
olgarichterova,2021-10-31,2,2,0,316,618,544,74,52.8
P_Fiala,2021-10-31,2,1,1,1174,1320,788,532,408
Pospisil_Jiri,2021-10-31,1,1,0,281,534,454,80,128.7
STANcz,2021-10-31,2,0,2,0,1411,377,1034,47.5
TomasZdechovsky,2021-10-31,16,14,2,162,9405,7004,2401,420
TOP09cz,2021-10-31,5,1,4,181,4166,182,3984,33.3
ZdenekHrib,2021-10-31,8,8,0,932,1008,891,117,190.2
alenaschillerov,2021-10-30,3,3,0,160,1913,1717,196,71.5
AndrejBabis,2021-10-30,10,1,9,304,3984,952,3032,165.8
kalousekm,2021-10-30,4,4,0,4635,3508,3455,53,1642.9
KarelHavlicek_,2021-10-30,3,3,0,231,1406,1037,369,48.6
kducsl,2021-10-30,7,0,7,0,5399,417,4982,18.8
market_a,2021-10-30,2,2,0,3387,1171,984,187,950.6
milionchvilek,2021-10-30,4,4,0,854,407,295,112,60.6
MJureka,2021-10-30,12,12,0,1422,1780,1569,211,363.6
ODScz,2021-10-30,2,2,0,259,4969,1627,3342,224.1
P_Fiala,2021-10-30,1,0,1,0,1318,787,531,406.8
PiratIvanBartos,2021-10-30,1,1,0,179,1057,984,73,482.2
PiratskaStrana,2021-10-30,1,0,1,0,1775,727,1048,125.2
Pospisil_Jiri,2021-10-30,1,1,0,362,533,453,80,128.4
SpoluKoalice,2021-10-30,5,0,5,0,5725,458,5267,100.4
TomasZdechovsky,2021-10-30,12,12,0,575,9389,6990,2399,419.8
TOP09cz,2021-10-30,2,0,2,0,4161,181,3980,33.1
VeslavM,2021-10-30,1,1,0,26,813,789,24,35.3
vonpecka,2021-10-30,1,0,1,0,1018,713,305,19.2
zeleni_cz,2021-10-30,1,0,1,0,1074,753,321,27.5
alenaschillerov,2021-10-29,6,6,0,444,1910,1714,196,71.4
AndrejBabis,2021-10-29,10,0,10,0,3974,951,3023,165.5
Jan_Skopecek,2021-10-29,5,5,0,142,937,811,126,162
jana_cernochova,2021-10-29,4,4,0,132,858,837,21,81.5
JanLipavsky,2021-10-29,4,0,4,0,1976,354,1622,58.3
kalousekm,2021-10-29,5,5,0,2068,3504,3451,53,1638.3
KarelHavlicek_,2021-10-29,2,1,1,92,1403,1034,369,48.4
kducsl,2021-10-29,6,0,6,0,5392,417,4975,18.8
market_a,2021-10-29,1,1,0,1056,1169,982,187,947.2
ODScz,2021-10-29,8,1,7,92,4967,1625,3342,223.8
olgarichterova,2021-10-29,1,1,0,213,616,542,74,52.5
P_Fiala,2021-10-29,2,2,0,395,1317,787,530,406.8
PiratIvanBartos,2021-10-29,2,2,0,625,1056,983,73,482.1
PiratskaStrana,2021-10-29,3,0,3,0,1774,727,1047,125.2
Pospisil_Jiri,2021-10-29,1,0,1,0,532,452,80,128
SpoluKoalice,2021-10-29,15,0,15,0,5720,458,5262,100.4
TomasZdechovsky,2021-10-29,23,18,5,170,9377,6978,2399,419.3
tomio_cz,2021-10-29,3,3,0,234,1126,1126,0,64.1
TOP09cz,2021-10-29,10,0,10,0,4159,181,3978,33.1
ZdenekHrib,2021-10-29,1,1,0,343,1000,883,117,189.3
alenaschillerov,2021-10-28,5,3,2,260,1904,1708,196,70.9
AndrejBabis,2021-10-28,15,2,13,948,3964,951,3013,165.5
general_pavel,2021-10-28,1,1,0,642,195,194,1,122.6
honzabartosek,2021-10-28,2,2,0,190,447,444,3,55.6
Jan_Skopecek,2021-10-28,7,7,0,590,932,806,126,161.9
jana_cernochova,2021-10-28,3,3,0,341,854,833,21,81.4
JanLipavsky,2021-10-28,9,2,7,620,1972,354,1618,58.3
kalousekm,2021-10-28,5,5,0,3247,3499,3446,53,1636.2
kducsl,2021-10-28,20,1,19,52,5386,417,4969,18.8
Kuba_Martin,2021-10-28,11,11,0,8,1327,1327,0,153.5
market_a,2021-10-28,4,4,0,3085,1168,981,187,946.1
metnarl,2021-10-28,1,1,0,76,201,158,43,14.2
MJureka,2021-10-28,1,1,0,210,1768,1557,211,362.1
ODScz,2021-10-28,11,1,10,110,4959,1624,3335,223.8
olgarichterova,2021-10-28,1,1,0,114,615,541,74,52.3
P_Fiala,2021-10-28,6,6,0,2569,1315,785,530,406.4
PiratIvanBartos,2021-10-28,3,3,0,879,1054,981,73,481.4
PiratskaStrana,2021-10-28,3,1,2,2,1771,727,1044,125.2
Pospisil_Jiri,2021-10-28,1,1,0,54,531,452,79,128
SpoluKoalice,2021-10-28,18,0,18,0,5705,458,5247,100.4
STANcz,2021-10-28,4,0,4,0,1409,377,1032,47.5
TomasCzernin,2021-10-28,1,1,0,741,208,202,6,107.1
TomasZdechovsky,2021-10-28,30,25,5,455,9354,6960,2394,419.1
TOP09cz,2021-10-28,2,0,2,0,4149,181,3968,33.1
VeslavM,2021-10-28,10,10,0,402,812,788,24,35.2
Vit_Rakusan,2021-10-28,9,9,0,10256,388,356,32,286.4
vonpecka,2021-10-28,2,2,0,70,1017,713,304,19.2
ZdenekHrib,2021-10-28,2,2,0,464,999,882,117,189
zeleni_cz,2021-10-28,3,3,0,128,1073,753,320,27.5
alenaschillerov,2021-10-27,6,6,0,408,1899,1705,194,70.6
AndrejBabis,2021-10-27,31,1,30,827,3949,949,3000,164.5
Jan_Skopecek,2021-10-27,1,1,0,3666,925,799,126,161.3
jana_cernochova,2021-10-27,3,3,0,705,851,830,21,81.1
JanLipavsky,2021-10-27,6,0,6,0,1963,352,1611,57.7
jhamacek,2021-10-27,1,1,0,42,562,423,139,62
kalousekm,2021-10-27,10,10,0,4601,3494,3441,53,1633
KarelHavlicek_,2021-10-27,9,9,0,407,1401,1033,368,48.3
kducsl,2021-10-27,12,0,12,0,5366,416,4950,18.8
Kuba_Martin,2021-10-27,17,17,0,303,1316,1316,0,153.5
market_a,2021-10-27,2,2,0,3257,1164,977,187,943.1
MartinBaxa2,2021-10-27,2,0,2,0,142,128,14,40.8
metnarl,2021-10-27,2,1,1,86,200,157,43,14.2
milionchvilek,2021-10-27,1,0,1,0,403,291,112,59.7
MJureka,2021-10-27,1,0,1,0,1767,1556,211,361.9
ODScz,2021-10-27,23,3,20,377,4948,1623,3325,223.6
P_Fiala,2021-10-27,5,4,1,1579,1309,779,530,403.8
PiratIvanBartos,2021-10-27,5,5,0,4759,1051,978,73,480.6
PiratskaStrana,2021-10-27,4,1,3,5,1768,726,1042,125.2
Pospisil_Jiri,2021-10-27,1,1,0,264,530,451,79,128
SpoluKoalice,2021-10-27,8,0,8,0,5687,458,5229,100.4
STANcz,2021-10-27,1,0,1,0,1405,377,1028,47.5
TomasZdechovsky,2021-10-27,20,14,6,1365,9324,6935,2389,418.6
tomio_cz,2021-10-27,6,6,0,764,1123,1123,0,63.8
TOP09cz,2021-10-27,8,0,8,0,4147,181,3966,33.1
Vit_Rakusan,2021-10-27,1,1,0,2191,379,347,32,276.1
vonpecka,2021-10-27,5,5,0,64,1015,711,304,19.1
ZdenekHrib,2021-10-27,3,2,1,1006,997,880,117,188.5
zeleni_cz,2021-10-27,1,0,1,0,1070,750,320,27.4
alenaschillerov,2021-10-26,7,7,0,312,1893,1699,194,70.2
AndrejBabis,2021-10-26,23,0,23,0,3918,948,2970,163.7
jana_cernochova,2021-10-26,1,1,0,49,848,827,21,80.4
JanLipavsky,2021-10-26,4,0,4,0,1957,352,1605,57.7
kalousekm,2021-10-26,8,8,0,3122,3484,3431,53,1628.4
KarelHavlicek_,2021-10-26,10,9,1,698,1392,1024,368,47.9
kducsl,2021-10-26,19,5,14,342,5354,416,4938,18.8
Kuba_Martin,2021-10-26,26,26,0,44,1299,1299,0,153.2
market_a,2021-10-26,5,4,1,3572,1162,975,187,939.8
metnarl,2021-10-26,2,2,0,90,198,156,42,14.1
milionchvilek,2021-10-26,3,3,0,488,402,291,111,59.7
ODScz,2021-10-26,8,0,8,0,4925,1620,3305,223.3
olgarichterova,2021-10-26,2,1,1,124,614,540,74,52.2
P_Fiala,2021-10-26,2,2,0,2001,1304,775,529,402.2
PiratIvanBartos,2021-10-26,2,2,0,1652,1046,973,73,475.8
PiratskaStrana,2021-10-26,3,1,2,1,1764,725,1039,125.2
Pospisil_Jiri,2021-10-26,1,0,1,0,529,450,79,127.7
SpoluKoalice,2021-10-26,15,1,14,588,5679,458,5221,100.4
TomasCzernin,2021-10-26,1,1,0,611,207,201,6,106.3
TomasZdechovsky,2021-10-26,23,18,5,416,9304,6921,2383,417.3
tomio_cz,2021-10-26,3,3,0,404,1117,1117,0,63.1
TOP09cz,2021-10-26,9,1,8,634,4139,181,3958,33.1
vonpecka,2021-10-26,11,11,0,198,1010,706,304,19.1
ZdenekHrib,2021-10-26,10,10,0,1628,994,878,116,187.5
alenaschillerov,2021-10-25,7,7,0,499,1886,1692,194,69.9
AndrejBabis,2021-10-25,18,2,16,780,3895,948,2947,163.7
Jan_Skopecek,2021-10-25,1,1,0,141,924,798,126,157.6
jana_cernochova,2021-10-25,1,1,0,231,847,826,21,80.3
jhamacek,2021-10-25,2,2,0,197,561,422,139,62
kalousekm,2021-10-25,6,6,0,7502,3476,3423,53,1625.2
KarelHavlicek_,2021-10-25,3,1,2,55,1382,1015,367,47.2
kducsl,2021-10-25,9,0,9,0,5335,411,4924,18.4
Kuba_Martin,2021-10-25,11,11,0,58,1273,1273,0,153.1
market_a,2021-10-25,1,1,0,3016,1157,971,186,936.2
MJureka,2021-10-25,2,1,1,288,1766,1556,210,361.9
ODScz,2021-10-25,7,1,6,443,4917,1620,3297,223.3
olgarichterova,2021-10-25,1,1,0,33,612,539,73,52.1
P_Fiala,2021-10-25,1,1,0,894,1302,773,529,400.2
PiratskaStrana,2021-10-25,1,1,0,108,1761,724,1037,125.2
Pospisil_Jiri,2021-10-25,2,2,0,771,528,450,78,127.7
STANcz,2021-10-25,3,0,3,0,1404,377,1027,47.5
TomasZdechovsky,2021-10-25,25,13,12,959,9281,6903,2378,416.8
tomio_cz,2021-10-25,2,2,0,35,1114,1114,0,62.7
TOP09cz,2021-10-25,6,0,6,0,4130,180,3950,32.4
VeslavM,2021-10-25,1,0,1,0,802,778,24,34.8
Vit_Rakusan,2021-10-25,12,12,0,3640,378,346,32,273.9
vojtafilip,2021-10-25,1,1,0,106,75,75,0,6.5
vonpecka,2021-10-25,11,6,5,176,999,695,304,18.9
ZdenekHrib,2021-10-25,1,0,1,0,984,868,116,185.9
alenaschillerov,2021-10-24,3,2,1,632,1879,1685,194,69.4
AndrejBabis,2021-10-24,7,1,6,336,3877,946,2931,162.9
Jan_Skopecek,2021-10-24,13,1,12,2197,923,797,126,157.5
JanLipavsky,2021-10-24,1,0,1,0,1953,352,1601,57.7
kalousekm,2021-10-24,9,9,0,2763,3470,3417,53,1617.7
KarelHavlicek_,2021-10-24,2,0,2,0,1379,1014,365,47.1
kducsl,2021-10-24,7,0,7,0,5326,411,4915,18.4
Kuba_Martin,2021-10-24,11,11,0,4164,1262,1262,0,153.1
MJureka,2021-10-24,4,3,1,36,1764,1555,209,361.6
ODScz,2021-10-24,10,8,2,935,4910,1619,3291,222.8
Pospisil_Jiri,2021-10-24,1,0,1,0,526,448,78,126.9
SpoluKoalice,2021-10-24,5,0,5,0,5664,457,5207,99.8
TomasZdechovsky,2021-10-24,23,15,8,563,9256,6890,2366,415.9
VeslavM,2021-10-24,1,1,0,354,801,778,23,34.8
Vit_Rakusan,2021-10-24,1,0,1,0,366,334,32,270.3
vonpecka,2021-10-24,1,0,1,0,988,689,299,18.7
ZdenekHrib,2021-10-24,3,3,0,719,983,868,115,185.9
alenaschillerov,2021-10-23,2,0,2,0,1876,1683,193,68.8
AndrejBabis,2021-10-23,20,6,14,1221,3870,945,2925,162.6
Jan_Skopecek,2021-10-23,1,0,1,0,910,796,114,155.3
kalousekm,2021-10-23,7,7,0,4348,3461,3408,53,1615
KarelHavlicek_,2021-10-23,5,4,1,861,1377,1014,363,47.1
kducsl,2021-10-23,10,0,10,0,5319,411,4908,18.4
Kuba_Martin,2021-10-23,48,48,0,657,1251,1251,0,148.9
market_a,2021-10-23,1,1,0,896,1156,970,186,933.2
MJureka,2021-10-23,5,4,1,1117,1760,1552,208,361.6
ODScz,2021-10-23,5,2,3,177,4900,1611,3289,221.9
P_Fiala,2021-10-23,1,0,1,0,1301,772,529,399.3
SpoluKoalice,2021-10-23,8,0,8,0,5659,457,5202,99.8
TomasZdechovsky,2021-10-23,4,2,2,883,9233,6875,2358,415.3
tomio_cz,2021-10-23,1,1,0,111,1112,1112,0,62.6
TOP09cz,2021-10-23,2,0,2,0,4124,180,3944,32.4
VeslavM,2021-10-23,6,6,0,798,800,777,23,34.5
vonpecka,2021-10-23,3,2,1,199,987,689,298,18.7
zeleni_cz,2021-10-23,1,1,0,1,1069,750,319,27.4
alenaschillerov,2021-10-22,6,5,1,430,1874,1683,191,68.8
AndrejBabis,2021-10-22,34,8,26,1267,3850,939,2911,161.4
general_pavel,2021-10-22,2,2,0,748,194,193,1,122
jana_cernochova,2021-10-22,4,4,0,8,846,825,21,80.1
kalousekm,2021-10-22,9,9,0,1085,3454,3401,53,1610.6
KarelHavlicek_,2021-10-22,7,7,0,303,1372,1010,362,46.3
kducsl,2021-10-22,13,0,13,0,5309,411,4898,18.4
market_a,2021-10-22,2,2,0,5461,1155,969,186,932.3
MJureka,2021-10-22,1,1,0,236,1755,1548,207,360.5
ODScz,2021-10-22,5,1,4,122,4895,1609,3286,221.7
P_Fiala,2021-10-22,2,2,0,933,1300,772,528,399.3
PiratskaStrana,2021-10-22,1,0,1,0,1760,723,1037,125.1
Pospisil_Jiri,2021-10-22,3,3,0,1767,525,448,77,126.9
SpoluKoalice,2021-10-22,8,0,8,0,5651,457,5194,99.8
STANcz,2021-10-22,1,0,1,0,1401,377,1024,47.5
TomasCzernin,2021-10-22,1,1,0,301,206,200,6,105.7
TomasZdechovsky,2021-10-22,20,17,3,1839,9229,6873,2356,414.4
tomio_cz,2021-10-22,2,2,0,59,1111,1111,0,62.5
TOP09cz,2021-10-22,5,0,5,0,4122,180,3942,32.4
VeslavM,2021-10-22,14,14,0,480,794,771,23,33.7
vonpecka,2021-10-22,2,2,0,243,984,687,297,18.5
ZdenekHrib,2021-10-22,2,1,1,130,980,865,115,185.2
zeleni_cz,2021-10-22,1,0,1,0,1068,749,319,27.4
alenaschillerov,2021-10-21,6,6,0,646,1868,1678,190,68.4
AndrejBabis,2021-10-21,40,3,37,657,3816,931,2885,160.1
jana_cernochova,2021-10-21,2,2,0,13,842,821,21,80.1
JanLipavsky,2021-10-21,3,0,3,0,1952,352,1600,57.7
kalousekm,2021-10-21,11,11,0,5824,3445,3392,53,1609.5
KarelHavlicek_,2021-10-21,5,5,0,301,1365,1003,362,46
kducsl,2021-10-21,5,0,5,0,5296,411,4885,18.4
Kuba_Martin,2021-10-21,10,10,0,11,1203,1203,0,148.3
market_a,2021-10-21,3,3,0,4513,1153,967,186,926.9
MJureka,2021-10-21,1,0,1,0,1754,1547,207,360.2
ODScz,2021-10-21,5,2,3,1253,4890,1608,3282,221.6
olgarichterova,2021-10-21,2,2,0,2112,611,538,73,52
P_Fiala,2021-10-21,2,2,0,1619,1298,770,528,398.4
PiratIvanBartos,2021-10-21,1,1,0,695,1044,971,73,474.1
PiratskaStrana,2021-10-21,2,0,2,0,1759,723,1036,125.1
Pospisil_Jiri,2021-10-21,3,3,0,562,522,445,77,125.2
SpoluKoalice,2021-10-21,23,0,23,0,5643,457,5186,99.8
STANcz,2021-10-21,4,1,3,74,1400,377,1023,47.5
TomasZdechovsky,2021-10-21,35,24,11,2288,9209,6856,2353,412.6
tomio_cz,2021-10-21,5,5,0,921,1109,1109,0,62.5
TOP09cz,2021-10-21,9,0,9,0,4117,180,3937,32.4
VeslavM,2021-10-21,1,1,0,92,780,757,23,33.2
Vit_Rakusan,2021-10-21,2,2,0,6470,365,334,31,270.3
vonpecka,2021-10-21,3,2,1,10,982,685,297,18.2
ZdenekHrib,2021-10-21,3,3,0,276,978,864,114,185
alenaschillerov,2021-10-20,7,7,0,619,1862,1672,190,67.7
AndrejBabis,2021-10-20,35,3,32,456,3776,928,2848,159.5
general_pavel,2021-10-20,1,1,0,511,192,191,1,121.2
honzabartosek,2021-10-20,2,2,0,263,445,442,3,55.4
jana_cernochova,2021-10-20,2,2,0,267,840,819,21,80.1
JanLipavsky,2021-10-20,4,1,3,160,1949,352,1597,57.7
kalousekm,2021-10-20,12,12,0,6512,3434,3381,53,1603.7
KarelHavlicek_,2021-10-20,3,3,0,154,1360,998,362,45.7
kducsl,2021-10-20,25,2,23,87,5291,411,4880,18.4
Kuba_Martin,2021-10-20,8,8,0,8,1193,1193,0,148.2
market_a,2021-10-20,4,4,0,4401,1150,964,186,922.3
milionchvilek,2021-10-20,1,1,0,58,399,288,111,59.2
MJureka,2021-10-20,1,1,0,255,1753,1547,206,360.2
ODScz,2021-10-20,5,2,3,276,4885,1606,3279,220.3
P_Fiala,2021-10-20,2,2,0,1781,1296,768,528,396.8
PiratIvanBartos,2021-10-20,2,2,0,3082,1043,970,73,473.4
PiratskaStrana,2021-10-20,3,1,2,103,1757,723,1034,125.1
Pospisil_Jiri,2021-10-20,1,1,0,850,519,442,77,124.6
RobertSlachta,2021-10-20,2,2,0,270,242,135,107,5.1
SpoluKoalice,2021-10-20,15,2,13,678,5620,457,5163,99.8
STANcz,2021-10-20,3,0,3,0,1396,376,1020,47.4
TomasZdechovsky,2021-10-20,31,20,11,2830,9174,6832,2342,410.3
tomio_cz,2021-10-20,3,3,0,50,1104,1104,0,61.5
TOP09cz,2021-10-20,11,2,9,142,4108,180,3928,32.4
VeslavM,2021-10-20,4,4,0,195,779,756,23,33.1
vonpecka,2021-10-20,4,2,2,32,979,683,296,18.2
ZdenekHrib,2021-10-20,18,14,4,1002,975,861,114,184.7
zeleni_cz,2021-10-20,1,0,1,0,1067,749,318,27.4
alenaschillerov,2021-10-19,6,5,1,450,1855,1665,190,67.1
AndrejBabis,2021-10-19,29,5,24,1885,3741,925,2816,159
honzabartosek,2021-10-19,1,1,0,127,443,440,3,55.2
JanLipavsky,2021-10-19,5,1,4,735,1945,351,1594,57.6
kalousekm,2021-10-19,14,14,0,18817,3422,3369,53,1597.2
KarelHavlicek_,2021-10-19,3,3,0,162,1357,995,362,45.5
kducsl,2021-10-19,18,4,14,179,5266,409,4857,18.3
Kuba_Martin,2021-10-19,3,3,0,177,1185,1185,0,148.2
market_a,2021-10-19,4,4,0,14732,1146,960,186,917.9
milionchvilek,2021-10-19,2,0,2,0,398,287,111,59.2
ODScz,2021-10-19,7,0,7,0,4880,1604,3276,220.1
olgarichterova,2021-10-19,1,0,1,0,609,536,73,49.9
P_Fiala,2021-10-19,4,2,2,3613,1294,766,528,395
PiratIvanBartos,2021-10-19,3,3,0,8933,1041,968,73,470.4
PiratskaStrana,2021-10-19,6,0,6,0,1754,722,1032,125
Pospisil_Jiri,2021-10-19,5,5,0,2294,518,441,77,123.8
SpoluKoalice,2021-10-19,21,3,18,765,5605,455,5150,99.1
STANcz,2021-10-19,3,1,2,68,1393,376,1017,47.4
TomasCzernin,2021-10-19,2,2,0,566,205,199,6,105.4
TomasZdechovsky,2021-10-19,42,27,15,3290,9143,6812,2331,407.5
tomio_cz,2021-10-19,6,6,0,113,1101,1101,0,61.5
TOP09cz,2021-10-19,22,1,21,58,4097,178,3919,32.3
VeslavM,2021-10-19,4,4,0,3037,775,752,23,32.9
vonpecka,2021-10-19,4,4,0,337,975,681,294,18.2
ZdenekHrib,2021-10-19,9,9,0,1789,957,847,110,183.7
zeleni_cz,2021-10-19,2,1,1,32,1066,749,317,27.4
alenaschillerov,2021-10-18,5,5,0,307,1849,1660,189,66.7
AndrejBabis,2021-10-18,28,1,27,96,3712,920,2792,157.1
honzabartosek,2021-10-18,3,3,0,910,442,439,3,55
jana_cernochova,2021-10-18,1,1,0,0,838,817,21,79.8
JanLipavsky,2021-10-18,5,2,3,1735,1940,350,1590,56.8
kalousekm,2021-10-18,16,16,0,22283,3408,3355,53,1578.4
KarelHavlicek_,2021-10-18,2,1,1,68,1354,992,362,45.4
kducsl,2021-10-18,29,1,28,25,5248,405,4843,18.1
Kuba_Martin,2021-10-18,2,2,0,959,1182,1182,0,148.1
makupka,2021-10-18,1,1,0,590,226,199,27,129.3
market_a,2021-10-18,4,4,0,9396,1142,956,186,903.2
MartinBaxa2,2021-10-18,1,0,1,0,140,128,12,40.8
milionchvilek,2021-10-18,3,2,1,724,396,287,109,59.2
MJureka,2021-10-18,3,2,1,1473,1752,1546,206,360
ODScz,2021-10-18,6,3,3,887,4873,1604,3269,220.1
olgarichterova,2021-10-18,1,1,0,333,608,536,72,49.9
P_Fiala,2021-10-18,3,1,2,2493,1290,764,526,391.4
PiratIvanBartos,2021-10-18,1,1,0,2119,1038,965,73,461.4
PiratskaStrana,2021-10-18,4,1,3,78,1748,722,1026,125
Pospisil_Jiri,2021-10-18,3,3,0,8265,513,436,77,121.5
SpoluKoalice,2021-10-18,41,0,41,0,5584,452,5132,98.3
STANcz,2021-10-18,1,0,1,0,1390,375,1015,47.3
TomasZdechovsky,2021-10-18,45,32,13,3815,9101,6785,2316,404.2
tomio_cz,2021-10-18,2,2,0,21,1095,1095,0,61.4
TOP09cz,2021-10-18,23,1,22,317,4075,177,3898,32.2
VeslavM,2021-10-18,1,1,0,11,771,748,23,29.9
Vit_Rakusan,2021-10-18,1,1,0,4424,363,332,31,263.8
vonpecka,2021-10-18,5,5,0,72,971,677,294,17.9
ZdenekHrib,2021-10-18,8,7,1,649,948,838,110,182
zeleni_cz,2021-10-18,1,1,0,136,1064,748,316,27.4
alenaschillerov,2021-10-17,14,10,4,1163,1844,1655,189,66.3
AndrejBabis,2021-10-17,20,1,19,541,3684,919,2765,157
general_pavel,2021-10-17,1,1,0,196,191,190,1,120.7
Jan_Skopecek,2021-10-17,6,4,2,302,909,796,113,155.3
kalousekm,2021-10-17,15,15,0,4166,3392,3339,53,1556.1
KarelHavlicek_,2021-10-17,10,5,5,1656,1352,991,361,45.3
kducsl,2021-10-17,7,0,7,0,5219,404,4815,18.1
MJureka,2021-10-17,1,1,0,799,1749,1544,205,358.5
ODScz,2021-10-17,21,8,13,2233,4867,1601,3266,219.2
P_Fiala,2021-10-17,3,1,2,3934,1287,763,524,388.9
Pospisil_Jiri,2021-10-17,1,1,0,676,510,433,77,113.2
SpoluKoalice,2021-10-17,12,0,12,0,5543,452,5091,98.3
STANcz,2021-10-17,1,1,0,33,1389,375,1014,47.3
TomasZdechovsky,2021-10-17,29,25,4,2016,9056,6753,2303,400.4
tomio_cz,2021-10-17,1,1,0,238,1093,1093,0,61.4
VeslavM,2021-10-17,3,3,0,150,770,747,23,29.9
Vit_Rakusan,2021-10-17,1,1,0,2,362,331,31,259.4
vonpecka,2021-10-17,1,1,0,1,966,672,294,17.8
alenaschillerov,2021-10-16,9,7,2,240,1830,1645,185,65.2
AndrejBabis,2021-10-16,20,5,15,1433,3664,918,2746,156.5
Jan_Skopecek,2021-10-16,2,2,0,904,903,792,111,155
JanLipavsky,2021-10-16,2,0,2,0,1935,348,1587,55.1
kalousekm,2021-10-16,14,14,0,5846,3377,3324,53,1551.9
KarelHavlicek_,2021-10-16,3,2,1,226,1342,986,356,43.6
kducsl,2021-10-16,14,0,14,0,5212,404,4808,18.1
Kuba_Martin,2021-10-16,1,1,0,1,1180,1180,0,147.1
MJureka,2021-10-16,3,3,0,1266,1748,1543,205,357.7
ODScz,2021-10-16,7,5,2,645,4846,1593,3253,216.9
olgarichterova,2021-10-16,2,2,0,364,607,535,72,49.6
P_Fiala,2021-10-16,1,0,1,0,1284,762,522,385
PiratskaStrana,2021-10-16,1,0,1,0,1744,721,1023,124.9
SpoluKoalice,2021-10-16,4,0,4,0,5531,452,5079,98.3
STANcz,2021-10-16,2,0,2,0,1388,374,1014,47.3
TomasZdechovsky,2021-10-16,32,19,13,799,9027,6728,2299,398.4
tomio_cz,2021-10-16,3,3,0,69,1092,1092,0,61.1
VeslavM,2021-10-16,7,7,0,701,767,744,23,29.7
Vit_Rakusan,2021-10-16,1,1,0,2373,361,330,31,259.4
vonpecka,2021-10-16,2,0,2,0,965,671,294,17.8
alenaschillerov,2021-10-15,8,8,0,547,1821,1638,183,64.9
AndrejBabis,2021-10-15,18,5,13,1938,3644,913,2731,155
general_pavel,2021-10-15,3,3,0,2427,190,189,1,120.5
honzabartosek,2021-10-15,3,3,0,768,439,436,3,54.1
jana_cernochova,2021-10-15,2,2,0,8,837,816,21,79.8
kalousekm,2021-10-15,11,11,0,13891,3363,3310,53,1546.1
KarelHavlicek_,2021-10-15,7,2,5,119,1339,984,355,43.4
kducsl,2021-10-15,22,2,20,74,5198,404,4794,18.1
Kuba_Martin,2021-10-15,6,6,0,467,1179,1179,0,147.1
market_a,2021-10-15,4,4,0,7672,1138,952,186,893.8
MJureka,2021-10-15,6,6,0,1315,1745,1540,205,356.4
ODScz,2021-10-15,6,2,4,476,4839,1588,3251,216.3
olgarichterova,2021-10-15,1,0,1,0,605,533,72,49.2
P_Fiala,2021-10-15,1,1,0,5059,1283,762,521,385
PiratskaStrana,2021-10-15,1,0,1,0,1743,721,1022,124.9
Pospisil_Jiri,2021-10-15,1,1,0,350,509,432,77,112.5
SpoluKoalice,2021-10-15,15,0,15,0,5527,452,5075,98.3
STANcz,2021-10-15,3,0,3,0,1386,374,1012,47.3
TomasCzernin,2021-10-15,1,1,0,255,203,197,6,104.8
TomasZdechovsky,2021-10-15,26,16,10,6460,8995,6709,2286,397.6
tomio_cz,2021-10-15,3,3,0,533,1089,1089,0,61
TOP09cz,2021-10-15,24,0,24,0,4052,176,3876,31.9
VeslavM,2021-10-15,2,2,0,1040,760,737,23,29
Vit_Rakusan,2021-10-15,2,1,1,1236,360,329,31,257
vonpecka,2021-10-15,4,4,0,54,963,671,292,17.8
ZdenekHrib,2021-10-15,1,0,1,0,940,831,109,181.3
zeleni_cz,2021-10-15,1,1,0,16,1063,747,316,27.3
alenaschillerov,2021-10-14,4,4,0,327,1813,1630,183,64.4
AndrejBabis,2021-10-14,14,2,12,330,3626,908,2718,153.1
honzabartosek,2021-10-14,3,3,0,199,436,433,3,53.4
Jan_Skopecek,2021-10-14,2,1,1,23,901,790,111,154.1
jana_cernochova,2021-10-14,13,13,0,2244,835,814,21,79.8
JanLipavsky,2021-10-14,3,0,3,0,1933,348,1585,55.1
kalousekm,2021-10-14,14,14,0,18338,3352,3299,53,1532.2
KarelHavlicek_,2021-10-14,7,6,1,283,1332,982,350,43.3
kducsl,2021-10-14,21,0,21,0,5176,402,4774,18.1
Kuba_Martin,2021-10-14,1,1,0,3580,1173,1173,0,146.6
makupka,2021-10-14,1,1,0,2,225,198,27,128.7
market_a,2021-10-14,2,2,0,6176,1134,948,186,886.1
milionchvilek,2021-10-14,2,1,1,114,393,285,108,58.4
MJureka,2021-10-14,2,2,0,1598,1739,1534,205,355.1
ODScz,2021-10-14,7,3,4,676,4833,1586,3247,215.8
olgarichterova,2021-10-14,2,1,1,3430,604,533,71,49.2
P_Fiala,2021-10-14,1,1,0,1322,1282,761,521,379.9
PiratskaStrana,2021-10-14,1,1,0,294,1742,721,1021,124.9
Pospisil_Jiri,2021-10-14,3,2,1,631,508,431,77,112.2
SpoluKoalice,2021-10-14,15,0,15,0,5512,452,5060,98.3
STANcz,2021-10-14,4,1,3,206,1383,374,1009,47.3
TomasCzernin,2021-10-14,2,2,0,637,202,196,6,104.6
TomasZdechovsky,2021-10-14,31,23,8,2307,8969,6693,2276,391.1
tomio_cz,2021-10-14,4,4,0,620,1086,1086,0,60.5
TOP09cz,2021-10-14,9,0,9,0,4028,176,3852,31.9
VeslavM,2021-10-14,1,0,1,0,758,735,23,28
Vit_Rakusan,2021-10-14,1,1,0,11215,358,328,30,255.8
vonpecka,2021-10-14,3,2,1,16,959,667,292,17.7
Zbynek_Stanjura,2021-10-14,1,1,0,1,41,32,9,34.9
alenaschillerov,2021-10-13,5,5,0,504,1809,1626,183,64.1
AndrejBabis,2021-10-13,19,10,9,2964,3612,906,2706,152.8
general_pavel,2021-10-13,1,1,0,584,187,186,1,118.1
Jan_Skopecek,2021-10-13,7,5,2,143,899,789,110,154.1
jana_cernochova,2021-10-13,1,1,0,30,822,801,21,77.5
kalousekm,2021-10-13,13,13,0,5474,3338,3285,53,1513.9
KarelHavlicek_,2021-10-13,9,6,3,133,1325,976,349,43
kducsl,2021-10-13,17,2,15,55,5155,402,4753,18.1
market_a,2021-10-13,1,1,0,1781,1132,946,186,880
milionchvilek,2021-10-13,1,1,0,38,391,284,107,58.3
ODScz,2021-10-13,8,4,4,1019,4826,1583,3243,215.1
P_Fiala,2021-10-13,5,4,1,2549,1281,760,521,378.6
PiratIvanBartos,2021-10-13,1,1,0,1709,1037,964,73,459.3
PiratskaStrana,2021-10-13,3,0,3,0,1741,720,1021,124.6
Pospisil_Jiri,2021-10-13,1,1,0,280,505,429,76,111.6
SpoluKoalice,2021-10-13,15,2,13,1449,5497,452,5045,98.3
STANcz,2021-10-13,5,2,3,192,1379,373,1006,47.1
TomasZdechovsky,2021-10-13,59,39,20,2631,8938,6670,2268,388.8
tomio_cz,2021-10-13,3,3,0,662,1082,1082,0,59.9
TOP09cz,2021-10-13,5,0,5,0,4019,176,3843,31.9
VeslavM,2021-10-13,1,1,0,597,757,735,22,28
Vit_Rakusan,2021-10-13,1,1,0,1595,357,327,30,244.6
vonpecka,2021-10-13,3,1,2,27,956,665,291,17.7
ZdenekHrib,2021-10-13,3,2,1,500,939,831,108,181.3
alenaschillerov,2021-10-12,5,5,0,395,1804,1621,183,63.6
honzabartosek,2021-10-12,3,3,0,1778,433,430,3,53.2
Jan_Skopecek,2021-10-12,1,0,1,0,892,784,108,153.9
jana_cernochova,2021-10-12,3,3,0,281,821,800,21,77.5
JanLipavsky,2021-10-12,1,0,1,0,1930,348,1582,55.1
kalousekm,2021-10-12,16,16,0,7949,3325,3272,53,1508.4
KarelHavlicek_,2021-10-12,1,0,1,0,1316,970,346,42.9
kducsl,2021-10-12,18,2,16,246,5138,400,4738,18
Kuba_Martin,2021-10-12,2,2,0,1786,1172,1172,0,143.1
market_a,2021-10-12,5,5,0,4924,1131,945,186,878.2
metnarl,2021-10-12,1,1,0,52,196,154,42,14
milionchvilek,2021-10-12,3,3,0,887,390,283,107,58.3
MJureka,2021-10-12,1,1,0,166,1737,1532,205,353.5
ODScz,2021-10-12,9,4,5,839,4818,1579,3239,214.1
P_Fiala,2021-10-12,3,2,1,1885,1276,756,520,376
PiratIvanBartos,2021-10-12,1,1,0,1103,1036,963,73,457.6
PiratskaStrana,2021-10-12,1,0,1,0,1738,720,1018,124.6
Pospisil_Jiri,2021-10-12,1,1,0,401,504,428,76,111.3
SpoluKoalice,2021-10-12,30,0,30,0,5482,450,5032,96.9
STANcz,2021-10-12,2,0,2,0,1374,371,1003,46.9
TomasCzernin,2021-10-12,1,0,1,0,200,194,6,104
TomasZdechovsky,2021-10-12,33,23,10,1729,8879,6631,2248,386.2
tomio_cz,2021-10-12,4,4,0,200,1079,1079,0,59.2
TOP09cz,2021-10-12,22,3,19,858,4014,176,3838,31.9
VeslavM,2021-10-12,1,1,0,445,756,734,22,27.4
Vit_Rakusan,2021-10-12,1,1,0,2140,356,326,30,243
vonpecka,2021-10-12,10,9,1,165,953,664,289,17.7
ZdenekHrib,2021-10-12,1,0,1,0,936,829,107,180.8
zeleni_cz,2021-10-12,1,1,0,79,1062,746,316,27.2
alenaschillerov,2021-10-11,3,3,0,133,1799,1616,183,63.2
AndrejBabis,2021-10-11,1,1,0,379,3593,896,2697,149.8
czKSCM,2021-10-11,1,0,1,0,107,21,86,0.2
Jan_Skopecek,2021-10-11,3,2,1,247,891,784,107,153.9
JanLipavsky,2021-10-11,13,11,2,1266,1929,348,1581,55.1
kalousekm,2021-10-11,25,25,0,13204,3309,3256,53,1500.4
KarelHavlicek_,2021-10-11,4,3,1,148,1315,970,345,42.9
kducsl,2021-10-11,11,0,11,0,5120,398,4722,17.8
Kuba_Martin,2021-10-11,11,11,0,188,1170,1170,0,141.3
market_a,2021-10-11,3,3,0,21017,1126,940,186,873.3
metnarl,2021-10-11,1,1,0,14,195,153,42,13.9
milionchvilek,2021-10-11,1,0,1,0,387,280,107,57.4
ODScz,2021-10-11,7,2,5,469,4809,1575,3234,213.3
P_Fiala,2021-10-11,4,2,2,3052,1273,754,519,374.2
PiratIvanBartos,2021-10-11,3,3,0,5658,1035,962,73,456.5
PiratskaStrana,2021-10-11,5,1,4,670,1737,720,1017,124.6
Pospisil_Jiri,2021-10-11,1,1,0,124,503,427,76,110.9
SpoluKoalice,2021-10-11,21,2,19,624,5452,450,5002,96.9
STANcz,2021-10-11,2,0,2,0,1372,371,1001,46.9
TomasZdechovsky,2021-10-11,31,22,9,1209,8846,6608,2238,384.4
tomio_cz,2021-10-11,5,5,0,299,1075,1075,0,59
TOP09cz,2021-10-11,19,0,19,0,3992,173,3819,31.1
VeslavM,2021-10-11,1,1,0,163,755,733,22,26.9
Vit_Rakusan,2021-10-11,3,3,0,6565,355,325,30,240.8
vonpecka,2021-10-11,7,5,2,118,943,655,288,17.5
ZdenekHrib,2021-10-11,6,6,0,1538,935,829,106,180.8
zeleni_cz,2021-10-11,2,2,0,50,1061,745,316,27.2
alenaschillerov,2021-10-10,1,0,1,0,1796,1613,183,63
AndrejBabis,2021-10-10,2,2,0,810,3592,895,2697,149.4
honzabartosek,2021-10-10,2,2,0,4,430,427,3,51.4
Jan_Skopecek,2021-10-10,2,2,0,545,888,782,106,153.7
jana_cernochova,2021-10-10,9,9,0,1924,818,797,21,77.2
JanLipavsky,2021-10-10,3,1,2,403,1916,337,1579,53.8
kalousekm,2021-10-10,10,10,0,19288,3284,3231,53,1487.2
kducsl,2021-10-10,22,2,20,141,5109,398,4711,17.8
Kuba_Martin,2021-10-10,4,4,0,2181,1159,1159,0,141.1
market_a,2021-10-10,8,8,0,6939,1123,937,186,852.2
milionchvilek,2021-10-10,5,5,0,413,386,280,106,57.4
MJureka,2021-10-10,2,2,0,302,1736,1531,205,353.4
ODScz,2021-10-10,6,4,2,957,4802,1573,3229,212.8
olgarichterova,2021-10-10,2,0,2,0,602,532,70,45.8
P_Fiala,2021-10-10,2,1,1,8909,1269,752,517,371.1
Pospisil_Jiri,2021-10-10,2,2,0,1518,502,426,76,110.7
SpoluKoalice,2021-10-10,26,3,23,1970,5431,448,4983,96.3
STANcz,2021-10-10,13,4,9,538,1370,371,999,46.9
TomasCzernin,2021-10-10,2,2,0,2058,199,194,5,104
TomasZdechovsky,2021-10-10,48,30,18,2955,8815,6586,2229,383.2
tomio_cz,2021-10-10,2,2,0,20,1070,1070,0,58.7
TOP09cz,2021-10-10,19,2,17,1261,3973,173,3800,31.1
VeslavM,2021-10-10,2,2,0,566,754,732,22,26.8
Vit_Rakusan,2021-10-10,1,1,0,4769,352,322,30,234.3
vonpecka,2021-10-10,6,6,0,102,936,650,286,17.4
zeleni_cz,2021-10-10,5,4,1,284,1059,743,316,27.1
AndrejBabis,2021-10-09,4,2,2,502,3590,893,2697,148.6
general_pavel,2021-10-09,1,1,0,729,186,185,1,117.5
honzabartosek,2021-10-09,9,9,0,601,428,425,3,51.4
Jan_Skopecek,2021-10-09,1,1,0,295,886,780,106,153.1
jana_cernochova,2021-10-09,6,6,0,51,809,788,21,75.3
JanLipavsky,2021-10-09,2,0,2,0,1913,336,1577,53.4
kalousekm,2021-10-09,20,19,1,20573,3274,3221,53,1467.9
KarelHavlicek_,2021-10-09,2,1,1,112,1311,967,344,42.7
kducsl,2021-10-09,53,4,49,402,5087,396,4691,17.6
Kuba_Martin,2021-10-09,1,1,0,715,1155,1155,0,138.9
makupka,2021-10-09,1,1,0,544,224,197,27,128.7
market_a,2021-10-09,10,8,2,28117,1115,929,186,845.3
milionchvilek,2021-10-09,4,3,1,3924,381,275,106,57
MJureka,2021-10-09,7,7,0,6815,1734,1529,205,353.1
ODScz,2021-10-09,84,8,76,4615,4796,1569,3227,211.9
P_Fiala,2021-10-09,5,4,1,19063,1267,751,516,362.2
PiratIvanBartos,2021-10-09,6,6,0,38502,1032,959,73,450.8
PiratskaStrana,2021-10-09,9,1,8,1,1732,719,1013,123.9
Pospisil_Jiri,2021-10-09,2,1,1,187,500,424,76,109.2
RobertSlachta,2021-10-09,1,0,1,0,240,133,107,4.9
SpoluKoalice,2021-10-09,116,15,101,3730,5405,445,4960,94.3
STANcz,2021-10-09,33,4,29,721,1357,367,990,46.3
TomasZdechovsky,2021-10-09,74,42,32,4375,8767,6556,2211,380.3
tomio_cz,2021-10-09,3,3,0,423,1068,1068,0,58.7
TOP09cz,2021-10-09,46,3,43,686,3954,171,3783,29.8
VeslavM,2021-10-09,4,3,1,699,752,730,22,26.2
Vit_Rakusan,2021-10-09,7,7,0,38100,351,321,30,229.5
volimtrikoloru,2021-10-09,1,0,1,0,300,200,100,6.8
Zbynek_Stanjura,2021-10-09,1,1,0,507,40,31,9,34.9
zeleni_cz,2021-10-09,14,13,1,1664,1054,739,315,26.8
alenaschillerov,2021-10-08,4,4,0,427,1795,1613,182,63
AndrejBabis,2021-10-08,14,9,5,2753,3586,891,2695,148.1
general_pavel,2021-10-08,2,2,0,2253,185,184,1,116.8
honzabartosek,2021-10-08,5,5,0,17,419,416,3,50.8
Jan_Skopecek,2021-10-08,10,7,3,749,885,779,106,152.8
jana_cernochova,2021-10-08,4,4,0,543,803,782,21,75.2
JanLipavsky,2021-10-08,2,0,2,0,1911,336,1575,53.4
jhamacek,2021-10-08,2,2,0,256,559,420,139,61.8
kalousekm,2021-10-08,39,39,0,15760,3254,3202,52,1447.4
KarelHavlicek_,2021-10-08,10,7,3,457,1309,966,343,42.6
kducsl,2021-10-08,42,1,41,26,5034,392,4642,17.2
makupka,2021-10-08,2,2,0,546,223,196,27,128.2
market_a,2021-10-08,10,10,0,7253,1105,921,184,817.2
MJureka,2021-10-08,14,14,0,2151,1727,1522,205,346.3
ODScz,2021-10-08,113,10,103,1136,4712,1561,3151,207.2
olgarichterova,2021-10-08,5,5,0,1083,600,532,68,45.8
P_Fiala,2021-10-08,19,13,6,8790,1262,747,515,343.1
PiratIvanBartos,2021-10-08,12,10,2,9583,1026,953,73,412.3
PiratskaStrana,2021-10-08,25,3,22,930,1723,718,1005,123.9
Pospisil_Jiri,2021-10-08,2,2,0,551,498,423,75,109
RobertSlachta,2021-10-08,1,0,1,0,239,133,106,4.9
SpoluKoalice,2021-10-08,136,33,103,3168,5289,430,4859,90.6
STANcz,2021-10-08,70,6,64,1036,1324,363,961,45.6
TomasCzernin,2021-10-08,1,1,0,45,197,192,5,101.9
TomasZdechovsky,2021-10-08,34,17,17,956,8693,6514,2179,375.9
tomio_cz,2021-10-08,6,6,0,639,1065,1065,0,58.3
TOP09cz,2021-10-08,28,2,26,193,3908,168,3740,29.1
VeslavM,2021-10-08,3,3,0,338,748,727,21,25.5
Vit_Rakusan,2021-10-08,3,3,0,9626,344,314,30,191.4
volimtrikoloru,2021-10-08,7,1,6,194,299,200,99,6.8
vonpecka,2021-10-08,13,5,8,37,930,644,286,17.3
Zbynek_Stanjura,2021-10-08,1,1,0,1356,39,30,9,34.4
ZdenekHrib,2021-10-08,3,3,0,569,929,823,106,179.3
zeleni_cz,2021-10-08,16,12,4,1887,1040,726,314,25.2
alenaschillerov,2021-10-07,5,5,0,241,1791,1609,182,62.6
AndrejBabis,2021-10-07,21,5,16,770,3572,882,2690,145.4
general_pavel,2021-10-07,1,1,0,203,183,182,1,114.5
Jan_Skopecek,2021-10-07,12,10,2,1195,875,772,103,152.1
jana_cernochova,2021-10-07,21,21,0,1460,799,778,21,74.7
JanLipavsky,2021-10-07,15,0,15,0,1909,336,1573,53.4
kalousekm,2021-10-07,30,29,1,13347,3215,3163,52,1431.6
KarelHavlicek_,2021-10-07,11,9,2,414,1299,959,340,42.2
kducsl,2021-10-07,44,3,41,374,4992,391,4601,17.2
makupka,2021-10-07,1,1,0,1335,221,194,27,127.7
market_a,2021-10-07,8,6,2,12162,1095,911,184,809.9
milionchvilek,2021-10-07,7,6,1,345,377,272,105,53.1
MJureka,2021-10-07,14,13,1,6484,1713,1508,205,344.1
ODScz,2021-10-07,93,16,77,6011,4599,1551,3048,206.1
olgarichterova,2021-10-07,4,2,2,4,595,527,68,44.7
P_Fiala,2021-10-07,12,7,5,7335,1243,734,509,334.3
PiratIvanBartos,2021-10-07,19,18,1,13145,1014,943,71,402.8
PiratskaStrana,2021-10-07,44,9,35,4131,1698,715,983,123
Pospisil_Jiri,2021-10-07,1,1,0,762,496,421,75,108.5
RobertSlachta,2021-10-07,3,0,3,0,238,133,105,4.9
SpoluKoalice,2021-10-07,83,5,78,953,5153,397,4756,87.4
STANcz,2021-10-07,14,4,10,1526,1254,357,897,44.6
TomasCzernin,2021-10-07,2,2,0,438,196,191,5,101.8
TomasZdechovsky,2021-10-07,50,21,29,1676,8659,6497,2162,374.9
tomio_cz,2021-10-07,2,2,0,351,1059,1059,0,57.7
TOP09cz,2021-10-07,13,0,13,0,3880,166,3714,28.9
VeslavM,2021-10-07,9,8,1,453,745,724,21,25.2
Vit_Rakusan,2021-10-07,3,2,1,4670,341,311,30,181.8
volimtrikoloru,2021-10-07,4,4,0,204,292,199,93,6.6
vonpecka,2021-10-07,10,9,1,79,917,639,278,17.3
zeleni_cz,2021-10-07,17,11,6,629,1024,714,310,23.3
alenaschillerov,2021-10-06,7,6,1,169,1786,1604,182,62.4
AndrejBabis,2021-10-06,22,5,17,454,3551,877,2674,144.6
general_pavel,2021-10-06,2,2,0,369,182,181,1,114.3
honzabartosek,2021-10-06,2,2,0,979,414,411,3,50.8
Jan_Skopecek,2021-10-06,10,8,2,1816,863,762,101,150.9
jana_cernochova,2021-10-06,1,1,0,73,778,757,21,73.2
JanLipavsky,2021-10-06,5,0,5,0,1894,336,1558,53.4
jhamacek,2021-10-06,1,0,1,0,557,418,139,61.5
kalousekm,2021-10-06,34,34,0,13083,3185,3134,51,1418.3
KarelHavlicek_,2021-10-06,10,9,1,359,1288,950,338,41.7
kducsl,2021-10-06,41,1,40,49,4948,388,4560,16.8
makupka,2021-10-06,1,1,0,138,220,193,27,126.3
market_a,2021-10-06,10,8,2,7678,1087,905,182,797.8
metnarl,2021-10-06,2,1,1,47,194,152,42,13.9
milionchvilek,2021-10-06,16,15,1,821,370,266,104,52.7
MJureka,2021-10-06,10,10,0,7221,1699,1495,204,337.6
ODScz,2021-10-06,57,19,38,2640,4506,1535,2971,200.1
olgarichterova,2021-10-06,5,1,4,7,591,525,66,44.7
P_Fiala,2021-10-06,16,4,12,6148,1231,727,504,327
PiratIvanBartos,2021-10-06,8,7,1,7032,995,925,70,389.6
PiratskaStrana,2021-10-06,12,3,9,2156,1654,706,948,118.9
Pospisil_Jiri,2021-10-06,6,6,0,1288,495,420,75,107.7
RobertSlachta,2021-10-06,1,0,1,0,235,133,102,4.9
SpoluKoalice,2021-10-06,90,8,82,2388,5070,392,4678,86.4
STANcz,2021-10-06,36,7,29,6156,1240,353,887,43.1
TomasZdechovsky,2021-10-06,50,26,24,3378,8609,6476,2133,373.3
tomio_cz,2021-10-06,6,6,0,583,1057,1057,0,57.3
TOP09cz,2021-10-06,31,0,31,0,3867,166,3701,28.9
VeslavM,2021-10-06,3,2,1,1,736,716,20,24.7
Vit_Rakusan,2021-10-06,6,6,0,20426,338,309,29,177.1
volimtrikoloru,2021-10-06,8,0,8,0,288,195,93,6.4
vonpecka,2021-10-06,16,12,4,136,907,630,277,17.2
Zbynek_Stanjura,2021-10-06,1,0,1,0,38,29,9,33
ZdenekHrib,2021-10-06,1,1,0,128,926,820,106,178.7
zeleni_cz,2021-10-06,8,5,3,91,1007,703,304,22.6
alenaschillerov,2021-10-05,15,14,1,513,1779,1598,181,62.2
AndrejBabis,2021-10-05,17,5,12,1468,3529,872,2657,144.1
general_pavel,2021-10-05,2,2,0,2104,180,179,1,114
Jan_Skopecek,2021-10-05,7,5,2,728,853,754,99,149.1
jana_cernochova,2021-10-05,5,5,0,627,777,756,21,73.2
jhamacek,2021-10-05,3,2,1,30,556,418,138,61.5
kalousekm,2021-10-05,21,21,0,10498,3151,3100,51,1405.2
KarelHavlicek_,2021-10-05,13,8,5,308,1278,941,337,41.4
kducsl,2021-10-05,40,3,37,158,4907,387,4520,16.8
makupka,2021-10-05,1,1,0,215,219,192,27,126.2
market_a,2021-10-05,9,7,2,4649,1077,897,180,790.1
MartinBaxa2,2021-10-05,2,1,1,46,139,128,11,40.8
metnarl,2021-10-05,3,1,2,86,192,151,41,13.9
milionchvilek,2021-10-05,10,8,2,2352,354,251,103,51.9
MJureka,2021-10-05,13,13,0,3289,1689,1485,204,330.4
ODScz,2021-10-05,15,6,9,2616,4449,1516,2933,197.5
P_Fiala,2021-10-05,7,3,4,6028,1215,723,492,320.9
PiratIvanBartos,2021-10-05,5,5,0,11346,987,918,69,382.6
PiratskaStrana,2021-10-05,5,1,4,317,1642,703,939,116.7
Pospisil_Jiri,2021-10-05,3,3,0,438,489,414,75,106.4
SpoluKoalice,2021-10-05,49,3,46,686,4980,384,4596,84
STANcz,2021-10-05,9,1,8,92,1204,346,858,36.9
TomasZdechovsky,2021-10-05,45,29,16,1794,8559,6450,2109,369.9
tomio_cz,2021-10-05,7,7,0,403,1051,1051,0,56.7
TOP09cz,2021-10-05,31,4,27,910,3836,166,3670,28.9
Vit_Rakusan,2021-10-05,3,3,0,4620,332,303,29,156.7
vonpecka,2021-10-05,2,0,2,0,891,618,273,17.1
zeleni_cz,2021-10-05,5,5,0,625,999,698,301,22.6
alenaschillerov,2021-10-04,4,4,0,156,1764,1584,180,61.7
AndrejBabis,2021-10-04,18,2,16,595,3512,867,2645,142.7
honzabartosek,2021-10-04,5,5,0,1224,412,409,3,49.8
Jan_Skopecek,2021-10-04,8,7,1,2166,846,749,97,148.4
jana_cernochova,2021-10-04,11,11,0,904,772,751,21,72.5
JanLipavsky,2021-10-04,9,0,9,0,1889,336,1553,53.4
jhamacek,2021-10-04,3,2,1,99,553,416,137,61.5
kalousekm,2021-10-04,17,17,0,4628,3130,3079,51,1394.7
KarelHavlicek_,2021-10-04,8,7,1,228,1265,933,332,41.1
kducsl,2021-10-04,38,2,36,93,4867,384,4483,16.6
makupka,2021-10-04,2,2,0,4231,218,191,27,126
market_a,2021-10-04,7,4,3,9990,1068,890,178,785.4
milionchvilek,2021-10-04,4,3,1,228,344,243,101,49.6
MJureka,2021-10-04,5,4,1,5332,1676,1472,204,327.1
ODScz,2021-10-04,26,8,18,1317,4434,1510,2924,194.8
olgarichterova,2021-10-04,6,2,4,290,586,524,62,44.7
P_Fiala,2021-10-04,15,5,10,5513,1208,720,488,314.8
PiratIvanBartos,2021-10-04,4,4,0,7868,982,913,69,371.2
PiratskaStrana,2021-10-04,8,4,4,1586,1637,702,935,116.4
Pospisil_Jiri,2021-10-04,1,1,0,234,486,411,75,106
SpoluKoalice,2021-10-04,44,4,40,2148,4931,381,4550,83.4
STANcz,2021-10-04,4,1,3,205,1195,345,850,36.8
TomasZdechovsky,2021-10-04,42,26,16,4146,8514,6421,2093,368.1
tomio_cz,2021-10-04,3,3,0,338,1044,1044,0,56.3
TOP09cz,2021-10-04,26,3,23,1057,3805,162,3643,28
VeslavM,2021-10-04,1,1,0,133,733,714,19,24.7
volimtrikoloru,2021-10-04,3,1,2,123,280,195,85,6.4
vonpecka,2021-10-04,19,12,7,598,889,618,271,17.1
ZdenekHrib,2021-10-04,2,2,0,248,925,819,106,178.6
zeleni_cz,2021-10-04,5,5,0,541,994,693,301,21.9
alenaschillerov,2021-10-03,7,4,3,180,1760,1580,180,61.5
AndrejBabis,2021-10-03,11,6,5,1668,3494,865,2629,142.1
honzabartosek,2021-10-03,1,1,0,88,407,404,3,48.5
Jan_Skopecek,2021-10-03,8,7,1,556,838,742,96,146.2
jana_cernochova,2021-10-03,3,3,0,25,761,740,21,71.6
JanLipavsky,2021-10-03,5,0,5,0,1880,336,1544,53.4
jhamacek,2021-10-03,2,2,0,1119,550,414,136,61.4
kalousekm,2021-10-03,31,29,2,19526,3113,3062,51,1390
KarelHavlicek_,2021-10-03,4,2,2,121,1257,926,331,40.8
kducsl,2021-10-03,37,2,35,68,4829,382,4447,16.5
makupka,2021-10-03,2,1,1,79,216,189,27,121.7
market_a,2021-10-03,5,5,0,8990,1061,886,175,775.5
milionchvilek,2021-10-03,1,1,0,193,340,240,100,49.3
MJureka,2021-10-03,15,13,2,8543,1671,1468,203,321.8
ODScz,2021-10-03,128,17,111,3835,4408,1502,2906,193.5
olgarichterova,2021-10-03,4,3,1,475,580,522,58,44.4
P_Fiala,2021-10-03,13,7,6,13169,1193,715,478,309.3
PiratIvanBartos,2021-10-03,10,9,1,10488,978,909,69,363.4
PiratskaStrana,2021-10-03,19,15,4,3516,1629,698,931,114.8
Pospisil_Jiri,2021-10-03,2,2,0,1179,485,410,75,105.8
RobertSlachta,2021-10-03,2,0,2,0,234,133,101,4.9
SpoluKoalice,2021-10-03,50,3,47,435,4887,377,4510,81.2
STANcz,2021-10-03,8,6,2,922,1191,344,847,36.6
TomasCzernin,2021-10-03,1,1,0,499,194,189,5,101.4
TomasZdechovsky,2021-10-03,25,14,11,2667,8472,6395,2077,363.9
tomio_cz,2021-10-03,3,3,0,231,1041,1041,0,56
TOP09cz,2021-10-03,31,0,31,0,3779,159,3620,27
VeslavM,2021-10-03,3,2,1,1,732,713,19,24.6
Vit_Rakusan,2021-10-03,4,4,0,8289,329,300,29,152.1
volimtrikoloru,2021-10-03,3,1,2,91,277,194,83,6.2
vonpecka,2021-10-03,6,2,4,62,870,606,264,16.5
Zbynek_Stanjura,2021-10-03,2,1,1,1340,37,29,8,33
zeleni_cz,2021-10-03,4,3,1,38,989,688,301,21.4
alenaschillerov,2021-10-02,4,4,0,183,1753,1576,177,61.3
AndrejBabis,2021-10-02,13,2,11,790,3483,859,2624,140.4
czKSCM,2021-10-02,1,0,1,0,106,21,85,0.2
general_pavel,2021-10-02,2,2,0,982,178,177,1,111.9
Jan_Skopecek,2021-10-02,9,9,0,1801,830,735,95,145.6
JanLipavsky,2021-10-02,1,0,1,0,1875,336,1539,53.4
jhamacek,2021-10-02,1,1,0,263,548,412,136,60.3
kalousekm,2021-10-02,17,17,0,6984,3082,3033,49,1370.5
KarelHavlicek_,2021-10-02,14,11,3,633,1253,924,329,40.7
kducsl,2021-10-02,15,0,15,0,4792,380,4412,16.4
makupka,2021-10-02,1,1,0,757,214,188,26,121.7
market_a,2021-10-02,14,14,0,6268,1056,881,175,766.5
milionchvilek,2021-10-02,1,0,1,0,339,239,100,49.1
MJureka,2021-10-02,1,1,0,82,1656,1455,201,313.2
ODScz,2021-10-02,16,6,10,1376,4280,1485,2795,189.7
olgarichterova,2021-10-02,1,0,1,0,576,519,57,44
P_Fiala,2021-10-02,3,2,1,2901,1180,708,472,296.1
PiratIvanBartos,2021-10-02,12,11,1,2493,968,900,68,352.9
PiratskaStrana,2021-10-02,3,2,1,1132,1610,683,927,111.3
RobertSlachta,2021-10-02,1,0,1,0,232,133,99,4.9
SpoluKoalice,2021-10-02,14,1,13,252,4837,374,4463,80.8
STANcz,2021-10-02,5,2,3,296,1183,338,845,35.7
TomasZdechovsky,2021-10-02,32,25,7,1061,8447,6381,2066,361.3
tomio_cz,2021-10-02,3,3,0,321,1038,1038,0,55.7
TOP09cz,2021-10-02,8,0,8,0,3748,159,3589,27
VeslavM,2021-10-02,5,5,0,509,729,711,18,24.6
vonpecka,2021-10-02,1,1,0,6,864,604,260,16.4
zeleni_cz,2021-10-02,4,4,0,238,985,685,300,21.3
alenaschillerov,2021-10-01,15,13,2,312,1749,1572,177,61.2
AndrejBabis,2021-10-01,16,1,15,168,3470,857,2613,139.6
czKSCM,2021-10-01,1,0,1,0,105,21,84,0.2
general_pavel,2021-10-01,2,2,0,405,176,175,1,110.9
honzabartosek,2021-10-01,2,2,0,326,406,403,3,48.5
Jan_Skopecek,2021-10-01,9,6,3,499,821,726,95,143.8
jana_cernochova,2021-10-01,2,2,0,161,758,737,21,71.6
JanLipavsky,2021-10-01,2,0,2,0,1874,336,1538,53.4
jhamacek,2021-10-01,6,6,0,1196,547,411,136,60
kalousekm,2021-10-01,20,20,0,9088,3065,3016,49,1363.5
KarelHavlicek_,2021-10-01,8,6,2,169,1239,913,326,40.1
kducsl,2021-10-01,29,1,28,121,4777,380,4397,16.4
makupka,2021-10-01,1,1,0,73,213,187,26,120.9
market_a,2021-10-01,10,9,1,11511,1042,867,175,760.2
metnarl,2021-10-01,1,1,0,42,189,150,39,13.8
MJureka,2021-10-01,20,19,1,1642,1655,1454,201,313.2
ODScz,2021-10-01,14,5,9,1313,4264,1479,2785,188.3
olgarichterova,2021-10-01,2,1,1,235,575,519,56,44
P_Fiala,2021-10-01,5,2,3,2872,1177,706,471,293.2
PavelSehnal64,2021-10-01,1,1,0,9,79,79,0,0.4
PiratIvanBartos,2021-10-01,6,6,0,3351,956,889,67,350.4
PiratskaStrana,2021-10-01,10,7,3,1676,1607,681,926,110.2
Pospisil_Jiri,2021-10-01,3,2,1,563,483,408,75,104.6
SpoluKoalice,2021-10-01,40,4,36,1504,4823,373,4450,80.5
STANcz,2021-10-01,10,5,5,774,1178,336,842,35.4
TomasCzernin,2021-10-01,1,1,0,93,193,188,5,100.9
TomasZdechovsky,2021-10-01,40,31,9,1094,8415,6356,2059,360.2
tomio_cz,2021-10-01,6,6,0,485,1035,1035,0,55.4
TOP09cz,2021-10-01,19,1,18,96,3740,159,3581,27
VeslavM,2021-10-01,5,5,0,4,724,706,18,24.1
Vit_Rakusan,2021-10-01,3,3,0,2715,325,296,29,143.8
volimtrikoloru,2021-10-01,4,2,2,100,274,193,81,6.1
vonpecka,2021-10-01,9,4,5,19,863,603,260,16.4
ZdenekHrib,2021-10-01,2,0,2,0,923,817,106,178.3
zeleni_cz,2021-10-01,17,15,2,320,981,681,300,21.1
alenaschillerov,2021-09-30,12,12,0,604,1734,1559,175,60.9
AndrejBabis,2021-09-30,19,3,16,322,3454,856,2598,139.5
Jan_Skopecek,2021-09-30,8,7,1,481,812,720,92,143.3
jana_cernochova,2021-09-30,4,4,0,148,756,735,21,71.5
JanLipavsky,2021-09-30,2,0,2,0,1872,336,1536,53.4
jhamacek,2021-09-30,3,2,1,85,541,405,136,58.8
kalousekm,2021-09-30,33,33,0,5229,3045,2996,49,1354.5
KarelHavlicek_,2021-09-30,14,13,1,482,1231,907,324,39.9
kducsl,2021-09-30,24,1,23,56,4748,379,4369,16.3
Kuba_Martin,2021-09-30,1,1,0,0,1154,1154,0,138.2
makupka,2021-09-30,2,2,0,488,212,186,26,120.8
market_a,2021-09-30,4,3,1,5714,1032,858,174,748.7
MartinBaxa2,2021-09-30,1,0,1,0,137,127,10,40.7
metnarl,2021-09-30,1,1,0,126,188,149,39,13.7
MJureka,2021-09-30,9,9,0,2554,1635,1435,200,311.5
ODScz,2021-09-30,20,6,14,647,4250,1474,2776,187
olgarichterova,2021-09-30,1,0,1,0,573,518,55,43.7
P_Fiala,2021-09-30,7,1,6,188,1172,704,468,290.4
PiratIvanBartos,2021-09-30,8,8,0,5139,950,883,67,347
PiratskaStrana,2021-09-30,11,6,5,1427,1597,674,923,108.5
Pospisil_Jiri,2021-09-30,1,1,0,504,480,406,74,104
RobertSlachta,2021-09-30,7,1,6,34,231,133,98,4.9
SpoluKoalice,2021-09-30,43,2,41,463,4783,369,4414,79
STANcz,2021-09-30,5,1,4,86,1168,331,837,34.6
TomasCzernin,2021-09-30,1,1,0,252,192,187,5,100.8
TomasZdechovsky,2021-09-30,45,32,13,1300,8375,6325,2050,359.1
tomio_cz,2021-09-30,7,7,0,102,1029,1029,0,54.9
TOP09cz,2021-09-30,27,5,22,1423,3721,158,3563,26.9
VeslavM,2021-09-30,5,5,0,128,719,701,18,24.1
Vit_Rakusan,2021-09-30,3,3,0,1645,322,293,29,141.1
volimtrikoloru,2021-09-30,2,1,1,9,270,191,79,6
vonpecka,2021-09-30,9,7,2,100,854,599,255,16.4
zeleni_cz,2021-09-30,11,6,5,293,964,666,298,20.8
alenaschillerov,2021-09-29,6,6,0,292,1722,1547,175,60.2
AndrejBabis,2021-09-29,25,2,23,295,3435,853,2582,139.1
honzabartosek,2021-09-29,2,2,0,132,404,401,3,48.1
Jan_Skopecek,2021-09-29,8,8,0,1303,804,713,91,142.9
jana_cernochova,2021-09-29,3,3,0,371,752,731,21,71.3
JanLipavsky,2021-09-29,14,0,14,0,1870,336,1534,53.4
jhamacek,2021-09-29,3,2,1,93,538,403,135,58.8
kalousekm,2021-09-29,38,37,1,6741,3012,2963,49,1349.2
KarelHavlicek_,2021-09-29,12,6,6,200,1217,894,323,39.4
kducsl,2021-09-29,27,2,25,123,4724,378,4346,16.3
Kuba_Martin,2021-09-29,2,2,0,145,1153,1153,0,138.2
makupka,2021-09-29,1,1,0,526,210,184,26,120.3
market_a,2021-09-29,5,5,0,4107,1028,855,173,743
milionchvilek,2021-09-29,2,1,1,61,338,239,99,49.1
MJureka,2021-09-29,10,10,0,1489,1626,1426,200,309
ODScz,2021-09-29,24,13,11,1394,4230,1468,2762,186.4
olgarichterova,2021-09-29,2,0,2,0,572,518,54,43.7
P_Fiala,2021-09-29,16,5,11,1107,1165,703,462,290.2
PiratIvanBartos,2021-09-29,7,7,0,8062,942,875,67,341.9
PiratskaStrana,2021-09-29,11,7,4,2004,1586,668,918,107.1
Pospisil_Jiri,2021-09-29,2,2,0,469,479,405,74,103.5
RobertSlachta,2021-09-29,5,0,5,0,224,132,92,4.8
SpoluKoalice,2021-09-29,64,4,60,631,4740,367,4373,78.6
STANcz,2021-09-29,9,4,5,834,1163,330,833,34.5
TomasZdechovsky,2021-09-29,35,24,11,1792,8330,6293,2037,357.8
tomio_cz,2021-09-29,4,4,0,323,1022,1022,0,54.8
TOP09cz,2021-09-29,35,2,33,305,3694,153,3541,25.4
VeslavM,2021-09-29,1,1,0,411,714,696,18,23.9
Vit_Rakusan,2021-09-29,1,1,0,548,319,290,29,139.4
volimtrikoloru,2021-09-29,1,0,1,0,268,190,78,6
vonpecka,2021-09-29,3,2,1,20,845,592,253,16.3
zeleni_cz,2021-09-29,18,17,1,481,953,660,293,20.5
alenaschillerov,2021-09-28,5,3,2,134,1716,1541,175,60
AndrejBabis,2021-09-28,12,4,8,945,3410,851,2559,138.8
honzabartosek,2021-09-28,1,1,0,99,402,399,3,48
Jan_Skopecek,2021-09-28,5,3,2,137,796,705,91,141.5
jana_cernochova,2021-09-28,2,2,0,71,749,728,21,70.9
JanLipavsky,2021-09-28,3,0,3,0,1856,336,1520,53.4
jhamacek,2021-09-28,2,2,0,126,535,401,134,58.7
kalousekm,2021-09-28,29,29,0,6487,2974,2926,48,1342.5
KarelHavlicek_,2021-09-28,5,4,1,244,1205,888,317,39.2
kducsl,2021-09-28,12,0,12,0,4697,376,4321,16.1
Kuba_Martin,2021-09-28,1,1,0,0,1151,1151,0,138
makupka,2021-09-28,2,2,0,452,209,183,26,119.8
market_a,2021-09-28,5,5,0,2626,1023,850,173,738.9
milionchvilek,2021-09-28,1,0,1,0,336,238,98,49.1
MJureka,2021-09-28,9,9,0,1566,1616,1416,200,307.5
ODScz,2021-09-28,15,7,8,1430,4206,1455,2751,185
P_Fiala,2021-09-28,7,3,4,2183,1149,698,451,289.1
PiratIvanBartos,2021-09-28,4,3,1,968,935,868,67,333.8
PiratskaStrana,2021-09-28,12,8,4,2690,1575,661,914,105
Pospisil_Jiri,2021-09-28,1,0,1,0,477,403,74,103.1
SpoluKoalice,2021-09-28,17,3,14,878,4676,363,4313,77.9
STANcz,2021-09-28,6,1,5,1493,1154,326,828,33.7
TomasZdechovsky,2021-09-28,44,27,17,1505,8295,6269,2026,356
tomio_cz,2021-09-28,4,4,0,277,1018,1018,0,54.5
TOP09cz,2021-09-28,13,0,13,0,3659,151,3508,25.1
VeslavM,2021-09-28,3,3,0,103,713,695,18,23.5
vonpecka,2021-09-28,2,1,1,16,842,590,252,16.3
ZdenekHrib,2021-09-28,2,2,0,770,921,817,104,178.3
zeleni_cz,2021-09-28,11,10,1,631,935,643,292,20
alenaschillerov,2021-09-27,12,11,1,395,1711,1538,173,59.8
AndrejBabis,2021-09-27,19,3,16,174,3398,847,2551,137.9
czKSCM,2021-09-27,1,0,1,0,104,21,83,0.2
honzabartosek,2021-09-27,2,2,0,154,401,398,3,47.9
Jan_Skopecek,2021-09-27,4,4,0,467,791,702,89,141.4
JanLipavsky,2021-09-27,3,1,2,32,1853,336,1517,53.4
jhamacek,2021-09-27,2,2,0,199,533,399,134,58.5
kalousekm,2021-09-27,11,11,0,3572,2945,2897,48,1336
KarelHavlicek_,2021-09-27,10,6,4,246,1200,884,316,39
kducsl,2021-09-27,25,0,25,0,4685,376,4309,16.1
Kuba_Martin,2021-09-27,1,1,0,1,1150,1150,0,138
makupka,2021-09-27,1,1,0,379,207,181,26,119.4
market_a,2021-09-27,8,6,2,4202,1018,845,173,736.2
metnarl,2021-09-27,4,3,1,291,187,148,39,13.6
milionchvilek,2021-09-27,1,1,0,733,335,238,97,49.1
MJureka,2021-09-27,9,8,1,1322,1607,1407,200,305.9
ODScz,2021-09-27,31,18,13,3587,4191,1448,2743,183.5
olgarichterova,2021-09-27,1,0,1,0,570,518,52,43.7
P_Fiala,2021-09-27,18,8,10,3356,1142,695,447,286.9
PiratIvanBartos,2021-09-27,3,3,0,5421,931,865,66,332.9
PiratskaStrana,2021-09-27,6,3,3,979,1563,653,910,102.4
Pospisil_Jiri,2021-09-27,2,1,1,157,476,403,73,103.1
RobertSlachta,2021-09-27,4,0,4,0,219,132,87,4.8
SpoluKoalice,2021-09-27,38,5,33,1108,4659,360,4299,77
STANcz,2021-09-27,8,2,6,338,1148,325,823,32.2
TomasZdechovsky,2021-09-27,46,35,11,1545,8251,6242,2009,354.5
tomio_cz,2021-09-27,4,4,0,324,1014,1014,0,54.2
TOP09cz,2021-09-27,30,7,23,1111,3646,151,3495,25.1
VeslavM,2021-09-27,4,3,1,211,710,692,18,23.4
Vit_Rakusan,2021-09-27,1,1,0,1309,318,289,29,138.9
volimtrikoloru,2021-09-27,3,1,2,3,267,190,77,6
vonpecka,2021-09-27,3,3,0,291,840,589,251,16.2
zeleni_cz,2021-09-27,7,7,0,355,924,633,291,19.4
alenaschillerov,2021-09-26,5,4,1,214,1699,1527,172,59.4
AndrejBabis,2021-09-26,19,1,18,252,3379,844,2535,137.7
honzabartosek,2021-09-26,1,1,0,104,399,396,3,47.8
Jan_Skopecek,2021-09-26,10,7,3,817,787,698,89,140.9
JanLipavsky,2021-09-26,4,0,4,0,1850,335,1515,53.4
jhamacek,2021-09-26,1,1,0,147,531,397,134,58.3
kalousekm,2021-09-26,13,13,0,966,2934,2886,48,1332.4
KarelHavlicek_,2021-09-26,4,3,1,142,1190,878,312,38.7
kducsl,2021-09-26,26,5,21,208,4660,376,4284,16.1
Kuba_Martin,2021-09-26,43,43,0,2306,1149,1149,0,138
makupka,2021-09-26,1,1,0,318,206,180,26,119
market_a,2021-09-26,5,5,0,5382,1010,839,171,732
milionchvilek,2021-09-26,3,3,0,921,334,237,97,48.3
MJureka,2021-09-26,5,5,0,569,1598,1399,199,304.6
ODScz,2021-09-26,51,19,32,4486,4160,1430,2730,179.9
olgarichterova,2021-09-26,3,0,3,0,569,518,51,43.7
P_Fiala,2021-09-26,18,3,15,5946,1124,687,437,283.5
PavelSehnal64,2021-09-26,1,1,0,5,78,78,0,0.4
PiratIvanBartos,2021-09-26,6,4,2,2197,928,862,66,327.4
PiratskaStrana,2021-09-26,3,1,2,145,1557,650,907,101.4
Pospisil_Jiri,2021-09-26,1,1,0,419,474,402,72,102.9
RobertSlachta,2021-09-26,3,0,3,0,215,132,83,4.8
SpoluKoalice,2021-09-26,27,4,23,1895,4621,355,4266,75.9
STANcz,2021-09-26,33,12,21,7842,1140,323,817,31.9
TomasZdechovsky,2021-09-26,22,17,5,2817,8205,6207,1998,353
tomio_cz,2021-09-26,1,1,0,90,1010,1010,0,53.9
TOP09cz,2021-09-26,29,1,28,612,3616,144,3472,24
Vit_Rakusan,2021-09-26,2,2,0,8567,317,288,29,137.5
volimtrikoloru,2021-09-26,2,0,2,0,264,189,75,6
vonpecka,2021-09-26,1,0,1,0,837,586,251,15.9
ZdenekHrib,2021-09-26,5,5,0,1710,919,815,104,177.6
zeleni_cz,2021-09-26,11,11,0,377,917,626,291,19
alenaschillerov,2021-09-25,5,5,0,403,1694,1523,171,59.2
AndrejBabis,2021-09-25,13,0,13,0,3360,843,2517,137.5
Jan_Skopecek,2021-09-25,8,7,1,2153,777,691,86,140.1
jana_cernochova,2021-09-25,9,9,0,252,747,726,21,70.9
JanLipavsky,2021-09-25,3,0,3,0,1846,335,1511,53.4
jhamacek,2021-09-25,1,1,0,47,530,396,134,58.2
kalousekm,2021-09-25,15,15,0,3738,2921,2873,48,1331.5
KarelHavlicek_,2021-09-25,15,14,1,532,1186,875,311,38.6
kducsl,2021-09-25,16,0,16,0,4634,371,4263,15.9
makupka,2021-09-25,1,1,0,170,205,179,26,118.7
market_a,2021-09-25,6,6,0,1699,1005,834,171,726.7
metnarl,2021-09-25,1,1,0,68,183,145,38,13.3
MJureka,2021-09-25,1,0,1,0,1593,1394,199,304
ODScz,2021-09-25,16,6,10,1585,4109,1411,2698,175.5
olgarichterova,2021-09-25,2,1,1,0,566,518,48,43.7
P_Fiala,2021-09-25,3,3,0,1051,1106,684,422,277.6
PiratIvanBartos,2021-09-25,9,8,1,3820,922,858,64,325.2
PiratskaStrana,2021-09-25,4,2,2,771,1554,649,905,101.2
Pospisil_Jiri,2021-09-25,1,1,0,46,473,401,72,102.5
SpoluKoalice,2021-09-25,14,1,13,186,4594,351,4243,74
STANcz,2021-09-25,1,1,0,100,1107,311,796,24
TomasZdechovsky,2021-09-25,24,20,4,580,8183,6190,1993,350.2
tomio_cz,2021-09-25,3,3,0,230,1009,1009,0,53.8
TOP09cz,2021-09-25,3,0,3,0,3587,143,3444,23.4
VeslavM,2021-09-25,9,8,1,187,706,689,17,23.2
zeleni_cz,2021-09-25,2,1,1,0,906,615,291,18.7
alenaschillerov,2021-09-24,6,5,1,176,1689,1518,171,58.8
AndrejBabis,2021-09-24,15,4,11,383,3347,843,2504,137.5
Jan_Skopecek,2021-09-24,5,4,1,190,769,684,85,138
jana_cernochova,2021-09-24,3,3,0,1608,738,717,21,70.6
JanLipavsky,2021-09-24,2,0,2,0,1843,335,1508,53.4
jhamacek,2021-09-24,6,2,4,109,529,395,134,58.1
kalousekm,2021-09-24,12,12,0,2907,2906,2858,48,1327.7
KarelHavlicek_,2021-09-24,18,15,3,785,1171,861,310,38.1
kducsl,2021-09-24,20,0,20,0,4618,371,4247,15.9
makupka,2021-09-24,2,2,0,292,204,178,26,118.5
market_a,2021-09-24,2,2,0,4338,999,828,171,725
metnarl,2021-09-24,3,3,0,97,182,144,38,13.3
milionchvilek,2021-09-24,2,1,1,686,331,234,97,47.4
MJureka,2021-09-24,2,2,0,247,1592,1394,198,304
ODScz,2021-09-24,22,14,8,759,4093,1405,2688,173.9
olgarichterova,2021-09-24,2,2,0,388,564,517,47,43.7
P_Fiala,2021-09-24,7,4,3,2743,1103,681,422,276.5
PiratIvanBartos,2021-09-24,13,10,3,8055,913,850,63,321.4
PiratskaStrana,2021-09-24,15,8,7,1673,1550,647,903,100.5
Pospisil_Jiri,2021-09-24,2,2,0,331,472,400,72,102.4
SpoluKoalice,2021-09-24,49,1,48,345,4580,350,4230,73.9
STANcz,2021-09-24,5,2,3,607,1106,310,796,23.9
TomasCzernin,2021-09-24,1,1,0,157,191,186,5,100.6
TomasZdechovsky,2021-09-24,28,16,12,1019,8159,6170,1989,349.6
tomio_cz,2021-09-24,5,5,0,104,1006,1006,0,53.6
TOP09cz,2021-09-24,33,1,32,293,3584,143,3441,23.4
Vit_Rakusan,2021-09-24,1,1,0,2384,315,286,29,129
volimtrikoloru,2021-09-24,1,0,1,0,262,189,73,6
vonpecka,2021-09-24,3,2,1,22,836,586,250,15.9
zeleni_cz,2021-09-24,13,13,0,489,904,614,290,18.7
alenaschillerov,2021-09-23,5,5,0,326,1683,1513,170,58.6
AndrejBabis,2021-09-23,31,4,27,332,3332,839,2493,137.1
honzabartosek,2021-09-23,3,3,0,167,398,395,3,47.6
Jan_Skopecek,2021-09-23,8,7,1,763,764,680,84,137.8
JanLipavsky,2021-09-23,3,0,3,0,1841,335,1506,53.4
jhamacek,2021-09-23,4,1,3,53,523,393,130,58
kalousekm,2021-09-23,14,14,0,3725,2894,2846,48,1324.8
KarelHavlicek_,2021-09-23,16,15,1,333,1153,846,307,37.3
kducsl,2021-09-23,28,0,28,0,4598,371,4227,15.9
makupka,2021-09-23,1,1,0,581,202,176,26,118.2
market_a,2021-09-23,8,7,1,2003,997,826,171,720.6
MartinBaxa2,2021-09-23,1,0,1,0,136,127,9,40.7
milionchvilek,2021-09-23,2,2,0,418,329,233,96,46.7
MJureka,2021-09-23,15,14,1,3034,1590,1392,198,303.8
ODScz,2021-09-23,28,16,12,1097,4071,1391,2680,173.1
P_Fiala,2021-09-23,10,3,7,1121,1096,677,419,273.8
PiratIvanBartos,2021-09-23,3,3,0,766,900,840,60,313.4
PiratskaStrana,2021-09-23,8,5,3,1086,1535,639,896,98.8
Pospisil_Jiri,2021-09-23,4,4,0,280,470,398,72,102.1
RobertSlachta,2021-09-23,1,1,0,0,212,132,80,4.8
SpoluKoalice,2021-09-23,34,4,30,484,4531,349,4182,73.5
STANcz,2021-09-23,3,1,2,30,1101,308,793,23.3
TomasZdechovsky,2021-09-23,39,29,10,1968,8131,6154,1977,348.6
tomio_cz,2021-09-23,6,6,0,189,1001,1001,0,53.5
TOP09cz,2021-09-23,17,2,15,156,3551,142,3409,23.1
volimtrikoloru,2021-09-23,3,2,1,78,261,189,72,6
vonpecka,2021-09-23,3,1,2,9,833,584,249,15.9
ZdenekHrib,2021-09-23,3,3,0,796,914,810,104,175.8
zeleni_cz,2021-09-23,9,7,2,250,891,601,290,18.2
alenaschillerov,2021-09-22,11,10,1,258,1678,1508,170,58.3
AndrejBabis,2021-09-22,24,11,13,1676,3301,835,2466,136.8
Jan_Skopecek,2021-09-22,7,2,5,102,756,673,83,137
JanLipavsky,2021-09-22,1,0,1,0,1838,335,1503,53.4
jhamacek,2021-09-22,1,1,0,109,519,392,127,58
kalousekm,2021-09-22,17,17,0,2999,2880,2832,48,1321.1
KarelHavlicek_,2021-09-22,10,6,4,212,1137,831,306,37
kducsl,2021-09-22,25,5,20,230,4570,371,4199,15.9
market_a,2021-09-22,6,6,0,3482,989,819,170,718.6
metnarl,2021-09-22,1,1,0,34,179,141,38,13.2
milionchvilek,2021-09-22,2,2,0,275,327,231,96,46.3
MJureka,2021-09-22,2,2,0,1149,1575,1378,197,300.7
ODScz,2021-09-22,13,4,9,260,4043,1375,2668,172
P_Fiala,2021-09-22,7,3,4,1437,1086,674,412,272.7
PavelSehnal64,2021-09-22,1,1,0,1,77,77,0,0.4
PiratIvanBartos,2021-09-22,3,3,0,921,897,837,60,312.6
PiratskaStrana,2021-09-22,3,0,3,0,1527,634,893,97.7
Pospisil_Jiri,2021-09-22,1,1,0,210,466,394,72,101.8
RobertSlachta,2021-09-22,1,1,0,72,211,131,80,4.8
SpoluKoalice,2021-09-22,48,3,45,505,4497,345,4152,73
STANcz,2021-09-22,6,0,6,0,1098,307,791,23.3
TomasZdechovsky,2021-09-22,40,23,17,550,8092,6125,1967,346.6
tomio_cz,2021-09-22,3,3,0,277,995,995,0,53.3
TOP09cz,2021-09-22,33,0,33,0,3534,140,3394,23
VeslavM,2021-09-22,1,1,0,70,697,681,16,23
Vit_Rakusan,2021-09-22,2,2,0,367,314,285,29,126.6
volimtrikoloru,2021-09-22,5,3,2,136,258,187,71,6
vonpecka,2021-09-22,1,1,0,5,830,583,247,15.9
ZdenekHrib,2021-09-22,1,1,0,180,911,807,104,175
zeleni_cz,2021-09-22,30,25,5,788,882,594,288,17.9
alenaschillerov,2021-09-21,11,10,1,344,1667,1498,169,58.1
AndrejBabis,2021-09-21,19,2,17,117,3277,824,2453,135.1
czKSCM,2021-09-21,1,0,1,0,103,21,82,0.2
honzabartosek,2021-09-21,1,1,0,87,395,392,3,47.5
Jan_Skopecek,2021-09-21,6,4,2,283,749,671,78,136.9
jana_cernochova,2021-09-21,3,3,0,67,735,714,21,69
kalousekm,2021-09-21,14,14,0,5163,2863,2815,48,1318.1
KarelHavlicek_,2021-09-21,14,12,2,549,1127,825,302,36.7
kducsl,2021-09-21,33,2,31,119,4545,366,4179,15.7
makupka,2021-09-21,1,1,0,179,201,175,26,117.6
market_a,2021-09-21,8,7,1,3953,983,813,170,715.1
milionchvilek,2021-09-21,2,2,0,400,325,229,96,46
MJureka,2021-09-21,13,12,1,1838,1573,1376,197,299.6
ODScz,2021-09-21,24,7,17,413,4030,1371,2659,171.8
olgarichterova,2021-09-21,1,0,1,0,562,515,47,43.3
P_Fiala,2021-09-21,5,4,1,3489,1079,671,408,271.2
PiratIvanBartos,2021-09-21,4,4,0,2188,894,834,60,311.7
PiratskaStrana,2021-09-21,5,4,1,1405,1524,634,890,97.7
Pospisil_Jiri,2021-09-21,3,3,0,457,465,393,72,101.6
SpoluKoalice,2021-09-21,36,2,34,821,4449,342,4107,72.5
STANcz,2021-09-21,7,2,5,601,1092,307,785,23.3
TomasCzernin,2021-09-21,1,1,0,316,190,185,5,100.4
TomasZdechovsky,2021-09-21,43,29,14,1606,8052,6102,1950,346
tomio_cz,2021-09-21,4,4,0,194,992,992,0,53
TOP09cz,2021-09-21,38,1,37,223,3501,140,3361,23
VeslavM,2021-09-21,5,5,0,76,696,680,16,22.9
Vit_Rakusan,2021-09-21,2,2,0,519,312,283,29,126.2
volimtrikoloru,2021-09-21,3,0,3,0,253,184,69,5.8
ZdenekHrib,2021-09-21,1,0,1,0,910,806,104,174.9
zeleni_cz,2021-09-21,9,8,1,463,852,569,283,17.1
alenaschillerov,2021-09-20,10,9,1,169,1656,1488,168,57.7
AndrejBabis,2021-09-20,31,6,25,406,3258,822,2436,135
general_pavel,2021-09-20,2,2,0,1590,174,173,1,110.5
honzabartosek,2021-09-20,2,2,0,100,394,391,3,47.4
Jan_Skopecek,2021-09-20,12,6,6,1333,743,667,76,136.6
jana_cernochova,2021-09-20,2,2,0,965,732,711,21,68.9
jhamacek,2021-09-20,2,2,0,124,518,391,127,57.9
kalousekm,2021-09-20,10,10,0,7523,2849,2801,48,1312.9
KarelHavlicek_,2021-09-20,10,9,1,317,1113,813,300,36.2
kducsl,2021-09-20,33,3,30,178,4512,364,4148,15.6
makupka,2021-09-20,2,1,1,2,200,174,26,117.4
market_a,2021-09-20,7,6,1,5371,975,806,169,711.2
MartinBaxa2,2021-09-20,1,0,1,0,135,127,8,40.7
metnarl,2021-09-20,1,1,0,477,178,140,38,13.1
milionchvilek,2021-09-20,10,10,0,486,323,227,96,45.6
MJureka,2021-09-20,19,18,1,3175,1560,1364,196,297.7
ODScz,2021-09-20,128,70,58,5180,4006,1364,2642,171.3
P_Fiala,2021-09-20,33,24,9,10889,1074,667,407,267.8
PavelSehnal64,2021-09-20,1,1,0,2,76,76,0,0.4
PiratIvanBartos,2021-09-20,16,14,2,1072,890,830,60,309.5
PiratskaStrana,2021-09-20,7,3,4,469,1519,630,889,96.3
Pospisil_Jiri,2021-09-20,2,1,1,147,462,390,72,101.2
SpoluKoalice,2021-09-20,81,9,72,2951,4413,340,4073,71.7
STANcz,2021-09-20,6,1,5,180,1085,305,780,22.7
TomasZdechovsky,2021-09-20,50,29,21,2303,8009,6073,1936,344.4
tomio_cz,2021-09-20,3,3,0,363,988,988,0,52.8
TOP09cz,2021-09-20,23,3,20,888,3463,139,3324,22.7
VeslavM,2021-09-20,1,1,0,33,691,675,16,22.9
Vit_Rakusan,2021-09-20,2,2,0,806,310,281,29,125.7
volimtrikoloru,2021-09-20,1,0,1,0,250,184,66,5.8
vonpecka,2021-09-20,5,4,1,60,829,582,247,15.9
ZdenekHrib,2021-09-20,7,6,1,431,909,806,103,174.9
zeleni_cz,2021-09-20,4,3,1,180,843,561,282,16.7
alenaschillerov,2021-09-19,8,7,1,260,1646,1479,167,57.5
AndrejBabis,2021-09-19,7,2,5,232,3227,816,2411,134.6
Jan_Skopecek,2021-09-19,5,5,0,553,731,661,70,135.3
jana_cernochova,2021-09-19,2,2,0,94,730,709,21,68
JanLipavsky,2021-09-19,3,0,3,0,1837,335,1502,53.4
kalousekm,2021-09-19,5,5,0,3902,2839,2791,48,1305.4
KarelHavlicek_,2021-09-19,4,3,1,138,1103,804,299,35.9
kducsl,2021-09-19,14,1,13,14,4479,361,4118,15.4
makupka,2021-09-19,1,1,0,400,198,173,25,117.4
market_a,2021-09-19,4,4,0,6334,968,800,168,705.8
metnarl,2021-09-19,1,1,0,114,177,139,38,12.6
MJureka,2021-09-19,2,2,0,154,1541,1346,195,294.6
ODScz,2021-09-19,12,4,8,2729,3878,1294,2584,166.2
olgarichterova,2021-09-19,2,0,2,0,561,515,46,43.3
P_Fiala,2021-09-19,7,2,5,538,1041,643,398,256.9
PiratIvanBartos,2021-09-19,8,6,2,1065,874,816,58,308.4
PiratskaStrana,2021-09-19,1,1,0,755,1512,627,885,95.8
RobertSlachta,2021-09-19,1,1,0,14,210,130,80,4.8
SpoluKoalice,2021-09-19,18,2,16,681,4332,331,4001,68.8
STANcz,2021-09-19,4,1,3,446,1079,304,775,22.5
TomasZdechovsky,2021-09-19,50,38,12,2142,7959,6044,1915,342.1
tomio_cz,2021-09-19,4,4,0,105,985,985,0,52.5
TOP09cz,2021-09-19,8,0,8,0,3440,136,3304,21.9
VeslavM,2021-09-19,3,3,0,56,690,674,16,22.8
Vit_Rakusan,2021-09-19,3,2,1,398,308,279,29,124.9
volimtrikoloru,2021-09-19,1,0,1,0,249,184,65,5.8
vonpecka,2021-09-19,3,1,2,13,824,578,246,15.8
Zbynek_Stanjura,2021-09-19,1,1,0,1457,35,28,7,31.7
ZdenekHrib,2021-09-19,4,4,0,1937,902,800,102,174.4
zeleni_cz,2021-09-19,1,0,1,0,839,558,281,16.5
alenaschillerov,2021-09-18,6,6,0,321,1638,1472,166,57.3
AndrejBabis,2021-09-18,18,3,15,352,3220,814,2406,134.3
Jan_Skopecek,2021-09-18,8,6,2,176,726,656,70,134.8
jana_cernochova,2021-09-18,4,4,0,147,728,707,21,67.9
kalousekm,2021-09-18,6,6,0,1494,2834,2786,48,1301.5
KarelHavlicek_,2021-09-18,7,6,1,272,1099,801,298,35.7
kducsl,2021-09-18,7,0,7,0,4465,360,4105,15.4
market_a,2021-09-18,4,3,1,1988,964,796,168,699.5
metnarl,2021-09-18,2,2,0,90,176,138,38,12.5
MJureka,2021-09-18,6,6,0,2299,1539,1344,195,294.4
ODScz,2021-09-18,8,4,4,757,3866,1290,2576,163.4
olgarichterova,2021-09-18,1,0,1,0,559,515,44,43.3
P_Fiala,2021-09-18,7,2,5,354,1034,641,393,256.3
PiratIvanBartos,2021-09-18,8,8,0,821,866,810,56,307.4
PiratskaStrana,2021-09-18,1,1,0,120,1511,626,885,95.1
Pospisil_Jiri,2021-09-18,1,0,1,0,460,389,71,101
RobertSlachta,2021-09-18,1,0,1,0,209,129,80,4.8
SpoluKoalice,2021-09-18,18,2,16,382,4314,329,3985,68.1
STANcz,2021-09-18,3,1,2,122,1075,303,772,22.1
TomasZdechovsky,2021-09-18,23,12,11,651,7909,6006,1903,340
tomio_cz,2021-09-18,7,7,0,416,981,981,0,52.4
TOP09cz,2021-09-18,9,0,9,0,3432,136,3296,21.9
VeslavM,2021-09-18,6,5,1,1200,687,671,16,22.8
zeleni_cz,2021-09-18,5,3,2,19,838,558,280,16.5
alenaschillerov,2021-09-17,6,4,2,168,1632,1466,166,57
AndrejBabis,2021-09-17,10,4,6,544,3202,811,2391,134
honzabartosek,2021-09-17,1,1,0,213,392,389,3,47.3
Jan_Skopecek,2021-09-17,4,4,0,715,718,650,68,134.6
jana_cernochova,2021-09-17,5,5,0,1187,724,703,21,67.7
JanLipavsky,2021-09-17,4,1,3,75,1834,335,1499,53.4
jhamacek,2021-09-17,2,2,0,121,516,389,127,57.7
KarelHavlicek_,2021-09-17,9,7,2,170,1092,795,297,35.5
kducsl,2021-09-17,31,4,27,39,4458,360,4098,15.4
market_a,2021-09-17,4,4,0,3066,960,793,167,697.5
MartinBaxa2,2021-09-17,1,0,1,0,134,127,7,40.7
metnarl,2021-09-17,1,1,0,23,174,136,38,12.4
milionchvilek,2021-09-17,3,1,2,234,313,217,96,45.2
MJureka,2021-09-17,9,6,3,2492,1533,1338,195,292.1
ODScz,2021-09-17,20,8,12,1904,3858,1286,2572,162.7
olgarichterova,2021-09-17,1,0,1,0,558,515,43,43.3
P_Fiala,2021-09-17,4,2,2,1831,1027,639,388,256
PiratIvanBartos,2021-09-17,14,14,0,1275,858,802,56,306.5
PiratskaStrana,2021-09-17,6,0,6,0,1510,625,885,95
Pospisil_Jiri,2021-09-17,3,2,1,372,459,389,70,101
RobertSlachta,2021-09-17,4,4,0,113,208,129,79,4.8
SpoluKoalice,2021-09-17,45,7,38,1443,4296,327,3969,67.7
STANcz,2021-09-17,4,1,3,15,1072,302,770,21.9
TomasCzernin,2021-09-17,1,1,0,449,189,184,5,100.1
TomasZdechovsky,2021-09-17,32,19,13,747,7886,5994,1892,339.3
tomio_cz,2021-09-17,4,4,0,54,974,974,0,51.9
TOP09cz,2021-09-17,21,0,21,0,3423,136,3287,21.9
VeslavM,2021-09-17,1,1,0,35,681,666,15,21.6
Vit_Rakusan,2021-09-17,3,3,0,2514,305,277,28,124.5
volimtrikoloru,2021-09-17,2,1,1,141,248,184,64,5.8
vonpecka,2021-09-17,5,2,3,52,821,577,244,15.8
ZdenekHrib,2021-09-17,3,3,0,150,898,796,102,172.5
zeleni_cz,2021-09-17,3,3,0,112,833,555,278,16.5
alenaschillerov,2021-09-16,11,11,0,388,1626,1462,164,56.8
AndrejBabis,2021-09-16,13,7,6,1126,3192,807,2385,133.4
general_pavel,2021-09-16,1,1,0,485,172,171,1,108.9
Jan_Skopecek,2021-09-16,4,3,1,732,714,646,68,133.9
jana_cernochova,2021-09-16,3,3,0,148,719,698,21,66.5
JanLipavsky,2021-09-16,7,3,4,330,1830,334,1496,53.3
kalousekm,2021-09-16,2,2,0,3027,2828,2780,48,1300
KarelHavlicek_,2021-09-16,10,8,2,277,1083,788,295,35.3
kducsl,2021-09-16,18,1,17,112,4427,356,4071,15.4
market_a,2021-09-16,6,6,0,2865,956,789,167,694.4
milionchvilek,2021-09-16,1,1,0,2,310,216,94,44.9
MJureka,2021-09-16,4,1,3,1442,1524,1332,192,289.6
ODScz,2021-09-16,23,14,9,1679,3838,1278,2560,160.8
olgarichterova,2021-09-16,2,0,2,0,557,515,42,43.3
P_Fiala,2021-09-16,13,6,7,847,1023,637,386,254.1
PiratIvanBartos,2021-09-16,6,6,0,566,844,788,56,305.3
PiratskaStrana,2021-09-16,10,7,3,4076,1504,625,879,95
Pospisil_Jiri,2021-09-16,4,4,0,596,456,387,69,100.6
RobertSlachta,2021-09-16,4,3,1,118,204,125,79,4.6
SpoluKoalice,2021-09-16,41,10,31,1586,4251,320,3931,66.2
STANcz,2021-09-16,7,2,5,194,1068,301,767,21.9
TomasZdechovsky,2021-09-16,47,31,16,1434,7854,5975,1879,338.6
TOP09cz,2021-09-16,17,0,17,0,3402,136,3266,21.9
VeslavM,2021-09-16,2,2,0,90,680,665,15,21.5
Vit_Rakusan,2021-09-16,1,1,0,179,302,274,28,122
volimtrikoloru,2021-09-16,2,1,1,13,246,183,63,5.7
vonpecka,2021-09-16,1,1,0,11,816,575,241,15.8
Zbynek_Stanjura,2021-09-16,1,1,0,1578,34,27,7,30.2
ZdenekHrib,2021-09-16,3,3,0,262,895,793,102,172.3
zeleni_cz,2021-09-16,3,3,0,72,830,552,278,16.4
alenaschillerov,2021-09-15,7,6,1,297,1615,1451,164,56.4
AndrejBabis,2021-09-15,16,6,10,1247,3179,800,2379,132.3
honzabartosek,2021-09-15,6,6,0,456,391,388,3,47.1
Jan_Skopecek,2021-09-15,5,5,0,1536,710,643,67,133.1
jana_cernochova,2021-09-15,1,0,1,0,716,695,21,66.4
JanLipavsky,2021-09-15,6,1,5,207,1823,331,1492,53
jhamacek,2021-09-15,3,1,2,160,514,387,127,57.6
kalousekm,2021-09-15,18,18,0,6648,2826,2778,48,1297
KarelHavlicek_,2021-09-15,8,4,4,142,1073,780,293,35
kducsl,2021-09-15,31,5,26,304,4409,355,4054,15.2
makupka,2021-09-15,3,3,0,2239,197,172,25,117
market_a,2021-09-15,6,5,1,4513,950,783,167,691.6
milionchvilek,2021-09-15,1,1,0,196,309,215,94,44.9
MJureka,2021-09-15,13,13,0,2265,1520,1331,189,288.2
ODScz,2021-09-15,19,10,9,1325,3815,1264,2551,159.1
olgarichterova,2021-09-15,2,1,1,188,555,515,40,43.3
P_Fiala,2021-09-15,9,2,7,1138,1010,631,379,253.3
PiratIvanBartos,2021-09-15,9,8,1,7400,838,782,56,304.7
PiratskaStrana,2021-09-15,20,11,9,1811,1494,618,876,90.9
Pospisil_Jiri,2021-09-15,2,2,0,515,452,383,69,100
RobertSlachta,2021-09-15,1,0,1,0,200,122,78,4.5
SpoluKoalice,2021-09-15,26,2,24,1201,4210,310,3900,64.7
STANcz,2021-09-15,16,5,11,626,1061,299,762,21.7
TomasCzernin,2021-09-15,1,1,0,320,188,183,5,99.6
TomasZdechovsky,2021-09-15,98,76,22,2684,7807,5944,1863,337.2
tomio_cz,2021-09-15,7,7,0,413,970,970,0,51.9
TOP09cz,2021-09-15,18,0,18,0,3385,136,3249,21.9
VeslavM,2021-09-15,4,4,0,150,678,663,15,21.5
Vit_Rakusan,2021-09-15,1,1,0,1800,301,273,28,121.8
volimtrikoloru,2021-09-15,2,0,2,0,244,182,62,5.7
vonpecka,2021-09-15,18,14,4,20,815,574,241,15.8
Zbynek_Stanjura,2021-09-15,1,1,0,3095,33,26,7,28.7
zeleni_cz,2021-09-15,5,4,1,198,827,549,278,16.3
alenaschillerov,2021-09-14,10,9,1,211,1608,1445,163,56.1
AndrejBabis,2021-09-14,14,5,9,1104,3163,794,2369,131.1
Jan_Skopecek,2021-09-14,6,6,0,722,705,638,67,131.6
jana_cernochova,2021-09-14,3,3,0,321,715,695,20,66.4
JanLipavsky,2021-09-14,2,0,2,0,1817,330,1487,52.8
jhamacek,2021-09-14,1,1,0,22,511,386,125,57.5
kalousekm,2021-09-14,3,3,0,375,2808,2760,48,1290.3
KarelHavlicek_,2021-09-14,11,9,2,371,1065,776,289,34.9
kducsl,2021-09-14,23,2,21,103,4378,350,4028,14.9
makupka,2021-09-14,2,2,0,2462,194,169,25,114.8
market_a,2021-09-14,3,3,0,3650,944,778,166,687
metnarl,2021-09-14,1,1,0,35,173,135,38,12.4
milionchvilek,2021-09-14,1,1,0,140,308,214,94,44.7
MJureka,2021-09-14,11,10,1,552,1507,1318,189,285.9
ODScz,2021-09-14,22,10,12,611,3796,1254,2542,157.8
olgarichterova,2021-09-14,3,3,0,227,553,514,39,43.1
P_Fiala,2021-09-14,3,3,0,1541,1001,629,372,252.2
PavelSehnal64,2021-09-14,2,2,0,4,75,75,0,0.4
PiratIvanBartos,2021-09-14,5,5,0,326,829,774,55,297.3
PiratskaStrana,2021-09-14,4,0,4,0,1474,607,867,89.1
RobertSlachta,2021-09-14,1,1,0,214,199,122,77,4.5
SpoluKoalice,2021-09-14,27,1,26,40,4184,308,3876,63.5
STANcz,2021-09-14,6,1,5,114,1045,294,751,21.1
TomasZdechovsky,2021-09-14,44,34,10,2956,7709,5868,1841,334.5
tomio_cz,2021-09-14,5,5,0,218,963,963,0,51.5
TOP09cz,2021-09-14,13,1,12,17,3367,136,3231,21.9
VeslavM,2021-09-14,2,2,0,113,674,659,15,21.3
Vit_Rakusan,2021-09-14,1,1,0,439,300,272,28,120
volimtrikoloru,2021-09-14,4,0,4,0,242,182,60,5.7
vonpecka,2021-09-14,5,3,2,51,797,560,237,15.8
ZdenekHrib,2021-09-14,8,8,0,694,892,790,102,172.1
zeleni_cz,2021-09-14,4,4,0,264,822,545,277,16.1
alenaschillerov,2021-09-13,12,11,1,268,1598,1436,162,55.9
AndrejBabis,2021-09-13,9,2,7,378,3149,789,2360,129.9
czKSCM,2021-09-13,1,0,1,0,102,21,81,0.2
Jan_Skopecek,2021-09-13,5,4,1,1019,699,632,67,130.9
JanLipavsky,2021-09-13,4,0,4,0,1815,330,1485,52.8
jhamacek,2021-09-13,1,1,0,63,510,385,125,57.4
kalousekm,2021-09-13,12,12,0,5171,2805,2757,48,1290
KarelHavlicek_,2021-09-13,6,5,1,199,1054,767,287,34.5
kducsl,2021-09-13,12,0,12,0,4355,348,4007,14.8
makupka,2021-09-13,1,1,0,1409,192,167,25,112.3
market_a,2021-09-13,3,3,0,3377,941,775,166,683.4
metnarl,2021-09-13,1,1,0,208,172,134,38,12.4
MJureka,2021-09-13,4,3,1,602,1496,1308,188,285.4
ODScz,2021-09-13,22,16,6,777,3774,1244,2530,157.2
P_Fiala,2021-09-13,6,2,4,1876,998,626,372,250.6
PiratIvanBartos,2021-09-13,7,5,2,1441,824,769,55,297
PiratskaStrana,2021-09-13,9,2,7,426,1470,607,863,89.1
Pospisil_Jiri,2021-09-13,3,2,1,499,450,381,69,99.5
SpoluKoalice,2021-09-13,26,1,25,256,4157,307,3850,63.4
STANcz,2021-09-13,6,4,2,1315,1039,293,746,21
TomasZdechovsky,2021-09-13,37,26,11,1105,7665,5834,1831,331.5
tomio_cz,2021-09-13,4,4,0,338,958,958,0,51.3
TOP09cz,2021-09-13,10,0,10,0,3354,135,3219,21.8
VeslavM,2021-09-13,6,6,0,157,672,657,15,21.2
Vit_Rakusan,2021-09-13,3,3,0,818,299,271,28,119.6
vonpecka,2021-09-13,1,1,0,4,792,557,235,15.7
Zbynek_Stanjura,2021-09-13,1,0,1,0,32,25,7,25.6
zeleni_cz,2021-09-13,5,2,3,95,818,541,277,15.8
alenaschillerov,2021-09-12,4,3,1,144,1586,1425,161,55.6
AndrejBabis,2021-09-12,1,1,0,215,3140,787,2353,129.6
czKSCM,2021-09-12,2,0,2,0,101,21,80,0.2
Jan_Skopecek,2021-09-12,2,2,0,566,694,628,66,129.8
jana_cernochova,2021-09-12,4,4,0,307,712,692,20,66.1
jhamacek,2021-09-12,2,2,0,207,509,384,125,57.4
kalousekm,2021-09-12,13,13,0,3629,2793,2745,48,1284.8
KarelHavlicek_,2021-09-12,1,0,1,0,1048,762,286,34.3
kducsl,2021-09-12,10,0,10,0,4343,348,3995,14.8
makupka,2021-09-12,1,1,0,498,191,166,25,110.9
market_a,2021-09-12,1,1,0,276,938,772,166,680
metnarl,2021-09-12,2,2,0,43,171,133,38,12.2
MJureka,2021-09-12,6,5,1,1187,1492,1305,187,284.8
ODScz,2021-09-12,21,8,13,620,3752,1228,2524,156.4
P_Fiala,2021-09-12,3,3,0,3828,992,624,368,248.7
PiratIvanBartos,2021-09-12,6,6,0,1317,817,764,53,295.5
PiratskaStrana,2021-09-12,1,0,1,0,1461,605,856,88.6
RobertSlachta,2021-09-12,1,1,0,13,198,121,77,4.3
SpoluKoalice,2021-09-12,26,1,25,521,4131,306,3825,63.2
STANcz,2021-09-12,2,0,2,0,1033,289,744,19.7
TomasZdechovsky,2021-09-12,21,12,9,1504,7628,5808,1820,330.4
tomio_cz,2021-09-12,3,3,0,257,954,954,0,50.9
TOP09cz,2021-09-12,14,0,14,0,3344,135,3209,21.8
VeslavM,2021-09-12,3,3,0,21,666,651,15,21
Vit_Rakusan,2021-09-12,1,1,0,195,296,268,28,118.8
volimtrikoloru,2021-09-12,12,12,0,85,238,182,56,5.7
Zbynek_Stanjura,2021-09-12,2,2,0,1854,31,25,6,25.6
ZdenekHrib,2021-09-12,1,1,0,47,884,782,102,171.4
alenaschillerov,2021-09-11,12,12,0,324,1582,1422,160,55.5
AndrejBabis,2021-09-11,11,3,8,478,3139,786,2353,129.4
honzabartosek,2021-09-11,2,2,0,4,385,382,3,46.6
Jan_Skopecek,2021-09-11,2,2,0,85,692,626,66,129.3
jana_cernochova,2021-09-11,1,1,0,118,708,688,20,65.8
JanLipavsky,2021-09-11,3,0,3,0,1811,330,1481,52.8
jhamacek,2021-09-11,1,1,0,85,507,382,125,57.2
kalousekm,2021-09-11,7,7,0,1263,2780,2732,48,1281.2
KarelHavlicek_,2021-09-11,11,10,1,344,1047,762,285,34.3
kducsl,2021-09-11,18,1,17,24,4333,348,3985,14.8
makupka,2021-09-11,1,1,0,66,190,165,25,110.4
market_a,2021-09-11,3,2,1,672,937,771,166,679.7
MartinBaxa2,2021-09-11,1,1,0,125,133,127,6,40.7
metnarl,2021-09-11,1,1,0,31,169,131,38,12.1
MJureka,2021-09-11,7,6,1,904,1486,1300,186,283.6
ODScz,2021-09-11,15,6,9,365,3731,1220,2511,155.8
P_Fiala,2021-09-11,10,6,4,1356,989,621,368,244.9
PavelSehnal64,2021-09-11,1,1,0,4,73,73,0,0.4
PiratIvanBartos,2021-09-11,1,1,0,314,811,758,53,294.2
PiratskaStrana,2021-09-11,1,0,1,0,1460,605,855,88.6
Pospisil_Jiri,2021-09-11,2,1,1,72,447,379,68,99
SpoluKoalice,2021-09-11,45,3,42,699,4105,305,3800,62.6
STANcz,2021-09-11,4,0,4,0,1031,289,742,19.7
TomasZdechovsky,2021-09-11,42,29,13,691,7607,5796,1811,328.9
tomio_cz,2021-09-11,2,2,0,563,951,951,0,50.7
VeslavM,2021-09-11,1,1,0,0,663,648,15,21
Vit_Rakusan,2021-09-11,13,13,0,830,295,267,28,118.6
volimtrikoloru,2021-09-11,4,0,4,0,226,170,56,5.6
Zbynek_Stanjura,2021-09-11,2,2,0,325,29,23,6,23.7
ZdenekHrib,2021-09-11,1,1,0,123,883,781,102,171.3
zeleni_cz,2021-09-11,7,6,1,246,813,539,274,15.7
alenaschillerov,2021-09-10,15,15,0,481,1570,1410,160,55.2
AndrejBabis,2021-09-10,19,4,15,339,3128,783,2345,128.9
honzabartosek,2021-09-10,1,1,0,164,383,380,3,46.6
Jan_Skopecek,2021-09-10,4,4,0,776,690,624,66,129.2
jana_cernochova,2021-09-10,3,3,0,81,707,687,20,65.6
JanLipavsky,2021-09-10,3,0,3,0,1808,330,1478,52.8
jhamacek,2021-09-10,2,2,0,288,506,381,125,57.1
kalousekm,2021-09-10,8,8,0,3834,2773,2725,48,1279.9
KarelHavlicek_,2021-09-10,6,5,1,266,1036,752,284,34
kducsl,2021-09-10,15,1,14,17,4315,347,3968,14.8
makupka,2021-09-10,1,1,0,2521,189,164,25,110.4
market_a,2021-09-10,2,1,1,437,934,769,165,679.1
metnarl,2021-09-10,3,3,0,146,168,130,38,12.1
MJureka,2021-09-10,3,2,1,927,1479,1294,185,282.7
ODScz,2021-09-10,15,8,7,1562,3716,1214,2502,155.4
P_Fiala,2021-09-10,3,2,1,329,979,615,364,243.6
PavelSehnal64,2021-09-10,1,1,0,0,72,72,0,0.4
PiratIvanBartos,2021-09-10,4,2,2,840,810,757,53,293.9
PiratskaStrana,2021-09-10,11,7,4,1500,1459,605,854,88.6
Pospisil_Jiri,2021-09-10,2,1,1,237,445,378,67,99
SpoluKoalice,2021-09-10,17,3,14,819,4060,302,3758,61.9
STANcz,2021-09-10,7,1,6,84,1027,289,738,19.7
TomasCzernin,2021-09-10,2,2,0,300,187,182,5,99.3
TomasZdechovsky,2021-09-10,22,13,9,1995,7565,5767,1798,328.2
tomio_cz,2021-09-10,2,2,0,181,949,949,0,50.1
TOP09cz,2021-09-10,25,0,25,0,3330,135,3195,21.8
VeslavM,2021-09-10,21,19,2,341,662,647,15,21
Vit_Rakusan,2021-09-10,5,5,0,980,282,254,28,117.7
volimtrikoloru,2021-09-10,1,0,1,0,222,170,52,5.6
zeleni_cz,2021-09-10,11,11,0,624,806,533,273,15.5
alenaschillerov,2021-09-09,11,11,0,224,1555,1395,160,54.7
AndrejBabis,2021-09-09,11,7,4,520,3109,779,2330,128.5
honzabartosek,2021-09-09,1,1,0,217,382,379,3,46.5
Jan_Skopecek,2021-09-09,6,6,0,761,686,620,66,128.4
JanLipavsky,2021-09-09,6,0,6,0,1805,330,1475,52.8
jhamacek,2021-09-09,1,0,1,0,504,379,125,56.8
kalousekm,2021-09-09,26,26,0,2467,2765,2717,48,1276.1
KarelHavlicek_,2021-09-09,8,8,0,233,1030,747,283,33.7
kducsl,2021-09-09,15,0,15,0,4300,346,3954,14.8
makupka,2021-09-09,1,1,0,119,188,163,25,107.8
market_a,2021-09-09,5,4,1,1161,932,768,164,678.6
MartinBaxa2,2021-09-09,1,1,0,1122,132,126,6,40.6
MJureka,2021-09-09,18,17,1,2741,1476,1292,184,281.7
ODScz,2021-09-09,22,11,11,655,3701,1206,2495,153.8
olgarichterova,2021-09-09,3,3,0,222,550,511,39,42.9
P_Fiala,2021-09-09,8,2,6,673,976,613,363,243.2
PavelSehnal64,2021-09-09,1,1,0,3,71,71,0,0.4
PiratIvanBartos,2021-09-09,3,3,0,1776,806,755,51,293.1
PiratskaStrana,2021-09-09,7,3,4,727,1448,598,850,87.1
Pospisil_Jiri,2021-09-09,1,1,0,226,443,377,66,98.7
SpoluKoalice,2021-09-09,40,1,39,170,4043,299,3744,61.1
STANcz,2021-09-09,6,1,5,107,1020,288,732,19.6
TomasZdechovsky,2021-09-09,40,26,14,1378,7543,5754,1789,326.2
tomio_cz,2021-09-09,3,3,0,172,947,947,0,49.9
TOP09cz,2021-09-09,19,0,19,0,3305,135,3170,21.8
VeslavM,2021-09-09,4,4,0,102,641,628,13,20.7
Vit_Rakusan,2021-09-09,2,2,0,1055,277,249,28,116.8
volimtrikoloru,2021-09-09,2,2,0,100,221,170,51,5.6
vonpecka,2021-09-09,3,2,1,8,791,556,235,15.7
ZdenekHrib,2021-09-09,2,0,2,0,882,780,102,171.2
zeleni_cz,2021-09-09,9,8,1,68,795,522,273,14.9
alenaschillerov,2021-09-08,8,8,0,163,1544,1384,160,54.5
AndrejBabis,2021-09-08,15,6,9,718,3098,772,2326,128
honzabartosek,2021-09-08,3,3,0,5,381,378,3,46.2
Jan_Skopecek,2021-09-08,4,4,0,2287,680,614,66,127.7
jana_cernochova,2021-09-08,1,1,0,381,704,684,20,65.6
JanLipavsky,2021-09-08,2,0,2,0,1799,330,1469,52.8
jhamacek,2021-09-08,1,1,0,135,503,379,124,56.8
kalousekm,2021-09-08,11,11,0,1491,2739,2691,48,1273.6
KarelHavlicek_,2021-09-08,4,3,1,100,1022,739,283,33.5
kducsl,2021-09-08,23,2,21,109,4285,346,3939,14.8
makupka,2021-09-08,1,1,0,235,187,162,25,107.7
market_a,2021-09-08,5,3,2,2411,927,764,163,677.5
metnarl,2021-09-08,1,0,1,0,165,127,38,12
MJureka,2021-09-08,16,15,1,1365,1458,1275,183,279
ODScz,2021-09-08,22,9,13,1198,3679,1195,2484,153.2
olgarichterova,2021-09-08,3,2,1,84,547,508,39,42.7
P_Fiala,2021-09-08,11,2,9,454,968,611,357,242.6
PiratskaStrana,2021-09-08,2,0,2,0,1441,595,846,86.4
Pospisil_Jiri,2021-09-08,2,1,1,105,442,376,66,98.5
RobertSlachta,2021-09-08,9,3,6,339,197,120,77,4.3
SpoluKoalice,2021-09-08,30,5,25,658,4003,298,3705,61
STANcz,2021-09-08,10,2,8,140,1014,287,727,19.5
TomasZdechovsky,2021-09-08,40,27,13,1164,7503,5728,1775,324.9
tomio_cz,2021-09-08,4,4,0,254,944,944,0,49.7
TOP09cz,2021-09-08,16,0,16,0,3286,135,3151,21.8
VeslavM,2021-09-08,7,7,0,273,637,624,13,20.6
Vit_Rakusan,2021-09-08,2,2,0,401,275,247,28,115.7
volimtrikoloru,2021-09-08,2,0,2,0,219,168,51,5.5
vonpecka,2021-09-08,2,2,0,71,788,554,234,15.7
ZdenekHrib,2021-09-08,2,2,0,587,880,780,100,171.2
zeleni_cz,2021-09-08,28,27,1,605,786,514,272,14.8
alenaschillerov,2021-09-07,9,8,1,218,1536,1376,160,54.3
AndrejBabis,2021-09-07,25,3,22,686,3083,766,2317,127.3
honzabartosek,2021-09-07,2,2,0,321,378,375,3,46.2
Jan_Skopecek,2021-09-07,3,2,1,74,676,610,66,125.4
jana_cernochova,2021-09-07,1,1,0,118,703,683,20,65.2
JanLipavsky,2021-09-07,7,0,7,0,1797,330,1467,52.8
kalousekm,2021-09-07,15,15,0,2846,2728,2680,48,1272.1
KarelHavlicek_,2021-09-07,8,3,5,182,1018,736,282,33.4
kducsl,2021-09-07,20,0,20,0,4262,344,3918,14.7
makupka,2021-09-07,1,1,0,792,186,161,25,107.5
market_a,2021-09-07,3,3,0,2228,922,761,161,675.1
MartinBaxa2,2021-09-07,1,0,1,0,131,125,6,39.5
metnarl,2021-09-07,1,1,0,43,164,127,37,12
MJureka,2021-09-07,4,4,0,3926,1442,1260,182,277.6
ODScz,2021-09-07,16,10,6,1617,3657,1186,2471,152
olgarichterova,2021-09-07,1,1,0,162,544,506,38,42.6
P_Fiala,2021-09-07,5,3,2,1073,957,609,348,242.1
PavelSehnal64,2021-09-07,1,1,0,8,70,70,0,0.4
PiratIvanBartos,2021-09-07,2,2,0,445,803,752,51,291.3
PiratskaStrana,2021-09-07,2,0,2,0,1439,595,844,86.4
Pospisil_Jiri,2021-09-07,2,0,2,0,440,375,65,98.4
SpoluKoalice,2021-09-07,25,3,22,467,3973,293,3680,60.3
STANcz,2021-09-07,7,2,5,442,1004,285,719,19.3
TomasCzernin,2021-09-07,1,1,0,155,185,180,5,99
TomasZdechovsky,2021-09-07,50,42,8,873,7463,5701,1762,323.7
tomio_cz,2021-09-07,2,2,0,232,940,940,0,49.5
TOP09cz,2021-09-07,26,1,25,214,3270,135,3135,21.8
VeslavM,2021-09-07,1,1,0,0,630,617,13,20.3
volimtrikoloru,2021-09-07,7,4,3,112,217,168,49,5.5
vonpecka,2021-09-07,3,2,1,52,786,552,234,15.6
ZdenekHrib,2021-09-07,8,6,2,3320,878,778,100,170.6
zeleni_cz,2021-09-07,12,12,0,101,758,487,271,14.2
alenaschillerov,2021-09-06,18,18,0,439,1527,1368,159,54.1
AndrejBabis,2021-09-06,20,8,12,971,3058,763,2295,126.6
honzabartosek,2021-09-06,2,2,0,647,376,373,3,45.9
Jan_Skopecek,2021-09-06,2,2,0,631,673,608,65,125.3
jana_cernochova,2021-09-06,12,12,0,557,702,682,20,65.1
JanLipavsky,2021-09-06,3,0,3,0,1790,330,1460,52.8
jhamacek,2021-09-06,2,2,0,111,502,378,124,56.7
kalousekm,2021-09-06,5,5,0,2294,2713,2665,48,1269.3
KarelHavlicek_,2021-09-06,9,6,3,246,1010,733,277,33.2
kducsl,2021-09-06,14,0,14,0,4242,344,3898,14.7
market_a,2021-09-06,6,4,2,3488,919,758,161,672.8
milionchvilek,2021-09-06,1,1,0,99,307,213,94,44.6
MJureka,2021-09-06,1,1,0,23,1438,1256,182,273.7
ODScz,2021-09-06,20,11,9,1112,3641,1176,2465,150.4
olgarichterova,2021-09-06,1,0,1,0,543,505,38,42.4
P_Fiala,2021-09-06,7,2,5,1007,952,606,346,241
PiratIvanBartos,2021-09-06,3,2,1,1366,801,750,51,290.8
PiratskaStrana,2021-09-06,4,3,1,771,1437,595,842,86.4
Pospisil_Jiri,2021-09-06,1,1,0,109,438,375,63,98.4
SpoluKoalice,2021-09-06,28,2,26,333,3948,290,3658,59.8
STANcz,2021-09-06,3,1,2,111,997,283,714,18.9
TomasZdechovsky,2021-09-06,57,45,12,2185,7413,5659,1754,322.8
tomio_cz,2021-09-06,3,3,0,126,938,938,0,49.3
TOP09cz,2021-09-06,29,0,29,0,3244,134,3110,21.6
VeslavM,2021-09-06,3,3,0,56,629,616,13,20.3
Vit_Rakusan,2021-09-06,2,2,0,469,273,245,28,115.3
volimtrikoloru,2021-09-06,1,0,1,0,210,164,46,5.4
vonpecka,2021-09-06,2,1,1,20,783,550,233,15.6
ZdenekHrib,2021-09-06,2,1,1,355,870,772,98,167.3
zeleni_cz,2021-09-06,6,5,1,470,746,475,271,14.1
alenaschillerov,2021-09-05,5,4,1,133,1509,1350,159,53.6
AndrejBabis,2021-09-05,10,2,8,501,3038,755,2283,125.6
Jan_Skopecek,2021-09-05,1,1,0,1580,671,606,65,124.7
jana_cernochova,2021-09-05,8,8,0,1015,690,670,20,64.5
kalousekm,2021-09-05,7,7,0,6110,2708,2660,48,1267
KarelHavlicek_,2021-09-05,6,4,2,284,1001,727,274,32.9
kducsl,2021-09-05,15,4,11,325,4228,344,3884,14.7
makupka,2021-09-05,1,1,0,1161,185,160,25,106.7
market_a,2021-09-05,1,1,0,2083,913,754,159,669.3
metnarl,2021-09-05,1,1,0,42,163,126,37,11.9
MJureka,2021-09-05,4,4,0,2024,1437,1255,182,273.7
ODScz,2021-09-05,17,10,7,1921,3621,1165,2456,149.3
P_Fiala,2021-09-05,9,3,6,3808,945,604,341,240
PiratIvanBartos,2021-09-05,1,1,0,650,798,748,50,289.5
PiratskaStrana,2021-09-05,4,2,2,163,1433,592,841,85.6
Pospisil_Jiri,2021-09-05,1,1,0,347,437,374,63,98.3
RobertSlachta,2021-09-05,1,1,0,9,188,117,71,4
SpoluKoalice,2021-09-05,21,1,20,610,3920,288,3632,59.5
STANcz,2021-09-05,3,1,2,39,994,282,712,18.8
TomasZdechovsky,2021-09-05,25,15,10,2138,7356,5614,1742,320.6
tomio_cz,2021-09-05,4,4,0,193,935,935,0,49.1
TOP09cz,2021-09-05,5,1,4,345,3215,134,3081,21.6
VeslavM,2021-09-05,4,4,0,131,626,613,13,20.2
vojtafilip,2021-09-05,1,1,0,31,74,74,0,6.4
Zbynek_Stanjura,2021-09-05,1,0,1,0,27,21,6,23.4
zeleni_cz,2021-09-05,3,3,0,1,740,470,270,13.6
alenaschillerov,2021-09-04,4,4,0,173,1504,1346,158,53.5
czKSCM,2021-09-04,1,0,1,0,99,21,78,0.2
Jan_Skopecek,2021-09-04,5,4,1,434,670,605,65,123.1
jana_cernochova,2021-09-04,8,8,0,951,682,662,20,63.5
JanLipavsky,2021-09-04,1,0,1,0,1787,330,1457,52.8
jhamacek,2021-09-04,1,1,0,232,500,376,124,56.6
kalousekm,2021-09-04,3,3,0,6633,2701,2653,48,1260.9
KarelHavlicek_,2021-09-04,3,3,0,116,995,723,272,32.7
kducsl,2021-09-04,8,0,8,0,4213,340,3873,14.4
market_a,2021-09-04,3,1,2,310,912,753,159,667.3
MartinBaxa2,2021-09-04,2,2,0,253,130,125,5,39.5
MJureka,2021-09-04,1,1,0,1632,1433,1251,182,271.7
ODScz,2021-09-04,18,7,11,1025,3604,1155,2449,147.3
P_Fiala,2021-09-04,5,2,3,1323,936,601,335,236.2
PiratIvanBartos,2021-09-04,7,7,0,2016,797,747,50,288.8
PiratskaStrana,2021-09-04,8,4,4,1210,1429,590,839,85.5
Pospisil_Jiri,2021-09-04,1,0,1,0,436,373,63,97.9
SpoluKoalice,2021-09-04,5,0,5,0,3899,287,3612,58.9
STANcz,2021-09-04,3,2,1,418,991,281,710,18.8
TomasCzernin,2021-09-04,1,1,0,1742,184,179,5,98.9
TomasZdechovsky,2021-09-04,11,9,2,695,7331,5599,1732,318.5
tomio_cz,2021-09-04,4,4,0,307,931,931,0,48.9
VeslavM,2021-09-04,2,2,0,2,622,609,13,20.1
ZdenekHrib,2021-09-04,1,1,0,287,868,771,97,167
zeleni_cz,2021-09-04,2,2,0,88,737,467,270,13.6
alenaschillerov,2021-09-03,6,4,2,82,1500,1342,158,53.3
AndrejBabis,2021-09-03,17,6,11,888,3028,753,2275,125.1
Jan_Skopecek,2021-09-03,4,4,0,595,665,601,64,122.7
jana_cernochova,2021-09-03,3,3,0,595,674,654,20,62.5
JanLipavsky,2021-09-03,1,0,1,0,1786,330,1456,52.8
kalousekm,2021-09-03,6,6,0,3912,2698,2650,48,1254.2
KarelHavlicek_,2021-09-03,11,7,4,276,992,720,272,32.5
kducsl,2021-09-03,19,2,17,89,4205,340,3865,14.4
makupka,2021-09-03,1,1,0,1261,184,159,25,105.5
market_a,2021-09-03,1,1,0,438,909,752,157,667
metnarl,2021-09-03,3,3,0,169,162,125,37,11.9
MJureka,2021-09-03,4,4,0,728,1432,1250,182,270
ODScz,2021-09-03,29,14,15,1022,3586,1148,2438,146.3
P_Fiala,2021-09-03,5,2,3,912,931,599,332,234.9
PiratIvanBartos,2021-09-03,4,3,1,870,790,740,50,286.8
PiratskaStrana,2021-09-03,8,2,6,661,1421,586,835,84.3
Pospisil_Jiri,2021-09-03,2,2,0,263,435,373,62,97.9
SpoluKoalice,2021-09-03,29,2,27,987,3894,287,3607,58.9
STANcz,2021-09-03,5,1,4,92,988,279,709,18.3
TomasZdechovsky,2021-09-03,33,23,10,270,7320,5590,1730,317.8
tomio_cz,2021-09-03,3,3,0,276,927,927,0,48.6
TOP09cz,2021-09-03,11,0,11,0,3210,133,3077,21.3
VeslavM,2021-09-03,6,5,1,7,620,607,13,20.1
Vit_Rakusan,2021-09-03,1,1,0,223,271,243,28,114.8
volimtrikoloru,2021-09-03,3,0,3,0,209,164,45,5.4
vonpecka,2021-09-03,3,3,0,49,781,549,232,15.5
zeleni_cz,2021-09-03,15,13,2,362,735,465,270,13.5
alenaschillerov,2021-09-02,5,5,0,189,1494,1338,156,53.2
AndrejBabis,2021-09-02,3,1,2,190,3011,747,2264,124.3
czKSCM,2021-09-02,2,0,2,0,98,21,77,0.2
Jan_Skopecek,2021-09-02,7,6,1,481,661,597,64,122.1
jana_cernochova,2021-09-02,1,1,0,256,671,651,20,62
JanLipavsky,2021-09-02,5,0,5,0,1785,330,1455,52.8
jhamacek,2021-09-02,4,3,1,386,499,375,124,56.3
kalousekm,2021-09-02,12,12,0,6166,2692,2644,48,1250.3
KarelHavlicek_,2021-09-02,3,3,0,121,981,713,268,32.3
kducsl,2021-09-02,12,0,12,0,4186,338,3848,14.3
market_a,2021-09-02,5,4,1,3555,908,751,157,666.5
MartinBaxa2,2021-09-02,1,0,1,0,128,123,5,39.2
metnarl,2021-09-02,1,1,0,12,159,122,37,11.7
milionchvilek,2021-09-02,1,0,1,0,306,212,94,44.5
MJureka,2021-09-02,16,14,2,3215,1428,1246,182,269.3
ODScz,2021-09-02,13,9,4,888,3557,1134,2423,145.3
olgarichterova,2021-09-02,2,2,0,185,542,505,37,42.4
P_Fiala,2021-09-02,5,3,2,1647,926,597,329,234
PiratIvanBartos,2021-09-02,5,2,3,499,786,737,49,285.9
PiratskaStrana,2021-09-02,7,5,2,957,1413,584,829,83.6
Pospisil_Jiri,2021-09-02,2,2,0,1074,433,371,62,97.7
SpoluKoalice,2021-09-02,16,2,14,3111,3865,285,3580,57.9
STANcz,2021-09-02,10,0,10,0,983,278,705,18.2
TomasCzernin,2021-09-02,1,1,0,278,183,178,5,97.1
TomasZdechovsky,2021-09-02,38,29,9,2911,7287,5567,1720,317.5
tomio_cz,2021-09-02,1,1,0,61,924,924,0,48.4
TOP09cz,2021-09-02,15,0,15,0,3199,133,3066,21.3
VeslavM,2021-09-02,4,4,0,147,614,602,12,20.1
Vit_Rakusan,2021-09-02,3,3,0,728,270,242,28,114.6
volimtrikoloru,2021-09-02,5,4,1,103,206,164,42,5.4
Zbynek_Stanjura,2021-09-02,1,0,1,0,26,21,5,23.4
ZdenekHrib,2021-09-02,1,0,1,0,867,770,97,166.7
zeleni_cz,2021-09-02,4,3,1,61,720,452,268,13.2
alenaschillerov,2021-09-01,11,11,0,311,1489,1333,156,53.1
AndrejBabis,2021-09-01,16,8,8,713,3008,746,2262,124.1
general_pavel,2021-09-01,1,1,0,328,171,170,1,108.4
Jan_Skopecek,2021-09-01,4,4,0,171,654,591,63,121.6
jana_cernochova,2021-09-01,3,3,0,255,670,650,20,61.7
JanLipavsky,2021-09-01,3,1,2,96,1780,330,1450,52.8
jhamacek,2021-09-01,3,2,1,92,495,372,123,55.9
kalousekm,2021-09-01,20,20,0,6143,2680,2632,48,1244.1
KarelHavlicek_,2021-09-01,2,2,0,69,978,710,268,32.1
kducsl,2021-09-01,28,7,21,1435,4174,338,3836,14.3
makupka,2021-09-01,1,1,0,48,183,158,25,104.3
market_a,2021-09-01,5,4,1,3189,903,747,156,663
MartinBaxa2,2021-09-01,1,1,0,568,127,123,4,39.2
milionchvilek,2021-09-01,1,1,0,616,305,212,93,44.5
MJureka,2021-09-01,2,2,0,1114,1412,1232,180,266.1
ODScz,2021-09-01,17,6,11,292,3544,1125,2419,144.4
olgarichterova,2021-09-01,1,1,0,1642,540,503,37,42.3
P_Fiala,2021-09-01,10,7,3,2468,921,594,327,232.3
PiratIvanBartos,2021-09-01,10,8,2,1276,781,735,46,285.4
PiratskaStrana,2021-09-01,15,9,6,2617,1406,579,827,82.7
Pospisil_Jiri,2021-09-01,3,2,1,364,431,369,62,96.6
SpoluKoalice,2021-09-01,31,3,28,294,3849,283,3566,54.8
STANcz,2021-09-01,12,1,11,546,973,278,695,18.2
TomasCzernin,2021-09-01,1,1,0,892,182,177,5,96.8
TomasZdechovsky,2021-09-01,65,42,23,2415,7249,5538,1711,314.6
tomio_cz,2021-09-01,2,2,0,143,923,923,0,48.3
TOP09cz,2021-09-01,24,1,23,207,3184,133,3051,21.3
VeslavM,2021-09-01,1,1,0,132,610,598,12,20
Vit_Rakusan,2021-09-01,6,6,0,1516,267,239,28,113.9
volimtrikoloru,2021-09-01,1,0,1,0,201,160,41,5.3
vonpecka,2021-09-01,3,1,2,10,778,546,232,15.5
ZdenekHrib,2021-09-01,4,4,0,480,866,770,96,166.7
zeleni_cz,2021-09-01,1,1,0,0,716,449,267,13.1
alenaschillerov,2021-08-31,8,8,0,210,1478,1322,156,52.7
AndrejBabis,2021-08-31,13,6,7,401,2992,738,2254,123.4
honzabartosek,2021-08-31,1,1,0,434,374,371,3,45.3
Jan_Skopecek,2021-08-31,6,6,0,550,650,587,63,121.4
jana_cernochova,2021-08-31,1,1,0,175,667,647,20,61.4
JanLipavsky,2021-08-31,2,0,2,0,1777,329,1448,52.7
jhamacek,2021-08-31,2,1,1,28,492,370,122,55.8
kalousekm,2021-08-31,20,19,1,5319,2660,2612,48,1238
KarelHavlicek_,2021-08-31,8,6,2,412,976,708,268,32.1
kducsl,2021-08-31,28,0,28,0,4146,331,3815,12.8
makupka,2021-08-31,1,1,0,374,182,157,25,104.2
market_a,2021-08-31,2,2,0,4922,898,743,155,659.8
MartinBaxa2,2021-08-31,1,0,1,0,126,122,4,38.7
metnarl,2021-08-31,1,1,0,35,158,121,37,11.7
milionchvilek,2021-08-31,2,2,0,202,304,211,93,43.9
MJureka,2021-08-31,10,10,0,1508,1410,1230,180,265
ODScz,2021-08-31,21,7,14,1004,3527,1119,2408,144.1
olgarichterova,2021-08-31,5,4,1,262,539,502,37,40.6
P_Fiala,2021-08-31,8,6,2,2898,911,587,324,229.9
PiratIvanBartos,2021-08-31,7,7,0,1777,771,727,44,284.2
PiratskaStrana,2021-08-31,9,5,4,187,1391,570,821,80
Pospisil_Jiri,2021-08-31,1,1,0,277,428,367,61,96.2
RobertSlachta,2021-08-31,7,4,3,240,187,116,71,3.9
SpoluKoalice,2021-08-31,30,2,28,358,3818,280,3538,54.5
STANcz,2021-08-31,56,39,17,1904,961,277,684,17.7
TomasCzernin,2021-08-31,2,2,0,750,181,176,5,96
TomasZdechovsky,2021-08-31,86,65,21,2115,7184,5496,1688,312.2
tomio_cz,2021-08-31,2,2,0,33,921,921,0,48.2
TOP09cz,2021-08-31,11,1,10,110,3160,132,3028,21.1
VeslavM,2021-08-31,12,12,0,2283,609,597,12,19.8
Vit_Rakusan,2021-08-31,2,2,0,1954,261,233,28,112.4
volimtrikoloru,2021-08-31,4,3,1,78,200,160,40,5.3
vonpecka,2021-08-31,3,3,0,31,775,545,230,15.5
zeleni_cz,2021-08-31,8,7,1,571,715,448,267,13.1
alenaschillerov,2021-08-30,6,6,0,219,1470,1314,156,52.5
AndrejBabis,2021-08-30,16,0,16,0,2979,732,2247,123
Jan_Skopecek,2021-08-30,2,2,0,228,644,581,63,120.9
jana_cernochova,2021-08-30,1,1,0,51,666,646,20,61.3
JanLipavsky,2021-08-30,2,0,2,0,1775,329,1446,52.7
kalousekm,2021-08-30,2,2,0,1676,2640,2593,47,1232.7
KarelHavlicek_,2021-08-30,11,8,3,259,968,702,266,31.7
kducsl,2021-08-30,19,2,17,64,4118,331,3787,12.8
makupka,2021-08-30,1,1,0,550,181,156,25,103.9
market_a,2021-08-30,3,3,0,2209,896,741,155,654.9
metnarl,2021-08-30,1,1,0,75,157,120,37,11.7
milionchvilek,2021-08-30,1,1,0,688,302,209,93,43.7
MJureka,2021-08-30,3,3,0,898,1400,1220,180,263.5
ODScz,2021-08-30,17,12,5,275,3506,1112,2394,143.1
olgarichterova,2021-08-30,2,2,0,116,534,498,36,40.4
P_Fiala,2021-08-30,2,1,1,939,903,581,322,227
PiratIvanBartos,2021-08-30,7,6,1,2029,764,720,44,282.4
PiratskaStrana,2021-08-30,7,1,6,1286,1382,565,817,79.8
Pospisil_Jiri,2021-08-30,1,1,0,249,427,366,61,96
SpoluKoalice,2021-08-30,24,1,23,516,3788,278,3510,54.1
STANcz,2021-08-30,6,1,5,71,905,238,667,15.8
TomasCzernin,2021-08-30,1,1,0,472,179,174,5,95.2
TomasZdechovsky,2021-08-30,42,28,14,1576,7098,5431,1667,310.1
tomio_cz,2021-08-30,2,2,0,44,919,919,0,48.1
TOP09cz,2021-08-30,22,1,21,320,3149,131,3018,21
VeslavM,2021-08-30,3,3,0,555,597,585,12,17.5
Vit_Rakusan,2021-08-30,1,1,0,723,259,231,28,110.4
vojtafilip,2021-08-30,1,1,0,199,73,73,0,6.4
vonpecka,2021-08-30,3,1,2,36,772,542,230,15.5
ZdenekHrib,2021-08-30,2,0,2,0,862,766,96,166.2
zeleni_cz,2021-08-30,3,1,2,59,707,441,266,12.5
alenaschillerov,2021-08-29,4,2,2,140,1464,1308,156,52.3
AndrejBabis,2021-08-29,14,4,10,864,2963,732,2231,123
Jan_Skopecek,2021-08-29,3,2,1,139,642,579,63,120.6
JanLipavsky,2021-08-29,5,0,5,0,1773,329,1444,52.7
jhamacek,2021-08-29,1,1,0,6,490,369,121,55.8
kalousekm,2021-08-29,17,17,0,2317,2638,2591,47,1231
KarelHavlicek_,2021-08-29,5,2,3,302,957,694,263,31.4
kducsl,2021-08-29,11,5,6,308,4099,329,3770,12.8
Kuba_Martin,2021-08-29,9,9,0,747,1106,1106,0,135.7
market_a,2021-08-29,2,2,0,1775,893,738,155,652.6
MJureka,2021-08-29,6,6,0,1008,1397,1217,180,262.6
ODScz,2021-08-29,14,7,7,2354,3489,1100,2389,142.8
P_Fiala,2021-08-29,6,4,2,3565,901,580,321,226
RobertSlachta,2021-08-29,3,2,1,24,180,112,68,3.7
SpoluKoalice,2021-08-29,13,1,12,250,3764,277,3487,53.6
STANcz,2021-08-29,6,1,5,74,899,237,662,15.7
TomasZdechovsky,2021-08-29,2,0,2,0,7056,5403,1653,308.5
tomio_cz,2021-08-29,4,4,0,201,917,917,0,48.1
TOP09cz,2021-08-29,2,0,2,0,3127,130,2997,20.6
VeslavM,2021-08-29,16,15,1,2591,594,582,12,17
Vit_Rakusan,2021-08-29,1,1,0,977,258,230,28,109.7
volimtrikoloru,2021-08-29,1,0,1,0,196,157,39,5.2
vonpecka,2021-08-29,1,0,1,0,769,541,228,15.4
zeleni_cz,2021-08-29,6,5,1,243,704,440,264,12.5
alenaschillerov,2021-08-28,5,4,1,162,1460,1306,154,52.2
AndrejBabis,2021-08-28,13,2,11,469,2949,728,2221,122.1
Jan_Skopecek,2021-08-28,6,6,0,738,639,577,62,120.5
JanLipavsky,2021-08-28,2,0,2,0,1768,329,1439,52.7
kalousekm,2021-08-28,6,6,0,3461,2621,2574,47,1228.7
KarelHavlicek_,2021-08-28,6,5,1,222,952,692,260,31.1
kducsl,2021-08-28,5,0,5,0,4088,324,3764,12.5
market_a,2021-08-28,2,2,0,1538,891,736,155,650.9
MartinBaxa2,2021-08-28,1,0,1,0,125,122,3,38.7
MJureka,2021-08-28,1,1,0,12,1391,1211,180,261.6
ODScz,2021-08-28,8,2,6,324,3475,1093,2382,140.5
P_Fiala,2021-08-28,2,2,0,680,895,576,319,222.5
Pospisil_Jiri,2021-08-28,2,1,1,278,426,365,61,95.7
RobertSlachta,2021-08-28,1,0,1,0,177,110,67,3.7
SpoluKoalice,2021-08-28,23,1,22,503,3751,276,3475,53.4
STANcz,2021-08-28,9,1,8,35,893,236,657,15.7
tomio_cz,2021-08-28,3,3,0,211,913,913,0,47.9
TOP09cz,2021-08-28,16,0,16,0,3125,130,2995,20.6
VeslavM,2021-08-28,2,2,0,87,578,567,11,14.4
Vit_Rakusan,2021-08-28,1,1,0,459,257,229,28,108.7
zeleni_cz,2021-08-28,8,7,1,179,698,435,263,12.2
alenaschillerov,2021-08-27,8,7,1,214,1455,1302,153,52
AndrejBabis,2021-08-27,22,8,14,779,2936,726,2210,121.6
Jan_Skopecek,2021-08-27,8,8,0,425,633,571,62,119.8
jana_cernochova,2021-08-27,4,4,0,676,665,645,20,61.2
JanLipavsky,2021-08-27,4,1,3,51,1766,329,1437,52.7
jhamacek,2021-08-27,1,1,0,36,489,368,121,55.8
kalousekm,2021-08-27,16,16,0,10661,2615,2568,47,1225.2
KarelHavlicek_,2021-08-27,5,5,0,244,946,687,259,30.9
kducsl,2021-08-27,10,0,10,0,4083,324,3759,12.5
makupka,2021-08-27,1,1,0,1615,180,155,25,103.3
market_a,2021-08-27,5,5,0,2337,889,734,155,649.3
metnarl,2021-08-27,2,2,0,172,156,119,37,11.6
milionchvilek,2021-08-27,6,5,1,2414,301,208,93,43
ODScz,2021-08-27,21,10,11,512,3467,1091,2376,140.1
olgarichterova,2021-08-27,2,2,0,147,532,496,36,40.2
P_Fiala,2021-08-27,6,5,1,2430,893,574,319,221.8
PiratIvanBartos,2021-08-27,2,2,0,1165,757,714,43,280.4
PiratskaStrana,2021-08-27,4,1,3,79,1375,564,811,78.6
RobertSlachta,2021-08-27,1,1,0,4,176,110,66,3.7
SpoluKoalice,2021-08-27,16,2,14,160,3728,275,3453,52.9
STANcz,2021-08-27,5,0,5,0,884,235,649,15.6
TomasZdechovsky,2021-08-27,42,33,9,2422,7054,5403,1651,308.5
tomio_cz,2021-08-27,4,4,0,175,910,910,0,47.7
TOP09cz,2021-08-27,11,0,11,0,3109,130,2979,20.6
VeslavM,2021-08-27,8,8,0,142,576,565,11,14.3
Vit_Rakusan,2021-08-27,3,3,0,700,256,228,28,108.2
ZdenekHrib,2021-08-27,3,3,0,344,860,766,94,166.2
zeleni_cz,2021-08-27,13,12,1,389,690,428,262,12
alenaschillerov,2021-08-26,8,8,0,269,1447,1295,152,51.8
AndrejBabis,2021-08-26,12,0,12,0,2914,718,2196,120.8
Jan_Skopecek,2021-08-26,2,2,0,179,625,563,62,119.3
jana_cernochova,2021-08-26,8,8,0,2277,661,641,20,60.5
JanLipavsky,2021-08-26,6,1,5,1,1762,328,1434,52.6
kalousekm,2021-08-26,16,15,1,3716,2599,2552,47,1214.6
KarelHavlicek_,2021-08-26,8,4,4,199,941,682,259,30.6
kducsl,2021-08-26,21,3,18,160,4073,324,3749,12.5
market_a,2021-08-26,4,4,0,1631,884,729,155,647
milionchvilek,2021-08-26,1,1,0,22,295,203,92,40.6
MJureka,2021-08-26,4,3,1,401,1390,1210,180,261.5
ODScz,2021-08-26,24,11,13,672,3446,1081,2365,139.6
olgarichterova,2021-08-26,2,1,1,264,530,494,36,40.1
P_Fiala,2021-08-26,18,3,15,688,887,569,318,219.3
PiratIvanBartos,2021-08-26,8,8,0,889,755,712,43,279.2
PiratskaStrana,2021-08-26,4,0,4,0,1371,563,808,78.5
Pospisil_Jiri,2021-08-26,2,1,1,399,424,364,60,95.4
RobertSlachta,2021-08-26,1,0,1,0,175,109,66,3.7
SpoluKoalice,2021-08-26,23,2,21,555,3712,273,3439,52.7
STANcz,2021-08-26,7,0,7,0,879,235,644,15.6
TomasCzernin,2021-08-26,2,2,0,334,178,173,5,94.7
TomasZdechovsky,2021-08-26,39,25,14,1336,7012,5370,1642,306.1
tomio_cz,2021-08-26,3,3,0,229,906,906,0,47.5
TOP09cz,2021-08-26,22,1,21,228,3098,130,2968,20.6
VeslavM,2021-08-26,4,4,0,337,568,557,11,14.2
Vit_Rakusan,2021-08-26,5,5,0,921,253,225,28,107.5
volimtrikoloru,2021-08-26,2,2,0,49,195,157,38,5.2
zeleni_cz,2021-08-26,14,14,0,286,677,416,261,11.7
alenaschillerov,2021-08-25,8,8,0,208,1439,1287,152,51.5
AndrejBabis,2021-08-25,23,7,16,683,2902,718,2184,120.8
general_pavel,2021-08-25,1,1,0,238,170,169,1,108.1
honzabartosek,2021-08-25,1,1,0,44,373,370,3,44.8
Jan_Skopecek,2021-08-25,4,3,1,2123,623,561,62,119.2
JanLipavsky,2021-08-25,5,0,5,0,1756,327,1429,52.6
kalousekm,2021-08-25,8,7,1,3751,2583,2537,46,1210.8
KarelHavlicek_,2021-08-25,7,5,2,356,933,678,255,30.4
kducsl,2021-08-25,32,2,30,120,4052,321,3731,12.3
Kuba_Martin,2021-08-25,21,21,0,4186,1097,1097,0,135
makupka,2021-08-25,2,0,2,0,179,154,25,101.7
market_a,2021-08-25,2,2,0,1437,880,725,155,645.4
MartinBaxa2,2021-08-25,1,0,1,0,124,122,2,38.7
metnarl,2021-08-25,5,5,0,211,154,117,37,11.4
milionchvilek,2021-08-25,1,1,0,209,294,202,92,40.5
MJureka,2021-08-25,5,5,0,1486,1386,1207,179,261.1
ODScz,2021-08-25,28,12,16,1956,3422,1070,2352,139
P_Fiala,2021-08-25,9,3,6,3229,869,566,303,218.7
PiratIvanBartos,2021-08-25,2,2,0,2966,747,704,43,278.3
PiratskaStrana,2021-08-25,4,0,4,0,1367,563,804,78.5
Pospisil_Jiri,2021-08-25,1,1,0,36,422,363,59,95
RobertSlachta,2021-08-25,2,0,2,0,174,109,65,3.7
SpoluKoalice,2021-08-25,22,3,19,625,3689,271,3418,52.2
STANcz,2021-08-25,2,0,2,0,872,235,637,15.6
TomasZdechovsky,2021-08-25,56,39,17,1913,6973,5345,1628,304.8
tomio_cz,2021-08-25,4,4,0,413,903,903,0,47.3
TOP09cz,2021-08-25,20,1,19,90,3076,129,2947,20.4
VeslavM,2021-08-25,7,7,0,153,564,553,11,13.8
volimtrikoloru,2021-08-25,3,2,1,51,193,155,38,5.1
vonpecka,2021-08-25,1,0,1,0,768,541,227,15.4
zeleni_cz,2021-08-25,4,4,0,126,663,402,261,11.4
alenaschillerov,2021-08-24,10,8,2,230,1431,1279,152,51.3
AndrejBabis,2021-08-24,17,5,12,413,2879,711,2168,120.2
general_pavel,2021-08-24,1,1,0,127,169,168,1,107.8
honzabartosek,2021-08-24,2,2,0,73,372,369,3,44.8
Jan_Skopecek,2021-08-24,4,4,0,257,619,558,61,117
jana_cernochova,2021-08-24,4,4,0,48,653,633,20,58.3
JanLipavsky,2021-08-24,2,0,2,0,1751,327,1424,52.6
kalousekm,2021-08-24,15,15,0,6450,2575,2530,45,1207.1
KarelHavlicek_,2021-08-24,4,2,2,119,926,673,253,30.1
kducsl,2021-08-24,10,2,8,97,4020,319,3701,12.2
Kuba_Martin,2021-08-24,20,20,0,234,1076,1076,0,130.8
makupka,2021-08-24,1,1,0,1560,177,154,23,101.7
market_a,2021-08-24,3,2,1,1164,878,723,155,643.9
MJureka,2021-08-24,2,2,0,434,1381,1202,179,259.7
ODScz,2021-08-24,12,3,9,321,3394,1058,2336,137
P_Fiala,2021-08-24,6,2,4,1038,860,563,297,215.4
PiratIvanBartos,2021-08-24,4,4,0,385,745,702,43,275.3
PiratskaStrana,2021-08-24,3,1,2,152,1363,563,800,78.5
Pospisil_Jiri,2021-08-24,1,1,0,159,421,362,59,95
RobertSlachta,2021-08-24,1,0,1,0,172,109,63,3.7
SpoluKoalice,2021-08-24,13,2,11,409,3667,268,3399,51.5
STANcz,2021-08-24,4,1,3,73,870,235,635,15.6
TomasCzernin,2021-08-24,1,1,0,244,176,171,5,94.4
TomasZdechovsky,2021-08-24,31,24,7,2190,6917,5306,1611,302.8
tomio_cz,2021-08-24,6,6,0,229,899,899,0,46.9
TOP09cz,2021-08-24,21,1,20,530,3056,128,2928,20.3
VeslavM,2021-08-24,1,0,1,0,557,546,11,13.7
Vit_Rakusan,2021-08-24,1,0,1,0,248,220,28,106.6
volimtrikoloru,2021-08-24,7,3,4,109,190,153,37,5.1
vonpecka,2021-08-24,2,1,1,17,767,541,226,15.4
ZdenekHrib,2021-08-24,1,1,0,307,857,763,94,165.8
zeleni_cz,2021-08-24,11,10,1,782,659,398,261,11.2
alenaschillerov,2021-08-23,10,10,0,329,1421,1271,150,51.1
AndrejBabis,2021-08-23,11,1,10,86,2862,706,2156,119.7
general_pavel,2021-08-23,1,1,0,454,168,167,1,107.7
honzabartosek,2021-08-23,2,2,0,81,370,367,3,44.7
Jan_Skopecek,2021-08-23,2,2,0,316,615,554,61,116.8
jana_cernochova,2021-08-23,6,5,1,60,649,629,20,58.2
JanLipavsky,2021-08-23,4,0,4,0,1749,327,1422,52.6
kalousekm,2021-08-23,12,11,1,4327,2560,2515,45,1200.6
KarelHavlicek_,2021-08-23,5,4,1,356,922,671,251,30
kducsl,2021-08-23,19,3,16,126,4010,317,3693,12.1
Kuba_Martin,2021-08-23,6,6,0,371,1056,1056,0,130.6
makupka,2021-08-23,1,1,0,1172,176,153,23,100.1
market_a,2021-08-23,3,3,0,2664,875,721,154,642.8
MJureka,2021-08-23,3,3,0,245,1379,1200,179,259.2
ODScz,2021-08-23,18,7,11,1515,3382,1055,2327,136.7
olgarichterova,2021-08-23,2,1,1,414,528,493,35,39.8
P_Fiala,2021-08-23,6,4,2,1837,854,561,293,214.4
PiratIvanBartos,2021-08-23,5,5,0,1096,741,698,43,275
PiratskaStrana,2021-08-23,12,11,1,1137,1360,562,798,78.3
Pospisil_Jiri,2021-08-23,1,1,0,791,420,361,59,94.8
RobertSlachta,2021-08-23,1,0,1,0,171,109,62,3.7
SpoluKoalice,2021-08-23,12,0,12,0,3654,266,3388,51.1
TomasCzernin,2021-08-23,2,2,0,1949,175,170,5,94.2
TomasZdechovsky,2021-08-23,42,32,10,1454,6886,5282,1604,300.7
tomio_cz,2021-08-23,5,5,0,164,893,893,0,46.6
TOP09cz,2021-08-23,25,1,24,96,3035,127,2908,19.8
volimtrikoloru,2021-08-23,3,1,2,95,183,150,33,5
zeleni_cz,2021-08-23,8,8,0,580,648,388,260,10.5
alenaschillerov,2021-08-22,5,4,1,451,1411,1261,150,50.8
AndrejBabis,2021-08-22,8,3,5,737,2851,705,2146,119.7
honzabartosek,2021-08-22,1,1,0,230,368,365,3,44.6
Jan_Skopecek,2021-08-22,2,2,0,483,613,552,61,116.5
jana_cernochova,2021-08-22,13,13,0,3132,643,624,19,58.2
JanLipavsky,2021-08-22,6,0,6,0,1745,327,1418,52.6
jhamacek,2021-08-22,2,2,0,388,488,367,121,55.8
kalousekm,2021-08-22,8,8,0,1203,2548,2504,44,1196.3
KarelHavlicek_,2021-08-22,3,0,3,0,917,667,250,29.6
kducsl,2021-08-22,18,0,18,0,3991,314,3677,12
market_a,2021-08-22,1,1,0,3132,872,718,154,640.1
MartinBaxa2,2021-08-22,1,1,0,136,123,122,1,38.7
milionchvilek,2021-08-22,1,0,1,0,293,201,92,40.3
MJureka,2021-08-22,10,10,0,5025,1376,1197,179,259
ODScz,2021-08-22,12,5,7,587,3364,1048,2316,135.2
P_Fiala,2021-08-22,1,1,0,262,848,557,291,212.6
PiratIvanBartos,2021-08-22,1,1,0,2550,736,693,43,273.9
PiratskaStrana,2021-08-22,2,1,1,154,1348,551,797,77.2
Pospisil_Jiri,2021-08-22,1,1,0,117,419,360,59,94
RobertSlachta,2021-08-22,1,0,1,0,170,109,61,3.7
SpoluKoalice,2021-08-22,15,0,15,0,3642,266,3376,51.1
STANcz,2021-08-22,4,1,3,35,866,234,632,15.5
TomasCzernin,2021-08-22,2,1,1,976,173,168,5,92.2
TomasZdechovsky,2021-08-22,42,36,6,1134,6844,5250,1594,299.2
tomio_cz,2021-08-22,6,6,0,436,888,888,0,46.5
TOP09cz,2021-08-22,1,0,1,0,3010,126,2884,19.7
Vit_Rakusan,2021-08-22,4,4,0,4458,247,220,27,106.6
zeleni_cz,2021-08-22,3,3,0,52,640,380,260,9.9
alenaschillerov,2021-08-21,2,2,0,134,1406,1257,149,50.3
AndrejBabis,2021-08-21,3,1,2,344,2843,702,2141,118.9
general_pavel,2021-08-21,1,1,0,4499,167,166,1,107.3
honzabartosek,2021-08-21,1,1,0,46,367,364,3,44.4
Jan_Skopecek,2021-08-21,4,4,0,364,611,550,61,116
jana_cernochova,2021-08-21,15,15,0,913,630,611,19,55
JanLipavsky,2021-08-21,7,3,4,20,1739,327,1412,52.6
jhamacek,2021-08-21,1,1,0,215,486,365,121,55.4
KarelHavlicek_,2021-08-21,8,8,0,405,914,667,247,29.6
kducsl,2021-08-21,14,1,13,124,3973,314,3659,12
Kuba_Martin,2021-08-21,7,7,0,45,1050,1050,0,130.2
makupka,2021-08-21,1,1,0,142,175,152,23,99
market_a,2021-08-21,3,3,0,1032,871,717,154,637
metnarl,2021-08-21,1,1,0,95,149,112,37,11.2
milionchvilek,2021-08-21,2,2,0,208,292,201,91,40.3
MJureka,2021-08-21,1,1,0,153,1366,1187,179,254
ODScz,2021-08-21,16,2,14,231,3352,1043,2309,134.6
olgarichterova,2021-08-21,1,1,0,178,526,492,34,39.4
P_Fiala,2021-08-21,1,1,0,824,847,556,291,212.3
PiratIvanBartos,2021-08-21,3,3,0,598,735,692,43,271.3
Pospisil_Jiri,2021-08-21,1,1,0,135,418,359,59,93.9
SpoluKoalice,2021-08-21,13,2,11,255,3627,266,3361,51.1
STANcz,2021-08-21,5,0,5,0,862,233,629,15.5
TomasZdechovsky,2021-08-21,34,28,6,764,6802,5214,1588,298.1
tomio_cz,2021-08-21,5,5,0,360,882,882,0,46
TOP09cz,2021-08-21,9,0,9,0,3009,126,2883,19.7
Vit_Rakusan,2021-08-21,8,8,0,1297,243,216,27,102.2
vojtafilip,2021-08-21,1,1,0,63,72,72,0,6.2
volimtrikoloru,2021-08-21,2,2,0,63,180,149,31,4.9
ZdenekHrib,2021-08-21,6,5,1,739,856,762,94,165.5
zeleni_cz,2021-08-21,5,5,0,128,637,377,260,9.8
alenaschillerov,2021-08-20,7,7,0,224,1404,1255,149,50.2
AndrejBabis,2021-08-20,12,1,11,161,2840,701,2139,118.6
JanLipavsky,2021-08-20,6,4,2,365,1732,324,1408,52.6
jhamacek,2021-08-20,1,1,0,68,485,364,121,55.2
kalousekm,2021-08-20,31,31,0,6472,2540,2496,44,1195.1
KarelHavlicek_,2021-08-20,9,7,2,468,906,659,247,29.2
kducsl,2021-08-20,10,0,10,0,3959,313,3646,11.8
Kuba_Martin,2021-08-20,1,1,0,75,1043,1043,0,130.1
market_a,2021-08-20,2,1,1,865,868,714,154,635.9
MJureka,2021-08-20,3,2,1,162,1365,1186,179,253.8
ODScz,2021-08-20,10,3,7,596,3336,1041,2295,134.4
P_Fiala,2021-08-20,3,3,0,1266,846,555,291,211.5
PiratIvanBartos,2021-08-20,3,2,1,733,732,689,43,270.7
PiratskaStrana,2021-08-20,2,1,1,405,1346,550,796,77
SpoluKoalice,2021-08-20,3,1,2,370,3614,264,3350,50.9
STANcz,2021-08-20,5,3,2,324,857,233,624,15.5
TomasZdechovsky,2021-08-20,37,30,7,804,6768,5186,1582,297.3
tomio_cz,2021-08-20,4,4,0,307,877,877,0,45.7
TOP09cz,2021-08-20,11,2,9,119,3000,126,2874,19.7
Vit_Rakusan,2021-08-20,1,1,0,275,235,208,27,100.9
volimtrikoloru,2021-08-20,2,1,1,76,178,147,31,4.8
vonpecka,2021-08-20,1,1,0,9,765,540,225,15.4
ZdenekHrib,2021-08-20,1,0,1,0,850,757,93,164.8
zeleni_cz,2021-08-20,8,8,0,283,632,372,260,9.7
alenaschillerov,2021-08-19,7,5,2,120,1397,1248,149,50
AndrejBabis,2021-08-19,24,4,20,665,2828,700,2128,118.4
czKSCM,2021-08-19,3,1,2,4,96,21,75,0.2
general_pavel,2021-08-19,2,2,0,496,166,165,1,102.8
honzabartosek,2021-08-19,3,3,0,87,366,363,3,44.4
Jan_Skopecek,2021-08-19,2,2,0,407,607,546,61,115.6
jana_cernochova,2021-08-19,2,2,0,353,615,596,19,54.1
JanLipavsky,2021-08-19,2,0,2,0,1726,320,1406,52.2
kalousekm,2021-08-19,13,13,0,3280,2509,2465,44,1188.6
KarelHavlicek_,2021-08-19,4,3,1,164,897,652,245,28.7
kducsl,2021-08-19,24,7,17,152,3949,313,3636,11.8
market_a,2021-08-19,4,3,1,1957,866,713,153,635.1
metnarl,2021-08-19,2,1,1,104,148,111,37,11.1
MJureka,2021-08-19,12,9,3,1303,1362,1184,178,253.6
ODScz,2021-08-19,10,3,7,620,3326,1038,2288,133.8
olgarichterova,2021-08-19,1,1,0,305,525,491,34,39.2
P_Fiala,2021-08-19,2,2,0,300,843,552,291,210.2
PavelSehnal64,2021-08-19,1,1,0,5,69,69,0,0.4
PiratIvanBartos,2021-08-19,4,4,0,723,729,687,42,270
PiratskaStrana,2021-08-19,3,1,2,62,1344,549,795,76.6
Pospisil_Jiri,2021-08-19,1,1,0,20,417,358,59,93.8
RobertSlachta,2021-08-19,3,0,3,0,169,109,60,3.7
SpoluKoalice,2021-08-19,13,1,12,358,3611,263,3348,50.5
STANcz,2021-08-19,6,1,5,45,852,230,622,15.2
TomasCzernin,2021-08-19,1,1,0,26,171,167,4,91.2
TomasZdechovsky,2021-08-19,73,62,11,2417,6731,5156,1575,296.5
tomio_cz,2021-08-19,3,3,0,428,873,873,0,45.4
TOP09cz,2021-08-19,11,0,11,0,2989,124,2865,19.6
VeslavM,2021-08-19,2,2,0,0,556,546,10,13.7
Vit_Rakusan,2021-08-19,1,1,0,247,234,207,27,100.6
vojtafilip,2021-08-19,1,1,0,102,71,71,0,6.1
volimtrikoloru,2021-08-19,3,2,1,40,176,146,30,4.7
zeleni_cz,2021-08-19,13,13,0,482,624,364,260,9.4
alenaschillerov,2021-08-18,10,9,1,378,1390,1243,147,49.8
AndrejBabis,2021-08-18,9,1,8,296,2804,696,2108,117.7
Jan_Skopecek,2021-08-18,2,2,0,167,605,544,61,115.2
jana_cernochova,2021-08-18,2,2,0,101,613,594,19,53.8
JanLipavsky,2021-08-18,2,0,2,0,1724,320,1404,52.2
jhamacek,2021-08-18,5,3,2,186,484,363,121,55.1
kalousekm,2021-08-18,26,26,0,7651,2496,2452,44,1185.4
KarelHavlicek_,2021-08-18,1,0,1,0,893,649,244,28.6
kducsl,2021-08-18,10,1,9,23,3925,306,3619,11.7
makupka,2021-08-18,2,2,0,2226,174,151,23,98.8
market_a,2021-08-18,3,2,1,1532,862,710,152,633.1
MartinBaxa2,2021-08-18,1,1,0,752,122,121,1,38.5
metnarl,2021-08-18,5,2,3,443,146,110,36,11
milionchvilek,2021-08-18,1,1,0,99,290,199,91,40.1
MJureka,2021-08-18,5,4,1,0,1350,1175,175,252.3
ODScz,2021-08-18,25,12,13,660,3316,1035,2281,133.1
P_Fiala,2021-08-18,9,5,4,1430,841,550,291,209.9
PiratIvanBartos,2021-08-18,15,14,1,962,725,683,42,269.3
PiratskaStrana,2021-08-18,2,1,1,73,1341,548,793,76.6
Pospisil_Jiri,2021-08-18,1,1,0,725,416,357,59,93.8
RobertSlachta,2021-08-18,1,0,1,0,166,109,57,3.7
SpoluKoalice,2021-08-18,16,0,16,0,3598,262,3336,50.1
STANcz,2021-08-18,5,0,5,0,846,229,617,15.1
TomasCzernin,2021-08-18,1,1,0,297,170,166,4,91.2
TomasZdechovsky,2021-08-18,41,31,10,1531,6658,5094,1564,294.1
tomio_cz,2021-08-18,1,1,0,22,870,870,0,44.9
TOP09cz,2021-08-18,18,2,16,717,2978,124,2854,19.6
VeslavM,2021-08-18,14,14,0,51,554,544,10,13.7
Vit_Rakusan,2021-08-18,1,1,0,402,233,206,27,100.3
volimtrikoloru,2021-08-18,4,4,0,150,173,144,29,4.7
vonpecka,2021-08-18,2,0,2,0,764,539,225,15.4
ZdenekHrib,2021-08-18,1,0,1,0,849,757,92,164.8
zeleni_cz,2021-08-18,6,6,0,15,611,351,260,8.9
alenaschillerov,2021-08-17,5,5,0,134,1380,1234,146,49.5
AndrejBabis,2021-08-17,21,1,20,339,2795,695,2100,117.5
czKSCM,2021-08-17,1,0,1,0,93,20,73,0.2
general_pavel,2021-08-17,2,2,0,356,164,163,1,102.3
honzabartosek,2021-08-17,1,1,0,11,363,360,3,44.3
Jan_Skopecek,2021-08-17,1,1,0,110,603,542,61,115
jana_cernochova,2021-08-17,6,6,0,2667,611,592,19,53.7
JanLipavsky,2021-08-17,6,1,5,41,1722,320,1402,52.2
jhamacek,2021-08-17,2,2,0,138,479,360,119,54.9
kalousekm,2021-08-17,17,17,0,9256,2470,2426,44,1177.7
KarelHavlicek_,2021-08-17,12,10,2,321,892,649,243,28.6
kducsl,2021-08-17,16,0,16,0,3915,305,3610,11.7
market_a,2021-08-17,4,3,1,4318,859,708,151,631.6
metnarl,2021-08-17,12,11,1,2326,141,108,33,10.6
milionchvilek,2021-08-17,1,0,1,0,289,198,91,40
ODScz,2021-08-17,6,3,3,450,3291,1023,2268,132.5
olgarichterova,2021-08-17,1,1,0,131,524,490,34,38.9
P_Fiala,2021-08-17,1,0,1,0,832,545,287,208.5
PiratIvanBartos,2021-08-17,6,6,0,1315,710,669,41,268.3
PiratskaStrana,2021-08-17,5,1,4,9,1339,547,792,76.5
SpoluKoalice,2021-08-17,20,0,20,0,3582,262,3320,50.1
STANcz,2021-08-17,4,0,4,0,841,229,612,15.1
TomasCzernin,2021-08-17,1,1,0,374,169,165,4,90.9
TomasZdechovsky,2021-08-17,26,16,10,1543,6617,5063,1554,292.5
TOP09cz,2021-08-17,13,0,13,0,2960,122,2838,18.9
VeslavM,2021-08-17,5,5,0,4,540,530,10,13.6
Vit_Rakusan,2021-08-17,2,2,0,704,232,205,27,99.9
vojtafilip,2021-08-17,1,1,0,154,70,70,0,6
volimtrikoloru,2021-08-17,18,15,3,128,169,140,29,4.6
vonpecka,2021-08-17,1,1,0,1,762,539,223,15.4
ZdenekHrib,2021-08-17,1,1,0,641,848,757,91,164.8
zeleni_cz,2021-08-17,2,2,0,221,605,345,260,8.9
alenaschillerov,2021-08-16,7,7,0,177,1375,1229,146,49.3
AndrejBabis,2021-08-16,11,5,6,451,2774,694,2080,117.1
general_pavel,2021-08-16,2,2,0,814,162,161,1,101.9
honzabartosek,2021-08-16,5,5,0,942,362,359,3,44.3
Jan_Skopecek,2021-08-16,1,1,0,195,602,541,61,114.9
jana_cernochova,2021-08-16,5,5,0,316,605,586,19,51
JanLipavsky,2021-08-16,3,1,2,5,1716,319,1397,52.2
jhamacek,2021-08-16,2,2,0,67,477,358,119,54.8
kalousekm,2021-08-16,16,16,0,20376,2453,2409,44,1168.5
KarelHavlicek_,2021-08-16,1,0,1,0,880,639,241,28.2
kducsl,2021-08-16,24,0,24,0,3899,305,3594,11.7
Kuba_Martin,2021-08-16,9,9,0,2773,1042,1042,0,130.1
market_a,2021-08-16,3,3,0,5162,855,705,150,627.3
metnarl,2021-08-16,2,1,1,105,129,97,32,8.2
milionchvilek,2021-08-16,1,0,1,0,288,198,90,40
MJureka,2021-08-16,2,1,1,1,1345,1171,174,252.3
ODScz,2021-08-16,7,2,5,78,3285,1020,2265,132
P_Fiala,2021-08-16,1,1,0,371,831,545,286,208.5
PiratIvanBartos,2021-08-16,10,10,0,1186,704,663,41,267
PiratskaStrana,2021-08-16,9,4,5,283,1334,546,788,76.5
Pospisil_Jiri,2021-08-16,2,2,0,128,415,356,59,93
SpoluKoalice,2021-08-16,7,0,7,0,3562,262,3300,50.1
STANcz,2021-08-16,2,0,2,0,837,229,608,15.1
TomasZdechovsky,2021-08-16,58,49,9,1103,6591,5047,1544,291
tomio_cz,2021-08-16,2,2,0,81,869,869,0,44.9
TOP09cz,2021-08-16,9,0,9,0,2947,122,2825,18.9
VeslavM,2021-08-16,4,4,0,69,535,525,10,13.6
Vit_Rakusan,2021-08-16,2,1,1,316,230,203,27,99.2
vonpecka,2021-08-16,10,10,0,320,761,538,223,15.4
ZdenekHrib,2021-08-16,1,1,0,1033,847,756,91,164.2
zeleni_cz,2021-08-16,5,5,0,264,603,343,260,8.7
alenaschillerov,2021-08-15,3,2,1,116,1368,1222,146,49.1
AndrejBabis,2021-08-15,5,3,2,1047,2763,689,2074,116.7
Jan_Skopecek,2021-08-15,2,2,0,201,601,540,61,114.7
jana_cernochova,2021-08-15,18,18,0,2481,600,581,19,50.7
JanLipavsky,2021-08-15,6,1,5,0,1713,318,1395,52.2
jhamacek,2021-08-15,3,3,0,281,475,356,119,54.7
kalousekm,2021-08-15,11,11,0,9584,2437,2393,44,1148.1
KarelHavlicek_,2021-08-15,2,1,1,20,879,639,240,28.2
kducsl,2021-08-15,15,2,13,65,3875,305,3570,11.7
Kuba_Martin,2021-08-15,2,2,0,51,1033,1033,0,127.3
market_a,2021-08-15,1,0,1,0,852,702,150,622.1
metnarl,2021-08-15,3,3,0,404,127,96,31,8.1
MJureka,2021-08-15,9,9,0,2650,1343,1170,173,252.3
ODScz,2021-08-15,9,1,8,237,3278,1018,2260,131.9
P_Fiala,2021-08-15,1,1,0,1015,830,544,286,208.1
PiratIvanBartos,2021-08-15,4,3,1,997,694,653,41,265.8
PiratskaStrana,2021-08-15,3,0,3,0,1325,542,783,76.2
Pospisil_Jiri,2021-08-15,2,2,0,147,413,354,59,92.9
SpoluKoalice,2021-08-15,9,0,9,0,3555,262,3293,50.1
STANcz,2021-08-15,5,0,5,0,835,229,606,15.1
TomasZdechovsky,2021-08-15,30,17,13,1770,6533,4998,1535,289.9
tomio_cz,2021-08-15,2,2,0,143,867,867,0,44.8
TOP09cz,2021-08-15,1,0,1,0,2938,122,2816,18.9
VeslavM,2021-08-15,1,1,0,0,531,521,10,13.6
Vit_Rakusan,2021-08-15,4,4,0,2892,228,202,26,98.9
vonpecka,2021-08-15,12,6,6,164,751,528,223,15.1
zeleni_cz,2021-08-15,6,6,0,444,598,338,260,8.4
alenaschillerov,2021-08-14,7,7,0,409,1365,1220,145,49
AndrejBabis,2021-08-14,10,2,8,256,2758,686,2072,115.6
czKSCM,2021-08-14,1,0,1,0,92,20,72,0.2
Jan_Skopecek,2021-08-14,3,3,0,236,599,538,61,114.5
jana_cernochova,2021-08-14,1,1,0,7,582,563,19,48.2
JanLipavsky,2021-08-14,19,8,11,4740,1707,317,1390,52.2
jhamacek,2021-08-14,5,5,0,189,472,353,119,54.4
kalousekm,2021-08-14,6,5,1,3350,2426,2382,44,1138.5
KarelHavlicek_,2021-08-14,7,7,0,597,877,638,239,28.2
kducsl,2021-08-14,12,0,12,0,3860,303,3557,11.6
makupka,2021-08-14,1,1,0,302,172,149,23,96.6
market_a,2021-08-14,5,4,1,3245,851,702,149,622.1
metnarl,2021-08-14,2,1,1,954,124,93,31,7.7
MJureka,2021-08-14,5,5,0,403,1334,1161,173,249.7
ODScz,2021-08-14,5,2,3,354,3269,1017,2252,131.7
olgarichterova,2021-08-14,1,0,1,0,523,489,34,38.8
P_Fiala,2021-08-14,2,2,0,537,829,543,286,207.1
PavelSehnal64,2021-08-14,2,2,0,10,68,68,0,0.4
PiratIvanBartos,2021-08-14,8,8,0,4727,690,650,40,264.8
PiratskaStrana,2021-08-14,13,7,6,519,1322,542,780,76.2
Pospisil_Jiri,2021-08-14,1,1,0,168,411,352,59,92.8
SpoluKoalice,2021-08-14,15,0,15,0,3546,262,3284,50.1
STANcz,2021-08-14,5,1,4,50,830,229,601,15.1
TomasZdechovsky,2021-08-14,30,28,2,291,6503,4981,1522,288.1
tomio_cz,2021-08-14,2,2,0,180,865,865,0,44.7
TOP09cz,2021-08-14,8,1,7,713,2937,122,2815,18.9
VeslavM,2021-08-14,7,7,0,239,530,520,10,13.6
Vit_Rakusan,2021-08-14,3,3,0,796,224,198,26,96
volimtrikoloru,2021-08-14,2,0,2,0,151,125,26,4.4
vonpecka,2021-08-14,6,2,4,3,739,522,217,14.9
zeleni_cz,2021-08-14,12,9,3,32,592,332,260,8
alenaschillerov,2021-08-13,3,2,1,47,1358,1213,145,48.6
AndrejBabis,2021-08-13,9,1,8,336,2748,684,2064,115.4
general_pavel,2021-08-13,2,2,0,570,160,159,1,101.1
Jan_Skopecek,2021-08-13,1,1,0,488,596,535,61,114.3
jana_cernochova,2021-08-13,8,8,0,121,581,562,19,48.2
JanLipavsky,2021-08-13,3,0,3,0,1688,309,1379,47.5
jhamacek,2021-08-13,1,1,0,33,467,348,119,54.2
kalousekm,2021-08-13,15,15,0,6029,2420,2377,43,1135.1
KarelHavlicek_,2021-08-13,6,5,1,175,870,631,239,27.6
kducsl,2021-08-13,20,0,20,0,3848,303,3545,11.6
Kuba_Martin,2021-08-13,9,9,0,646,1031,1031,0,127.2
market_a,2021-08-13,4,3,1,1990,846,698,148,618.9
milionchvilek,2021-08-13,2,2,0,138,287,198,89,40
MJureka,2021-08-13,6,6,0,951,1329,1156,173,249.3
ODScz,2021-08-13,7,5,2,492,3264,1015,2249,131.4
P_Fiala,2021-08-13,4,2,2,1202,827,541,286,206.6
PiratIvanBartos,2021-08-13,8,6,2,795,682,642,40,260.1
PiratskaStrana,2021-08-13,5,3,2,1008,1309,535,774,75.7
Pospisil_Jiri,2021-08-13,1,1,0,107,410,351,59,92.6
SpoluKoalice,2021-08-13,17,0,17,0,3531,262,3269,50.1
STANcz,2021-08-13,4,1,3,190,825,228,597,15.1
TomasZdechovsky,2021-08-13,49,39,10,1539,6473,4953,1520,287.8
tomio_cz,2021-08-13,1,1,0,14,863,863,0,44.5
TOP09cz,2021-08-13,14,2,12,396,2929,121,2808,18.1
VeslavM,2021-08-13,4,3,1,99,523,513,10,13.3
volimtrikoloru,2021-08-13,3,2,1,14,149,125,24,4.4
vonpecka,2021-08-13,1,0,1,0,733,520,213,14.9
zeleni_cz,2021-08-13,6,6,0,613,580,323,257,8
alenaschillerov,2021-08-12,12,10,2,464,1355,1211,144,48.6
AndrejBabis,2021-08-12,7,4,3,806,2739,683,2056,115
Jan_Skopecek,2021-08-12,3,2,1,124,595,534,61,113.8
jana_cernochova,2021-08-12,1,1,0,9,573,554,19,48.1
JanLipavsky,2021-08-12,2,0,2,0,1685,309,1376,47.5
kalousekm,2021-08-12,20,19,1,5787,2405,2362,43,1129.1
KarelHavlicek_,2021-08-12,5,4,1,172,864,626,238,27.5
kducsl,2021-08-12,14,0,14,0,3828,303,3525,11.6
market_a,2021-08-12,3,3,0,770,842,695,147,616.9
milionchvilek,2021-08-12,1,1,0,56,285,196,89,39.9
MJureka,2021-08-12,1,1,0,236,1323,1150,173,248.3
ODScz,2021-08-12,11,4,7,1092,3257,1010,2247,130.9
P_Fiala,2021-08-12,5,3,2,672,823,539,284,205.3
PavelSehnal64,2021-08-12,1,1,0,14,66,66,0,0.4
PiratIvanBartos,2021-08-12,7,7,0,988,674,636,38,259.3
PiratskaStrana,2021-08-12,5,1,4,37,1304,532,772,74.7
Pospisil_Jiri,2021-08-12,1,1,0,8,409,350,59,92.5
SpoluKoalice,2021-08-12,12,0,12,0,3514,262,3252,50.1
STANcz,2021-08-12,2,1,1,724,821,227,594,14.9
TomasZdechovsky,2021-08-12,62,52,10,702,6424,4914,1510,286.3
tomio_cz,2021-08-12,1,1,0,22,862,862,0,44.5
TOP09cz,2021-08-12,8,0,8,0,2915,119,2796,17.8
Vit_Rakusan,2021-08-12,1,1,0,259,221,195,26,95.2
volimtrikoloru,2021-08-12,1,1,0,3,146,123,23,4.4
vonpecka,2021-08-12,1,1,0,59,732,520,212,14.9
ZdenekHrib,2021-08-12,13,13,0,828,846,755,91,163.1
zeleni_cz,2021-08-12,8,6,2,262,574,317,257,7.3
alenaschillerov,2021-08-11,12,12,0,476,1343,1201,142,48.1
AndrejBabis,2021-08-11,9,3,6,268,2732,679,2053,114.2
general_pavel,2021-08-11,1,1,0,368,158,157,1,100.5
Jan_Skopecek,2021-08-11,3,3,0,815,592,532,60,113.7
jana_cernochova,2021-08-11,9,9,0,81,572,553,19,48.1
JanLipavsky,2021-08-11,2,0,2,0,1683,309,1374,47.5
kalousekm,2021-08-11,19,19,0,3882,2385,2343,42,1123.3
KarelHavlicek_,2021-08-11,6,4,2,299,859,622,237,27.3
kducsl,2021-08-11,16,0,16,0,3814,303,3511,11.6
market_a,2021-08-11,4,4,0,3116,839,692,147,616.1
MJureka,2021-08-11,1,1,0,321,1322,1149,173,248.1
ODScz,2021-08-11,4,0,4,0,3246,1006,2240,129.8
P_Fiala,2021-08-11,3,2,1,264,818,536,282,204.7
PavelSehnal64,2021-08-11,1,1,0,5,65,65,0,0.3
PiratIvanBartos,2021-08-11,11,11,0,3484,667,629,38,258.3
PiratskaStrana,2021-08-11,4,1,3,43,1299,531,768,74.6
SpoluKoalice,2021-08-11,21,0,21,0,3502,262,3240,50.1
STANcz,2021-08-11,8,2,6,355,819,226,593,14.2
TomasZdechovsky,2021-08-11,42,33,9,1140,6362,4862,1500,285.6
tomio_cz,2021-08-11,3,3,0,145,861,861,0,44.5
TOP09cz,2021-08-11,18,1,17,310,2907,119,2788,17.8
VeslavM,2021-08-11,1,1,0,139,519,510,9,13.2
volimtrikoloru,2021-08-11,1,1,0,23,145,122,23,4.4
ZdenekHrib,2021-08-11,3,3,0,573,833,742,91,162.3
zeleni_cz,2021-08-11,8,8,0,158,566,311,255,7.1
alenaschillerov,2021-08-10,5,5,0,240,1331,1189,142,47.6
AndrejBabis,2021-08-10,8,0,8,0,2723,676,2047,114
honzabartosek,2021-08-10,1,1,0,10,357,354,3,43.3
Jan_Skopecek,2021-08-10,2,1,1,102,589,529,60,112.9
jana_cernochova,2021-08-10,1,1,0,21,563,544,19,48
JanLipavsky,2021-08-10,2,0,2,0,1681,309,1372,47.5
kalousekm,2021-08-10,10,9,1,2865,2366,2324,42,1119.4
KarelHavlicek_,2021-08-10,3,1,2,148,853,618,235,27
kducsl,2021-08-10,20,1,19,80,3798,303,3495,11.6
makupka,2021-08-10,1,1,0,90,171,148,23,96.3
market_a,2021-08-10,2,1,1,284,835,688,147,613
metnarl,2021-08-10,1,1,0,209,122,92,30,6.8
MJureka,2021-08-10,2,1,1,172,1321,1148,173,247.8
ODScz,2021-08-10,6,3,3,429,3242,1006,2236,129.8
PavelSehnal64,2021-08-10,3,3,0,5,64,64,0,0.3
PiratIvanBartos,2021-08-10,14,14,0,2640,656,618,38,254.8
PiratskaStrana,2021-08-10,2,0,2,0,1295,530,765,74.6
Pospisil_Jiri,2021-08-10,2,2,0,184,408,349,59,92.5
SpoluKoalice,2021-08-10,15,1,14,1386,3481,262,3219,50.1
STANcz,2021-08-10,2,0,2,0,811,224,587,13.8
TomasCzernin,2021-08-10,1,1,0,307,168,164,4,90.5
TomasZdechovsky,2021-08-10,78,68,10,1245,6320,4829,1491,284.5
tomio_cz,2021-08-10,1,1,0,23,858,858,0,44.3
TOP09cz,2021-08-10,8,1,7,56,2889,118,2771,17.4
vonpecka,2021-08-10,1,1,0,30,731,519,212,14.8
zeleni_cz,2021-08-10,2,1,1,39,558,303,255,6.9
alenaschillerov,2021-08-09,6,6,0,577,1326,1184,142,47.4
AndrejBabis,2021-08-09,13,6,7,652,2715,676,2039,114
honzabartosek,2021-08-09,1,1,0,138,356,353,3,43.3
Jan_Skopecek,2021-08-09,4,3,1,487,587,528,59,112.8
jana_cernochova,2021-08-09,2,2,0,577,562,543,19,48
JanLipavsky,2021-08-09,3,0,3,0,1679,309,1370,47.5
jhamacek,2021-08-09,1,1,0,117,466,347,119,54.2
kalousekm,2021-08-09,14,14,0,5288,2356,2315,41,1116.6
KarelHavlicek_,2021-08-09,1,1,0,69,850,617,233,26.8
kducsl,2021-08-09,18,4,14,119,3778,302,3476,11.5
market_a,2021-08-09,4,4,0,2327,833,687,146,612.7
metnarl,2021-08-09,1,0,1,0,121,91,30,6.6
milionchvilek,2021-08-09,6,5,1,254,284,195,89,39.8
MJureka,2021-08-09,5,3,2,895,1319,1147,172,247.6
ODScz,2021-08-09,14,7,7,608,3236,1003,2233,129.3
P_Fiala,2021-08-09,5,5,0,2740,815,534,281,204.4
PiratIvanBartos,2021-08-09,4,4,0,2103,642,604,38,252.2
PiratskaStrana,2021-08-09,6,1,5,2,1293,530,763,74.6
Pospisil_Jiri,2021-08-09,1,1,0,151,406,347,59,92.3
SpoluKoalice,2021-08-09,21,1,20,143,3466,261,3205,48.7
STANcz,2021-08-09,2,0,2,0,809,224,585,13.8
TomasCzernin,2021-08-09,1,1,0,97,167,163,4,90.2
TomasZdechovsky,2021-08-09,68,58,10,636,6242,4761,1481,283.2
tomio_cz,2021-08-09,3,3,0,223,857,857,0,44.3
TOP09cz,2021-08-09,18,2,16,218,2881,117,2764,17.4
Vit_Rakusan,2021-08-09,1,1,0,617,220,194,26,95
Zbynek_Stanjura,2021-08-09,1,1,0,342,25,21,4,23.4
zeleni_cz,2021-08-09,4,2,2,74,556,302,254,6.9
alenaschillerov,2021-08-08,7,6,1,270,1320,1178,142,46.8
AndrejBabis,2021-08-08,16,4,12,810,2702,670,2032,113.3
Jan_Skopecek,2021-08-08,1,1,0,226,583,525,58,112.3
jana_cernochova,2021-08-08,2,2,0,167,560,541,19,47.4
JanLipavsky,2021-08-08,2,0,2,0,1676,309,1367,47.5
kalousekm,2021-08-08,3,3,0,249,2342,2301,41,1111.3
KarelHavlicek_,2021-08-08,3,1,2,31,849,616,233,26.8
kducsl,2021-08-08,13,0,13,0,3760,298,3462,11.4
market_a,2021-08-08,4,3,1,1513,829,683,146,610.4
MJureka,2021-08-08,4,4,0,375,1314,1144,170,246.7
ODScz,2021-08-08,8,7,1,1365,3222,996,2226,128.7
olgarichterova,2021-08-08,4,4,0,775,522,489,33,38.8
P_Fiala,2021-08-08,5,0,5,0,810,529,281,201.7
PavelSehnal64,2021-08-08,1,1,0,5,61,61,0,0.3
PiratIvanBartos,2021-08-08,1,1,0,148,638,600,38,250.1
PiratskaStrana,2021-08-08,1,1,0,141,1287,529,758,74.6
SpoluKoalice,2021-08-08,6,0,6,0,3445,260,3185,48.6
STANcz,2021-08-08,2,0,2,0,807,224,583,13.8
TomasZdechovsky,2021-08-08,57,50,7,1203,6174,4703,1471,282.6
TOP09cz,2021-08-08,5,1,4,1166,2863,115,2748,17.2
VeslavM,2021-08-08,1,1,0,84,518,509,9,13.1
Vit_Rakusan,2021-08-08,1,1,0,202,219,193,26,94.4
zeleni_cz,2021-08-08,1,1,0,0,552,300,252,6.8
alenaschillerov,2021-08-07,5,5,0,132,1313,1172,141,46.5
AndrejBabis,2021-08-07,4,2,2,551,2686,666,2020,112.5
general_pavel,2021-08-07,1,1,0,1748,157,156,1,100.2
Jan_Skopecek,2021-08-07,3,2,1,355,582,524,58,112
jana_cernochova,2021-08-07,1,1,0,31,558,539,19,47.2
JanLipavsky,2021-08-07,4,0,4,0,1674,309,1365,47.5
jhamacek,2021-08-07,3,1,2,92,465,346,119,54.1
kalousekm,2021-08-07,10,10,0,5089,2339,2298,41,1111
KarelHavlicek_,2021-08-07,1,1,0,74,846,615,231,26.7
kducsl,2021-08-07,11,0,11,0,3747,298,3449,11.4
market_a,2021-08-07,4,3,1,2173,825,680,145,608.9
metnarl,2021-08-07,2,2,0,94,120,91,29,6.6
milionchvilek,2021-08-07,5,3,2,6360,278,190,88,39.6
MJureka,2021-08-07,4,3,1,1519,1310,1140,170,246.3
ODScz,2021-08-07,3,2,1,509,3214,989,2225,127.4
olgarichterova,2021-08-07,3,2,1,2,518,485,33,38
PiratIvanBartos,2021-08-07,2,2,0,5281,637,599,38,249.9
PiratskaStrana,2021-08-07,2,2,0,554,1286,528,758,74.5
SpoluKoalice,2021-08-07,5,0,5,0,3439,260,3179,48.6
STANcz,2021-08-07,4,1,3,24,805,224,581,13.8
TomasZdechovsky,2021-08-07,73,65,8,644,6117,4653,1464,281.4
tomio_cz,2021-08-07,3,3,0,151,854,854,0,44.1
TOP09cz,2021-08-07,8,0,8,0,2858,114,2744,16
VeslavM,2021-08-07,10,10,0,1251,517,508,9,13
Vit_Rakusan,2021-08-07,3,3,0,2097,218,192,26,94.2
ZdenekHrib,2021-08-07,1,0,1,0,830,739,91,161.7
zeleni_cz,2021-08-07,1,1,0,4,551,299,252,6.8
alenaschillerov,2021-08-06,3,2,1,72,1308,1167,141,46.4
AndrejBabis,2021-08-06,8,1,7,390,2682,664,2018,111.9
honzabartosek,2021-08-06,2,2,0,233,355,352,3,43.2
Jan_Skopecek,2021-08-06,2,2,0,146,579,522,57,111.7
jana_cernochova,2021-08-06,4,4,0,1093,557,538,19,47.2
JanLipavsky,2021-08-06,5,1,4,17,1670,309,1361,47.5
jhamacek,2021-08-06,4,3,1,49,462,345,117,54
kalousekm,2021-08-06,7,7,0,1920,2329,2288,41,1106
KarelHavlicek_,2021-08-06,9,9,0,614,845,614,231,26.7
kducsl,2021-08-06,20,3,17,87,3736,298,3438,11.4
makupka,2021-08-06,1,1,0,79,170,147,23,96.2
market_a,2021-08-06,4,4,0,537,821,677,144,606.7
MJureka,2021-08-06,5,3,2,548,1306,1137,169,244.8
ODScz,2021-08-06,6,4,2,685,3211,987,2224,126.9
olgarichterova,2021-08-06,17,17,0,1886,515,483,32,38
P_Fiala,2021-08-06,4,3,1,588,805,529,276,201.7
PavelSehnal64,2021-08-06,1,1,0,4,60,60,0,0.3
PiratIvanBartos,2021-08-06,2,2,0,836,635,597,38,244.6
PiratskaStrana,2021-08-06,1,0,1,0,1284,526,758,73.9
Pospisil_Jiri,2021-08-06,1,1,0,266,405,346,59,92.1
SpoluKoalice,2021-08-06,20,0,20,0,3434,260,3174,48.6
STANcz,2021-08-06,2,1,1,165,801,223,578,13.8
TomasZdechovsky,2021-08-06,49,37,12,659,6044,4588,1456,280.7
tomio_cz,2021-08-06,7,7,0,137,851,851,0,43.9
TOP09cz,2021-08-06,7,3,4,312,2850,114,2736,16
VeslavM,2021-08-06,1,1,0,3,507,498,9,11.7
ZdenekHrib,2021-08-06,5,4,1,681,829,739,90,161.7
zeleni_cz,2021-08-06,5,3,2,128,550,298,252,6.8
alenaschillerov,2021-08-05,8,5,3,93,1305,1165,140,46.3
AndrejBabis,2021-08-05,26,11,15,1289,2674,663,2011,111.5
Jan_Skopecek,2021-08-05,1,0,1,0,577,520,57,111.5
jana_cernochova,2021-08-05,5,5,0,143,553,534,19,46.1
JanLipavsky,2021-08-05,8,1,7,283,1665,308,1357,47.4
jhamacek,2021-08-05,1,1,0,65,458,342,116,54
KarelHavlicek_,2021-08-05,13,11,2,513,836,605,231,26
kducsl,2021-08-05,11,0,11,0,3716,295,3421,11.3
market_a,2021-08-05,3,3,0,1635,817,673,144,606.1
MartinBaxa2,2021-08-05,1,1,0,26,121,120,1,37.8
metnarl,2021-08-05,3,1,2,16,118,89,29,6.5
milionchvilek,2021-08-05,1,1,0,66,273,187,86,33.2
MJureka,2021-08-05,1,1,0,104,1301,1134,167,244.3
ODScz,2021-08-05,13,9,4,217,3205,983,2222,126.2
olgarichterova,2021-08-05,2,1,1,100,498,466,32,36.1
P_Fiala,2021-08-05,2,1,1,180,801,526,275,201.1
PiratIvanBartos,2021-08-05,4,3,1,2489,633,595,38,243.8
PiratskaStrana,2021-08-05,1,1,0,146,1283,526,757,73.9
Pospisil_Jiri,2021-08-05,2,2,0,411,404,345,59,91.9
RobertSlachta,2021-08-05,3,3,0,56,165,109,56,3.7
SpoluKoalice,2021-08-05,14,0,14,0,3414,260,3154,48.6
STANcz,2021-08-05,3,0,3,0,799,222,577,13.6
TomasZdechovsky,2021-08-05,71,63,8,1161,5995,4551,1444,280.1
tomio_cz,2021-08-05,5,5,0,340,844,844,0,43.8
TOP09cz,2021-08-05,20,1,19,99,2843,111,2732,15.7
VeslavM,2021-08-05,1,1,0,4,506,497,9,11.7
Vit_Rakusan,2021-08-05,3,2,1,1697,215,189,26,92.1
vonpecka,2021-08-05,1,1,0,5,730,518,212,14.8
ZdenekHrib,2021-08-05,3,2,1,1164,824,735,89,161
zeleni_cz,2021-08-05,2,1,1,1,545,295,250,6.7
alenaschillerov,2021-08-04,4,4,0,87,1297,1160,137,46.2
AndrejBabis,2021-08-04,7,3,4,238,2648,652,1996,110.3
Jan_Skopecek,2021-08-04,1,1,0,68,576,520,56,111.5
jana_cernochova,2021-08-04,2,2,0,328,548,529,19,45.9
JanLipavsky,2021-08-04,3,0,3,0,1657,307,1350,47.2
jhamacek,2021-08-04,3,2,1,200,457,341,116,53.9
kalousekm,2021-08-04,13,12,1,2996,2322,2281,41,1104
KarelHavlicek_,2021-08-04,2,2,0,517,823,594,229,25.5
kducsl,2021-08-04,14,1,13,100,3705,295,3410,11.3
makupka,2021-08-04,1,1,0,427,169,146,23,96.1
market_a,2021-08-04,2,2,0,891,814,670,144,604.5
MJureka,2021-08-04,10,9,1,241,1300,1133,167,244.2
ODScz,2021-08-04,9,5,4,863,3192,974,2218,126
P_Fiala,2021-08-04,4,4,0,3408,799,525,274,200.9
PiratIvanBartos,2021-08-04,1,1,0,308,629,592,37,241.3
Pospisil_Jiri,2021-08-04,1,0,1,0,402,343,59,91.5
SpoluKoalice,2021-08-04,12,0,12,0,3400,260,3140,48.6
STANcz,2021-08-04,2,0,2,0,796,222,574,13.6
TomasCzernin,2021-08-04,1,1,0,152,166,162,4,90.1
TomasZdechovsky,2021-08-04,48,41,7,525,5924,4488,1436,278.9
tomio_cz,2021-08-04,8,8,0,386,839,839,0,43.4
TOP09cz,2021-08-04,8,0,8,0,2823,110,2713,15.6
VeslavM,2021-08-04,1,1,0,1,505,496,9,11.7
vojtafilip,2021-08-04,1,1,0,23,69,69,0,5.8
vonpecka,2021-08-04,4,1,3,0,729,517,212,14.8
ZdenekHrib,2021-08-04,5,5,0,319,821,733,88,159.9
alenaschillerov,2021-08-03,3,3,0,286,1293,1156,137,46.2
AndrejBabis,2021-08-03,9,2,7,342,2641,649,1992,110
czKSCM,2021-08-03,2,0,2,0,91,20,71,0.2
honzabartosek,2021-08-03,5,5,0,318,353,350,3,42.9
Jan_Skopecek,2021-08-03,3,3,0,76,575,519,56,111.5
JanLipavsky,2021-08-03,2,0,2,0,1654,307,1347,47.2
kalousekm,2021-08-03,9,9,0,1772,2309,2269,40,1101
KarelHavlicek_,2021-08-03,4,4,0,222,821,592,229,25
kducsl,2021-08-03,22,1,21,32,3691,294,3397,11.2
market_a,2021-08-03,2,2,0,635,812,668,144,603.6
metnarl,2021-08-03,1,1,0,29,115,88,27,6.4
MJureka,2021-08-03,3,3,0,1623,1290,1124,166,243.9
ODScz,2021-08-03,3,2,1,791,3183,969,2214,125.1
olgarichterova,2021-08-03,1,1,0,55,496,465,31,36
PiratskaStrana,2021-08-03,1,1,0,136,1282,525,757,73.8
RobertSlachta,2021-08-03,1,0,1,0,162,106,56,3.6
SpoluKoalice,2021-08-03,18,0,18,0,3388,260,3128,48.6
STANcz,2021-08-03,3,1,2,115,794,222,572,13.6
TomasZdechovsky,2021-08-03,38,33,5,1497,5876,4447,1429,278.4
tomio_cz,2021-08-03,3,3,0,59,831,831,0,43.1
TOP09cz,2021-08-03,13,1,12,63,2815,110,2705,15.6
VeslavM,2021-08-03,15,15,0,451,504,495,9,11.7
Vit_Rakusan,2021-08-03,1,0,1,0,212,187,25,90.4
vojtafilip,2021-08-03,3,3,0,311,68,68,0,5.8
vonpecka,2021-08-03,5,3,2,22,725,516,209,14.8
ZdenekHrib,2021-08-03,4,3,1,3609,816,728,88,159.6
zeleni_cz,2021-08-03,5,4,1,77,543,294,249,6.7
alenaschillerov,2021-08-02,8,8,0,230,1290,1153,137,45.9
AndrejBabis,2021-08-02,10,2,8,245,2632,647,1985,109.7
honzabartosek,2021-08-02,4,4,0,408,348,345,3,42.6
Jan_Skopecek,2021-08-02,2,1,1,301,572,516,56,111.4
JanLipavsky,2021-08-02,8,2,6,221,1652,307,1345,47.2
jhamacek,2021-08-02,1,1,0,71,454,339,115,53.7
kalousekm,2021-08-02,14,14,0,18936,2300,2260,40,1099.3
KarelHavlicek_,2021-08-02,9,7,2,415,817,588,229,24.8
kducsl,2021-08-02,15,0,15,0,3669,293,3376,11.2
makupka,2021-08-02,1,1,0,262,168,145,23,95.7
market_a,2021-08-02,3,3,0,1671,810,666,144,603
milionchvilek,2021-08-02,1,1,0,210,272,186,86,33.1
MJureka,2021-08-02,1,1,0,61,1287,1121,166,242.3
ODScz,2021-08-02,7,4,3,663,3180,967,2213,124.3
olgarichterova,2021-08-02,2,1,1,143,495,464,31,36
P_Fiala,2021-08-02,2,2,0,724,795,521,274,197.5
PiratIvanBartos,2021-08-02,1,1,0,553,628,591,37,241
PiratskaStrana,2021-08-02,2,1,1,112,1281,524,757,73.6
Pospisil_Jiri,2021-08-02,3,2,1,872,401,343,58,91.5
SpoluKoalice,2021-08-02,12,1,11,172,3370,260,3110,48.6
STANcz,2021-08-02,11,2,9,237,791,221,570,13.5
TomasCzernin,2021-08-02,2,2,0,264,165,161,4,90
TomasZdechovsky,2021-08-02,24,19,5,342,5838,4414,1424,276.9
tomio_cz,2021-08-02,5,5,0,395,828,828,0,43
TOP09cz,2021-08-02,14,2,12,212,2802,109,2693,15.5
VeslavM,2021-08-02,16,16,0,398,489,480,9,11.3
Vit_Rakusan,2021-08-02,3,3,0,1159,211,187,24,90.4
vonpecka,2021-08-02,1,1,0,18,720,513,207,14.8
ZdenekHrib,2021-08-02,9,7,2,8233,812,725,87,156
zeleni_cz,2021-08-02,2,2,0,52,538,290,248,6.6
alenaschillerov,2021-08-01,4,3,1,97,1282,1145,137,45.6
AndrejBabis,2021-08-01,12,8,4,1128,2622,645,1977,109.4
jana_cernochova,2021-08-01,2,2,0,137,546,527,19,45.6
JanLipavsky,2021-08-01,4,1,3,197,1644,305,1339,46.9
jhamacek,2021-08-01,2,0,2,0,453,338,115,53.6
kalousekm,2021-08-01,10,10,0,5035,2286,2246,40,1080.3
KarelHavlicek_,2021-08-01,5,4,1,206,808,581,227,24.4
kducsl,2021-08-01,12,0,12,0,3654,293,3361,11.2
market_a,2021-08-01,3,3,0,3212,807,663,144,601.3
metnarl,2021-08-01,1,1,0,18,114,87,27,6.4
milionchvilek,2021-08-01,2,2,0,443,271,185,86,32.9
MJureka,2021-08-01,5,5,0,939,1286,1120,166,242.2
ODScz,2021-08-01,9,3,6,195,3173,963,2210,123.6
olgarichterova,2021-08-01,2,0,2,0,493,463,30,35.8
P_Fiala,2021-08-01,1,1,0,472,793,519,274,196.8
PiratskaStrana,2021-08-01,2,2,0,400,1279,523,756,73.5
RobertSlachta,2021-08-01,1,1,0,15,161,106,55,3.6
SpoluKoalice,2021-08-01,17,1,16,201,3358,259,3099,48.4
STANcz,2021-08-01,1,1,0,61,780,219,561,13.3
TomasCzernin,2021-08-01,1,1,0,722,163,159,4,89.7
TomasZdechovsky,2021-08-01,33,29,4,1332,5814,4395,1419,276.5
tomio_cz,2021-08-01,3,3,0,131,823,823,0,42.6
TOP09cz,2021-08-01,15,0,15,0,2788,107,2681,15.3
VeslavM,2021-08-01,41,41,0,519,473,464,9,10.9
vojtafilip,2021-08-01,1,1,0,196,65,65,0,5.5
vonpecka,2021-08-01,2,0,2,0,719,512,207,14.8
ZdenekHrib,2021-08-01,7,7,0,2573,803,718,85,147.7
zeleni_cz,2021-08-01,1,1,0,0,536,288,248,6.6
alenaschillerov,2021-07-31,4,4,0,177,1278,1142,136,45.5
AndrejBabis,2021-07-31,9,3,6,915,2610,637,1973,108.3
general_pavel,2021-07-31,1,1,0,124,156,155,1,98.4
Jan_Skopecek,2021-07-31,6,6,0,322,570,515,55,111.1
jana_cernochova,2021-07-31,2,2,0,131,544,525,19,45.5
JanLipavsky,2021-07-31,1,0,1,0,1640,304,1336,46.7
kalousekm,2021-07-31,9,9,0,6295,2276,2236,40,1075.3
KarelHavlicek_,2021-07-31,2,2,0,81,803,577,226,24.2
kducsl,2021-07-31,9,0,9,0,3642,293,3349,11.2
metnarl,2021-07-31,2,2,0,15,113,86,27,6.4
MJureka,2021-07-31,1,1,0,359,1281,1115,166,241.3
ODScz,2021-07-31,4,1,3,58,3164,960,2204,123.4
PavelSehnal64,2021-07-31,1,1,0,3,59,59,0,0.3
SpoluKoalice,2021-07-31,11,2,9,85,3341,258,3083,48.2
TomasZdechovsky,2021-07-31,31,25,6,1906,5781,4366,1415,275.2
tomio_cz,2021-07-31,3,3,0,293,820,820,0,42.5
VeslavM,2021-07-31,1,1,0,0,432,423,9,10.4
vonpecka,2021-07-31,6,5,1,19,717,512,205,14.8
ZdenekHrib,2021-07-31,3,3,0,270,796,711,85,145.1
zeleni_cz,2021-07-31,3,3,0,54,535,287,248,6.6
alenaschillerov,2021-07-30,9,7,2,327,1274,1138,136,45.4
AndrejBabis,2021-07-30,24,12,12,1129,2601,634,1967,107.4
honzabartosek,2021-07-30,1,1,0,33,344,341,3,42.2
Jan_Skopecek,2021-07-30,23,23,0,435,564,509,55,110.8
jana_cernochova,2021-07-30,6,6,0,168,542,523,19,45.3
JanLipavsky,2021-07-30,7,0,7,0,1639,304,1335,46.7
jhamacek,2021-07-30,3,3,0,335,451,338,113,53.6
kalousekm,2021-07-30,7,7,0,7612,2267,2227,40,1069
KarelHavlicek_,2021-07-30,5,2,3,65,801,575,226,24.1
kducsl,2021-07-30,18,4,14,44,3633,293,3340,11.2
Kuba_Martin,2021-07-30,1,1,0,3042,1022,1022,0,126.6
market_a,2021-07-30,4,2,2,948,804,660,144,598.1
metnarl,2021-07-30,3,3,0,784,111,84,27,6.4
MJureka,2021-07-30,5,5,0,636,1280,1114,166,240.9
ODScz,2021-07-30,14,5,9,694,3160,959,2201,123.4
olgarichterova,2021-07-30,5,5,0,4,491,463,28,35.8
P_Fiala,2021-07-30,2,2,0,291,792,518,274,196.3
PiratIvanBartos,2021-07-30,3,2,1,846,627,590,37,240.4
PiratskaStrana,2021-07-30,5,2,3,594,1277,521,756,73.1
Pospisil_Jiri,2021-07-30,1,1,0,203,398,341,57,90.6
SpoluKoalice,2021-07-30,12,1,11,472,3330,256,3074,48.1
STANcz,2021-07-30,2,0,2,0,779,218,561,13.2
TomasZdechovsky,2021-07-30,26,20,6,937,5750,4341,1409,273.3
tomio_cz,2021-07-30,6,6,0,424,817,817,0,42.2
TOP09cz,2021-07-30,4,1,3,26,2773,107,2666,15.3
VeslavM,2021-07-30,2,2,0,8,431,422,9,10.4
vonpecka,2021-07-30,2,2,0,18,711,507,204,14.8
Zbynek_Stanjura,2021-07-30,1,1,0,2601,24,20,4,23
ZdenekHrib,2021-07-30,1,1,0,463,793,708,85,144.9
zeleni_cz,2021-07-30,1,1,0,71,532,284,248,6.5
alenaschillerov,2021-07-29,8,8,0,201,1265,1131,134,45
AndrejBabis,2021-07-29,11,7,4,811,2577,622,1955,106.3
general_pavel,2021-07-29,1,1,0,841,155,154,1,98.3
Jan_Skopecek,2021-07-29,1,1,0,1038,541,486,55,110.3
jana_cernochova,2021-07-29,1,0,1,0,536,517,19,45.2
jhamacek,2021-07-29,1,0,1,0,448,335,113,53.3
kalousekm,2021-07-29,7,7,0,857,2260,2220,40,1061.4
KarelHavlicek_,2021-07-29,5,3,2,224,796,573,223,24
kducsl,2021-07-29,19,0,19,0,3615,289,3326,11.1
Kuba_Martin,2021-07-29,2,2,0,1214,1021,1021,0,123.6
makupka,2021-07-29,1,1,0,1867,167,144,23,95.4
MartinBaxa2,2021-07-29,1,1,0,37,120,119,1,37.7
metnarl,2021-07-29,1,1,0,23,108,81,27,5.6
MJureka,2021-07-29,4,3,1,235,1275,1109,166,240.3
ODScz,2021-07-29,16,10,6,1189,3146,954,2192,122.7
olgarichterova,2021-07-29,2,2,0,512,486,458,28,35.8
P_Fiala,2021-07-29,1,1,0,325,790,516,274,196
PiratIvanBartos,2021-07-29,1,1,0,0,624,588,36,239.6
PiratskaStrana,2021-07-29,2,1,1,76,1272,519,753,72.5
Pospisil_Jiri,2021-07-29,1,1,0,47,397,340,57,90.4
RobertSlachta,2021-07-29,1,0,1,0,160,105,55,3.6
SpoluKoalice,2021-07-29,15,0,15,0,3318,255,3063,47.7
STANcz,2021-07-29,4,1,3,42,777,218,559,13.2
TomasCzernin,2021-07-29,1,1,0,175,162,158,4,89
TomasZdechovsky,2021-07-29,11,7,4,284,5724,4321,1403,272.4
tomio_cz,2021-07-29,5,5,0,354,811,811,0,41.8
VeslavM,2021-07-29,3,3,0,347,429,420,9,10.4
Vit_Rakusan,2021-07-29,1,0,1,0,208,184,24,89.2
vonpecka,2021-07-29,1,1,0,11,709,505,204,14.7
ZdenekHrib,2021-07-29,10,9,1,627,792,707,85,144.4
zeleni_cz,2021-07-29,2,0,2,0,531,283,248,6.4
alenaschillerov,2021-07-28,14,14,0,371,1257,1123,134,44.8
AndrejBabis,2021-07-28,13,2,11,385,2566,615,1951,105.4
general_pavel,2021-07-28,1,1,0,289,154,153,1,97.4
honzabartosek,2021-07-28,2,2,0,25,343,340,3,42.2
Jan_Skopecek,2021-07-28,5,4,1,1423,540,485,55,109.3
jana_cernochova,2021-07-28,2,2,0,480,535,517,18,45.2
JanLipavsky,2021-07-28,6,0,6,0,1632,304,1328,46.7
jhamacek,2021-07-28,1,1,0,132,447,335,112,53.3
kalousekm,2021-07-28,14,14,0,4542,2253,2213,40,1060.5
KarelHavlicek_,2021-07-28,1,1,0,58,791,570,221,23.8
kducsl,2021-07-28,18,2,16,77,3596,289,3307,11.1
market_a,2021-07-28,2,2,0,1273,800,658,142,597.1
milionchvilek,2021-07-28,2,2,0,124,269,183,86,32.5
MJureka,2021-07-28,2,2,0,12,1271,1106,165,240.1
ODScz,2021-07-28,9,2,7,384,3130,944,2186,121.5
olgarichterova,2021-07-28,3,2,1,579,484,456,28,35.3
P_Fiala,2021-07-28,1,1,0,237,789,515,274,195.7
PiratIvanBartos,2021-07-28,1,1,0,251,623,587,36,239.6
PiratskaStrana,2021-07-28,6,6,0,978,1270,518,752,72.4
Pospisil_Jiri,2021-07-28,3,2,1,91,396,339,57,90.3
SpoluKoalice,2021-07-28,15,1,14,90,3303,255,3048,47.7
STANcz,2021-07-28,6,2,4,189,773,217,556,13.2
TomasZdechovsky,2021-07-28,14,8,6,465,5713,4314,1399,272.1
tomio_cz,2021-07-28,9,9,0,122,806,806,0,41.4
TOP09cz,2021-07-28,8,0,8,0,2769,106,2663,15.3
Vit_Rakusan,2021-07-28,1,1,0,84,207,184,23,89.2
vojtafilip,2021-07-28,1,1,0,75,64,64,0,5.3
vonpecka,2021-07-28,1,0,1,0,708,504,204,14.7
ZdenekHrib,2021-07-28,6,6,0,536,782,698,84,143.8
zeleni_cz,2021-07-28,4,3,1,109,529,283,246,6.4
alenaschillerov,2021-07-27,5,5,0,86,1243,1109,134,44.5
AndrejBabis,2021-07-27,19,6,13,526,2553,613,1940,105.1
czKSCM,2021-07-27,1,0,1,0,89,20,69,0.2
general_pavel,2021-07-27,1,1,0,688,153,152,1,97.2
honzabartosek,2021-07-27,1,1,0,73,341,338,3,42.2
Jan_Skopecek,2021-07-27,2,2,0,559,535,481,54,107.9
jana_cernochova,2021-07-27,5,5,0,263,533,515,18,44.7
JanLipavsky,2021-07-27,6,2,4,564,1626,304,1322,46.7
jhamacek,2021-07-27,1,1,0,91,446,334,112,53.1
kalousekm,2021-07-27,7,7,0,1270,2239,2199,40,1056
KarelHavlicek_,2021-07-27,12,9,3,209,790,569,221,23.7
kducsl,2021-07-27,17,1,16,5,3578,287,3291,11.1
makupka,2021-07-27,1,1,0,528,166,143,23,93.6
market_a,2021-07-27,4,2,2,645,798,656,142,595.9
milionchvilek,2021-07-27,2,1,1,30,267,181,86,32.4
MJureka,2021-07-27,2,2,0,285,1269,1104,165,240.1
ODScz,2021-07-27,11,6,5,1157,3121,942,2179,121.1
olgarichterova,2021-07-27,2,1,1,219,481,454,27,34.7
P_Fiala,2021-07-27,3,2,1,311,788,514,274,195.4
PiratIvanBartos,2021-07-27,1,1,0,214,622,586,36,239.3
PiratskaStrana,2021-07-27,5,5,0,870,1264,512,752,71.5
Pospisil_Jiri,2021-07-27,1,1,0,95,393,337,56,90.3
SpoluKoalice,2021-07-27,20,1,19,70,3288,254,3034,47.6
STANcz,2021-07-27,1,0,1,0,767,215,552,13
TomasCzernin,2021-07-27,1,1,0,444,161,157,4,88.8
TomasZdechovsky,2021-07-27,27,23,4,1728,5699,4306,1393,271.6
tomio_cz,2021-07-27,7,7,0,455,797,797,0,41.3
TOP09cz,2021-07-27,5,0,5,0,2761,106,2655,15.3
vojtafilip,2021-07-27,1,1,0,36,63,63,0,5.2
ZdenekHrib,2021-07-27,32,32,0,2420,776,692,84,143.3
zeleni_cz,2021-07-27,4,2,2,64,525,280,245,6.3
alenaschillerov,2021-07-26,12,12,0,262,1238,1104,134,44.4
AndrejBabis,2021-07-26,22,6,16,723,2534,607,1927,104.5
honzabartosek,2021-07-26,2,2,0,568,340,337,3,42.1
Jan_Skopecek,2021-07-26,2,2,0,74,533,479,54,107.3
JanLipavsky,2021-07-26,1,0,1,0,1620,302,1318,46.2
kalousekm,2021-07-26,9,9,0,5431,2232,2192,40,1054.7
KarelHavlicek_,2021-07-26,12,10,2,383,778,560,218,23.5
kducsl,2021-07-26,27,0,27,0,3561,286,3275,11.1
Kuba_Martin,2021-07-26,8,8,0,8,1019,1019,0,122.3
market_a,2021-07-26,2,2,0,2654,794,654,140,595.2
milionchvilek,2021-07-26,2,2,0,344,265,180,85,32.3
MJureka,2021-07-26,9,8,1,826,1267,1102,165,239.8
ODScz,2021-07-26,15,11,4,595,3110,936,2174,120
P_Fiala,2021-07-26,4,3,1,263,785,512,273,195.1
PavelSehnal64,2021-07-26,2,2,0,6,58,58,0,0.3
PiratIvanBartos,2021-07-26,2,2,0,542,621,585,36,239.1
PiratskaStrana,2021-07-26,2,2,0,625,1259,507,752,70.6
Pospisil_Jiri,2021-07-26,4,4,0,263,392,336,56,90.2
SpoluKoalice,2021-07-26,16,1,15,56,3268,253,3015,47.5
STANcz,2021-07-26,3,0,3,0,766,215,551,13
TomasCzernin,2021-07-26,2,2,0,756,160,156,4,88.4
TomasZdechovsky,2021-07-26,36,30,6,671,5672,4283,1389,269.9
tomio_cz,2021-07-26,4,4,0,369,790,790,0,40.8
TOP09cz,2021-07-26,10,0,10,0,2756,106,2650,15.3
VeslavM,2021-07-26,3,3,0,5,426,417,9,10
ZdenekHrib,2021-07-26,25,25,0,2267,744,660,84,140.8
zeleni_cz,2021-07-26,1,0,1,0,521,278,243,6.3
alenaschillerov,2021-07-25,7,5,2,164,1226,1092,134,44.1
AndrejBabis,2021-07-25,16,13,3,742,2512,601,1911,103.8
Jan_Skopecek,2021-07-25,1,1,0,159,531,477,54,107.3
jana_cernochova,2021-07-25,1,1,0,1,528,510,18,44.4
JanLipavsky,2021-07-25,1,0,1,0,1619,302,1317,46.2
jhamacek,2021-07-25,1,0,1,0,445,333,112,53.1
kalousekm,2021-07-25,8,8,0,2451,2223,2183,40,1049.3
KarelHavlicek_,2021-07-25,3,2,1,179,766,550,216,23.2
kducsl,2021-07-25,4,1,3,78,3534,286,3248,11.1
Kuba_Martin,2021-07-25,19,19,0,493,1011,1011,0,122.3
market_a,2021-07-25,2,2,0,497,792,652,140,592.6
ODScz,2021-07-25,2,2,0,618,3095,925,2170,119.4
PiratskaStrana,2021-07-25,1,1,0,330,1257,505,752,70
Pospisil_Jiri,2021-07-25,2,1,1,233,388,332,56,89.9
RobertSlachta,2021-07-25,2,0,2,0,159,105,54,3.6
SpoluKoalice,2021-07-25,6,0,6,0,3252,252,3000,47.5
STANcz,2021-07-25,2,1,1,92,763,215,548,13
TomasZdechovsky,2021-07-25,15,11,4,278,5636,4253,1383,269.2
tomio_cz,2021-07-25,5,5,0,464,786,786,0,40.5
TOP09cz,2021-07-25,1,0,1,0,2746,106,2640,15.3
VeslavM,2021-07-25,12,12,0,356,423,414,9,10
vonpecka,2021-07-25,1,0,1,0,707,504,203,14.7
ZdenekHrib,2021-07-25,2,0,2,0,719,635,84,138.6
alenaschillerov,2021-07-24,3,3,0,54,1219,1087,132,44
AndrejBabis,2021-07-24,4,1,3,170,2496,588,1908,103.1
Jan_Skopecek,2021-07-24,1,1,0,25,530,476,54,107.1
jana_cernochova,2021-07-24,1,1,0,180,527,509,18,44.4
JanLipavsky,2021-07-24,1,1,0,927,1618,302,1316,46.2
jhamacek,2021-07-24,1,0,1,0,444,333,111,53.1
KarelHavlicek_,2021-07-24,6,6,0,191,763,548,215,23
kducsl,2021-07-24,5,0,5,0,3530,285,3245,11
Kuba_Martin,2021-07-24,17,17,0,572,992,992,0,121.8
market_a,2021-07-24,3,2,1,23,790,650,140,592.1
MJureka,2021-07-24,1,1,0,3,1258,1094,164,238.9
ODScz,2021-07-24,3,2,1,350,3093,923,2170,118.8
olgarichterova,2021-07-24,1,1,0,1,479,453,26,34.5
PiratIvanBartos,2021-07-24,2,2,0,382,619,583,36,238.6
SpoluKoalice,2021-07-24,4,0,4,0,3246,252,2994,47.5
STANcz,2021-07-24,1,0,1,0,761,214,547,12.9
TomasZdechovsky,2021-07-24,8,7,1,553,5621,4242,1379,268.9
tomio_cz,2021-07-24,5,5,0,306,781,781,0,40
VeslavM,2021-07-24,6,6,0,167,411,402,9,9.7
Vit_Rakusan,2021-07-24,1,1,0,138,206,183,23,89.1
ZdenekHrib,2021-07-24,1,0,1,0,717,635,82,138.6
alenaschillerov,2021-07-23,7,7,0,137,1216,1084,132,43.9
AndrejBabis,2021-07-23,8,3,5,519,2492,587,1905,102.9
Jan_Skopecek,2021-07-23,5,5,0,439,529,475,54,107.1
JanLipavsky,2021-07-23,4,1,3,273,1617,301,1316,45.3
jhamacek,2021-07-23,1,0,1,0,443,333,110,53.1
kalousekm,2021-07-23,16,16,0,3563,2215,2175,40,1046.8
KarelHavlicek_,2021-07-23,1,1,0,40,757,542,215,22.8
kducsl,2021-07-23,13,2,11,41,3525,285,3240,11
market_a,2021-07-23,1,1,0,1083,787,648,139,592.1
metnarl,2021-07-23,1,1,0,91,107,80,27,5.6
milionchvilek,2021-07-23,1,1,0,130,263,178,85,32
MJureka,2021-07-23,13,12,1,907,1257,1093,164,238.9
ODScz,2021-07-23,10,5,5,627,3090,921,2169,118.4
olgarichterova,2021-07-23,2,1,1,301,478,452,26,34.5
P_Fiala,2021-07-23,3,1,2,146,781,509,272,194.9
PiratIvanBartos,2021-07-23,8,7,1,2158,617,581,36,238.2
PiratskaStrana,2021-07-23,2,1,1,2,1256,504,752,69.6
RobertSlachta,2021-07-23,1,0,1,0,157,105,52,3.6
SpoluKoalice,2021-07-23,17,0,17,0,3242,252,2990,47.5
STANcz,2021-07-23,5,0,5,0,760,214,546,12.9
TomasZdechovsky,2021-07-23,26,15,11,446,5613,4235,1378,268.4
tomio_cz,2021-07-23,1,1,0,12,776,776,0,39.7
TOP09cz,2021-07-23,1,0,1,0,2745,106,2639,15.3
Vit_Rakusan,2021-07-23,7,6,1,728,205,182,23,89
vonpecka,2021-07-23,2,2,0,51,706,504,202,14.7
ZdenekHrib,2021-07-23,3,3,0,284,716,635,81,138.6
zeleni_cz,2021-07-23,2,1,1,46,520,278,242,6.3
alenaschillerov,2021-07-22,10,10,0,221,1209,1077,132,43.8
AndrejBabis,2021-07-22,22,7,15,331,2484,584,1900,102.4
general_pavel,2021-07-22,2,2,0,342,152,151,1,96.5
honzabartosek,2021-07-22,2,2,0,81,338,335,3,41.5
Jan_Skopecek,2021-07-22,4,3,1,316,524,470,54,106.6
jana_cernochova,2021-07-22,6,6,0,208,526,508,18,44.3
JanLipavsky,2021-07-22,4,3,1,333,1613,300,1313,45
jhamacek,2021-07-22,4,4,0,674,442,333,109,53.1
kalousekm,2021-07-22,7,7,0,5293,2199,2159,40,1043.3
KarelHavlicek_,2021-07-22,9,7,2,290,756,541,215,22.7
kducsl,2021-07-22,22,0,22,0,3512,283,3229,10.9
Kuba_Martin,2021-07-22,6,6,0,8,975,975,0,121.3
makupka,2021-07-22,2,2,0,2095,165,142,23,93
market_a,2021-07-22,1,1,0,939,786,647,139,591
metnarl,2021-07-22,2,2,0,76,106,79,27,5.5
MJureka,2021-07-22,8,7,1,2743,1244,1081,163,238
ODScz,2021-07-22,24,10,14,616,3080,916,2164,117.8
olgarichterova,2021-07-22,1,0,1,0,476,451,25,34.2
P_Fiala,2021-07-22,5,3,2,750,778,508,270,194.7
PiratIvanBartos,2021-07-22,3,3,0,188,609,574,35,236
PiratskaStrana,2021-07-22,4,3,1,114,1254,503,751,69.6
Pospisil_Jiri,2021-07-22,1,1,0,202,386,331,55,89.7
RobertSlachta,2021-07-22,2,2,0,39,156,105,51,3.6
SpoluKoalice,2021-07-22,18,0,18,0,3225,252,2973,47.5
STANcz,2021-07-22,1,0,1,0,755,214,541,12.9
TomasCzernin,2021-07-22,3,3,0,167,158,154,4,87.6
TomasZdechovsky,2021-07-22,16,12,4,1684,5587,4220,1367,267.9
tomio_cz,2021-07-22,1,1,0,259,775,775,0,39.7
TOP09cz,2021-07-22,2,0,2,0,2744,106,2638,15.3
VeslavM,2021-07-22,1,1,0,54,405,396,9,9.5
vojtafilip,2021-07-22,2,2,0,36,62,62,0,5.2
vonpecka,2021-07-22,1,0,1,0,704,502,202,14.7
ZdenekHrib,2021-07-22,2,1,1,99,713,632,81,138.3
alenaschillerov,2021-07-21,9,8,1,167,1199,1067,132,43.5
AndrejBabis,2021-07-21,15,10,5,930,2462,577,1885,102.1
Jan_Skopecek,2021-07-21,4,4,0,1268,520,467,53,106.3
jana_cernochova,2021-07-21,1,1,0,73,520,502,18,44
JanLipavsky,2021-07-21,5,0,5,0,1609,297,1312,44.6
jhamacek,2021-07-21,1,1,0,249,438,329,109,52.4
kalousekm,2021-07-21,8,8,0,1864,2192,2152,40,1038
KarelHavlicek_,2021-07-21,6,4,2,103,747,534,213,22.5
kducsl,2021-07-21,12,0,12,0,3490,283,3207,10.9
Kuba_Martin,2021-07-21,3,3,0,374,969,969,0,121.3
market_a,2021-07-21,1,1,0,980,785,646,139,590
metnarl,2021-07-21,2,1,1,35,104,77,27,5.4
milionchvilek,2021-07-21,1,1,0,78,262,177,85,31.9
MJureka,2021-07-21,5,3,2,596,1236,1074,162,235.3
ODScz,2021-07-21,29,10,19,763,3056,906,2150,117.2
P_Fiala,2021-07-21,13,11,2,884,773,505,268,194
PiratIvanBartos,2021-07-21,8,8,0,2399,606,571,35,235.9
PiratskaStrana,2021-07-21,3,0,3,0,1250,500,750,69.5
Pospisil_Jiri,2021-07-21,1,1,0,104,385,330,55,89.5
SpoluKoalice,2021-07-21,28,2,26,401,3207,252,2955,47.5
STANcz,2021-07-21,2,1,1,100,754,214,540,12.9
TomasZdechovsky,2021-07-21,26,20,6,2513,5571,4208,1363,266.3
tomio_cz,2021-07-21,3,3,0,390,774,774,0,39.4
TOP09cz,2021-07-21,18,0,18,0,2742,106,2636,15.3
VeslavM,2021-07-21,5,5,0,18,404,395,9,9.4
volimtrikoloru,2021-07-21,1,1,0,1,144,121,23,4.4
vonpecka,2021-07-21,2,1,1,4,703,502,201,14.7
ZdenekHrib,2021-07-21,1,1,0,363,711,631,80,138.2
zeleni_cz,2021-07-21,7,6,1,9,518,277,241,6.2
alenaschillerov,2021-07-20,11,10,1,189,1190,1059,131,43.4
AndrejBabis,2021-07-20,27,12,15,760,2447,567,1880,101.1
general_pavel,2021-07-20,1,1,0,145,150,149,1,96.1
Jan_Skopecek,2021-07-20,2,1,1,61,516,463,53,105
JanLipavsky,2021-07-20,4,0,4,0,1604,297,1307,44.6
jhamacek,2021-07-20,2,2,0,52,437,328,109,52.1
kalousekm,2021-07-20,8,8,0,2116,2184,2144,40,1036.1
KarelHavlicek_,2021-07-20,4,4,0,150,741,530,211,22.3
kducsl,2021-07-20,19,0,19,0,3478,283,3195,10.9
Kuba_Martin,2021-07-20,3,3,0,18,966,966,0,120.9
market_a,2021-07-20,1,1,0,175,784,645,139,589.1
metnarl,2021-07-20,3,2,1,65,102,76,26,5.4
MJureka,2021-07-20,4,2,2,273,1231,1071,160,234.7
ODScz,2021-07-20,9,2,7,450,3027,896,2131,116.4
olgarichterova,2021-07-20,2,1,1,437,475,451,24,34.2
P_Fiala,2021-07-20,2,2,0,465,760,494,266,193.1
PiratIvanBartos,2021-07-20,3,3,0,1102,598,563,35,233.5
PiratskaStrana,2021-07-20,3,1,2,156,1247,500,747,69.5
Pospisil_Jiri,2021-07-20,1,1,0,92,384,329,55,89.4
SpoluKoalice,2021-07-20,13,2,11,167,3179,250,2929,47.1
STANcz,2021-07-20,1,0,1,0,752,213,539,12.8
TomasCzernin,2021-07-20,1,1,0,692,155,151,4,87.5
TomasZdechovsky,2021-07-20,12,5,7,506,5545,4188,1357,263.8
tomio_cz,2021-07-20,1,1,0,13,771,771,0,39
TOP09cz,2021-07-20,9,0,9,0,2724,106,2618,15.3
VeslavM,2021-07-20,7,7,0,543,399,390,9,9.4
Vit_Rakusan,2021-07-20,2,2,0,545,198,176,22,88.3
volimtrikoloru,2021-07-20,1,1,0,1,143,120,23,4.4
vonpecka,2021-07-20,6,5,1,33,701,501,200,14.7
ZdenekHrib,2021-07-20,1,1,0,84,710,630,80,137.8
zeleni_cz,2021-07-20,7,6,1,3,511,271,240,6.2
alenaschillerov,2021-07-19,10,10,0,300,1179,1049,130,43.2
AndrejBabis,2021-07-19,21,8,13,1059,2420,555,1865,100.4
czKSCM,2021-07-19,1,0,1,0,88,20,68,0.2
Jan_Skopecek,2021-07-19,3,3,0,795,514,462,52,105
JanLipavsky,2021-07-19,6,0,6,0,1600,297,1303,44.6
jhamacek,2021-07-19,3,3,0,264,435,326,109,52.1
kalousekm,2021-07-19,4,4,0,3157,2176,2136,40,1034
KarelHavlicek_,2021-07-19,4,2,2,68,737,526,211,22.2
kducsl,2021-07-19,19,1,18,48,3459,283,3176,10.9
Kuba_Martin,2021-07-19,42,42,0,542,963,963,0,120.9
makupka,2021-07-19,1,1,0,1247,163,140,23,90.9
market_a,2021-07-19,1,1,0,813,783,644,139,588.9
MartinBaxa2,2021-07-19,1,1,0,48,119,118,1,37.7
metnarl,2021-07-19,3,2,1,57,99,74,25,5.3
MJureka,2021-07-19,3,3,0,347,1227,1069,158,234.4
ODScz,2021-07-19,14,3,11,468,3018,894,2124,115.9
P_Fiala,2021-07-19,5,5,0,1273,758,492,266,192.6
PiratIvanBartos,2021-07-19,6,6,0,2560,595,560,35,232.4
PiratskaStrana,2021-07-19,2,0,2,0,1244,499,745,69.4
Pospisil_Jiri,2021-07-19,3,3,0,670,383,328,55,89.3
SpoluKoalice,2021-07-19,29,1,28,261,3166,248,2918,46.9
STANcz,2021-07-19,1,0,1,0,751,213,538,12.8
TomasCzernin,2021-07-19,1,1,0,196,154,150,4,86.8
TomasZdechovsky,2021-07-19,18,15,3,1200,5533,4183,1350,263.2
tomio_cz,2021-07-19,2,2,0,163,770,770,0,39
TOP09cz,2021-07-19,17,0,17,0,2715,106,2609,15.3
VeslavM,2021-07-19,5,5,0,2,392,383,9,8.9
vojtafilip,2021-07-19,1,1,0,35,60,60,0,5.2
volimtrikoloru,2021-07-19,1,0,1,0,142,119,23,4.4
vonpecka,2021-07-19,7,4,3,18,695,496,199,14.6
zeleni_cz,2021-07-19,5,4,1,199,504,265,239,6.2
alenaschillerov,2021-07-18,7,7,0,186,1169,1039,130,42.9
AndrejBabis,2021-07-18,2,2,0,424,2399,547,1852,99.3
Jan_Skopecek,2021-07-18,1,1,0,33,511,459,52,104.2
JanLipavsky,2021-07-18,2,0,2,0,1594,297,1297,44.6
kalousekm,2021-07-18,6,6,0,2049,2172,2132,40,1030.8
KarelHavlicek_,2021-07-18,2,1,1,94,733,524,209,22.1
kducsl,2021-07-18,6,0,6,0,3440,282,3158,10.9
market_a,2021-07-18,2,2,0,531,782,643,139,588.1
MJureka,2021-07-18,3,3,0,210,1224,1066,158,234.1
ODScz,2021-07-18,3,1,2,120,3004,891,2113,115.5
PiratIvanBartos,2021-07-18,2,2,0,234,589,554,35,229.8
Pospisil_Jiri,2021-07-18,1,1,0,225,380,325,55,88.6
SpoluKoalice,2021-07-18,8,0,8,0,3137,247,2890,46.6
STANcz,2021-07-18,1,0,1,0,750,213,537,12.8
TomasCzernin,2021-07-18,1,1,0,254,153,149,4,86.6
TomasZdechovsky,2021-07-18,22,18,4,688,5515,4168,1347,262
tomio_cz,2021-07-18,2,2,0,272,768,768,0,38.9
TOP09cz,2021-07-18,1,0,1,0,2698,106,2592,15.3
VeslavM,2021-07-18,6,6,0,252,387,378,9,8.9
Vit_Rakusan,2021-07-18,1,1,0,594,196,174,22,87.7
vonpecka,2021-07-18,1,0,1,0,688,492,196,14.6
ZdenekHrib,2021-07-18,12,12,0,82,709,629,80,137.7
zeleni_cz,2021-07-18,1,1,0,0,499,261,238,6
alenaschillerov,2021-07-17,3,3,0,80,1162,1032,130,42.7
AndrejBabis,2021-07-17,13,3,10,412,2397,545,1852,98.9
Jan_Skopecek,2021-07-17,3,3,0,586,510,458,52,104.2
JanLipavsky,2021-07-17,12,0,12,0,1592,297,1295,44.6
kalousekm,2021-07-17,1,1,0,2028,2166,2126,40,1028.8
KarelHavlicek_,2021-07-17,7,7,0,226,731,523,208,22
kducsl,2021-07-17,14,0,14,0,3434,282,3152,10.9
market_a,2021-07-17,1,1,0,5,780,641,139,587.5
MJureka,2021-07-17,9,8,1,1617,1221,1063,158,233.9
ODScz,2021-07-17,3,1,2,382,3001,890,2111,115.4
PiratIvanBartos,2021-07-17,2,2,0,760,587,552,35,229.6
PiratskaStrana,2021-07-17,2,2,0,206,1242,499,743,69.4
SpoluKoalice,2021-07-17,17,2,15,85,3129,247,2882,46.6
STANcz,2021-07-17,2,1,1,138,749,213,536,12.8
TomasZdechovsky,2021-07-17,28,25,3,682,5493,4150,1343,261.4
tomio_cz,2021-07-17,1,1,0,156,766,766,0,38.6
TOP09cz,2021-07-17,5,0,5,0,2697,106,2591,15.3
VeslavM,2021-07-17,2,2,0,0,381,372,9,8.6
Vit_Rakusan,2021-07-17,6,6,0,582,195,173,22,87.1
vonpecka,2021-07-17,4,2,2,21,687,492,195,14.6
zeleni_cz,2021-07-17,2,0,2,0,498,260,238,6
alenaschillerov,2021-07-16,7,6,1,287,1159,1029,130,42.6
AndrejBabis,2021-07-16,12,9,3,854,2384,542,1842,98.5
honzabartosek,2021-07-16,2,2,0,313,336,333,3,41.4
Jan_Skopecek,2021-07-16,2,2,0,38,507,455,52,103.6
jana_cernochova,2021-07-16,1,1,0,65,519,501,18,44
JanLipavsky,2021-07-16,4,0,4,0,1580,297,1283,44.6
jhamacek,2021-07-16,1,1,0,40,432,323,109,51.8
kalousekm,2021-07-16,7,7,0,2784,2165,2125,40,1026.8
KarelHavlicek_,2021-07-16,7,7,0,256,724,516,208,21.8
kducsl,2021-07-16,23,2,21,8,3420,282,3138,10.9
makupka,2021-07-16,1,1,0,697,162,139,23,89.7
market_a,2021-07-16,4,3,1,1298,779,640,139,587.5
MJureka,2021-07-16,6,6,0,528,1212,1055,157,232.3
ODScz,2021-07-16,19,4,15,1421,2998,889,2109,115
olgarichterova,2021-07-16,1,0,1,0,473,450,23,33.8
P_Fiala,2021-07-16,14,12,2,1644,753,487,266,191.4
PiratIvanBartos,2021-07-16,3,3,0,1354,585,550,35,228.8
PiratskaStrana,2021-07-16,3,1,2,1086,1240,497,743,69.2
Pospisil_Jiri,2021-07-16,1,0,1,0,379,324,55,88.4
SpoluKoalice,2021-07-16,39,4,35,688,3112,245,2867,46.5
STANcz,2021-07-16,2,1,1,63,747,212,535,12.7
TomasZdechovsky,2021-07-16,27,18,9,1154,5465,4125,1340,260.7
tomio_cz,2021-07-16,5,5,0,329,765,765,0,38.4
TOP09cz,2021-07-16,16,0,16,0,2692,106,2586,15.3
Vit_Rakusan,2021-07-16,1,1,0,230,189,167,22,86.5
vonpecka,2021-07-16,3,2,1,16,683,490,193,14.6
zeleni_cz,2021-07-16,3,2,1,44,496,260,236,6
alenaschillerov,2021-07-15,8,6,2,86,1152,1023,129,42.3
AndrejBabis,2021-07-15,14,8,6,4747,2372,533,1839,97.6
honzabartosek,2021-07-15,2,2,0,91,334,331,3,41.1
Jan_Skopecek,2021-07-15,8,8,0,1002,505,453,52,103.5
jana_cernochova,2021-07-15,1,1,0,254,518,500,18,43.9
JanLipavsky,2021-07-15,7,1,6,151,1576,297,1279,44.6
jhamacek,2021-07-15,6,4,2,356,431,322,109,51.8
kalousekm,2021-07-15,8,8,0,4423,2158,2118,40,1024
KarelHavlicek_,2021-07-15,2,1,1,51,717,509,208,21.6
kducsl,2021-07-15,27,2,25,163,3397,280,3117,10.9
Kuba_Martin,2021-07-15,1,1,0,9,921,921,0,120.3
makupka,2021-07-15,1,1,0,365,161,138,23,89
market_a,2021-07-15,3,2,1,350,775,637,138,586.2
MartinBaxa2,2021-07-15,3,2,1,256,118,117,1,37.7
metnarl,2021-07-15,4,3,1,77,96,72,24,5.3
ODScz,2021-07-15,18,3,15,915,2979,885,2094,113.6
P_Fiala,2021-07-15,5,4,1,881,739,475,264,189.7
PiratIvanBartos,2021-07-15,9,9,0,2040,582,547,35,227.4
PiratskaStrana,2021-07-15,3,3,0,4106,1237,496,741,68.1
Pospisil_Jiri,2021-07-15,2,2,0,464,378,324,54,88.4
SpoluKoalice,2021-07-15,22,3,19,217,3073,241,2832,45.9
STANcz,2021-07-15,6,3,3,978,745,211,534,12.6
TomasZdechovsky,2021-07-15,24,19,5,624,5438,4107,1331,259.5
tomio_cz,2021-07-15,3,3,0,155,760,760,0,38.1
TOP09cz,2021-07-15,11,2,9,59,2676,106,2570,15.3
VeslavM,2021-07-15,1,1,0,1,379,370,9,8.6
Vit_Rakusan,2021-07-15,2,2,0,511,188,166,22,86.3
vonpecka,2021-07-15,5,4,1,62,680,488,192,14.6
zeleni_cz,2021-07-15,2,1,1,1,493,258,235,6
alenaschillerov,2021-07-14,16,16,0,362,1144,1017,127,42.3
AndrejBabis,2021-07-14,27,8,19,485,2358,525,1833,92.9
honzabartosek,2021-07-14,2,2,0,228,332,329,3,41
Jan_Skopecek,2021-07-14,2,2,0,744,497,445,52,102.5
JanLipavsky,2021-07-14,5,0,5,0,1569,296,1273,44.5
kalousekm,2021-07-14,7,7,0,771,2150,2110,40,1019.6
KarelHavlicek_,2021-07-14,4,3,1,127,715,508,207,21.5
kducsl,2021-07-14,17,1,16,28,3370,278,3092,10.7
market_a,2021-07-14,5,5,0,2508,772,635,137,585.9
metnarl,2021-07-14,2,2,0,247,92,69,23,5.2
MJureka,2021-07-14,4,4,0,382,1206,1049,157,231.7
ODScz,2021-07-14,15,6,9,216,2961,882,2079,112.6
P_Fiala,2021-07-14,1,1,0,186,734,471,263,188.8
PavelSehnal64,2021-07-14,1,1,0,6,56,56,0,0.3
PiratIvanBartos,2021-07-14,3,3,0,2220,573,538,35,225.4
PiratskaStrana,2021-07-14,7,3,4,868,1234,493,741,64
Pospisil_Jiri,2021-07-14,1,1,0,1293,376,322,54,87.9
SpoluKoalice,2021-07-14,22,3,19,572,3051,238,2813,45.6
STANcz,2021-07-14,1,0,1,0,739,208,531,11.6
TomasZdechovsky,2021-07-14,45,33,12,1486,5414,4088,1326,258.9
tomio_cz,2021-07-14,2,2,0,201,757,757,0,37.9
TOP09cz,2021-07-14,20,1,19,74,2665,104,2561,15.2
VeslavM,2021-07-14,3,3,0,33,378,369,9,8.6
Vit_Rakusan,2021-07-14,1,1,0,1,186,164,22,85.8
volimtrikoloru,2021-07-14,1,0,1,0,141,119,22,4.4
vonpecka,2021-07-14,9,3,6,45,675,484,191,14.5
ZdenekHrib,2021-07-14,1,0,1,0,697,617,80,137.7
zeleni_cz,2021-07-14,5,4,1,130,491,257,234,6
alenaschillerov,2021-07-13,10,10,0,222,1128,1001,127,41.9
AndrejBabis,2021-07-13,5,0,5,0,2331,517,1814,92.4
general_pavel,2021-07-13,1,1,0,258,149,148,1,96
honzabartosek,2021-07-13,1,1,0,80,330,327,3,40.8
Jan_Skopecek,2021-07-13,5,5,0,549,495,443,52,101.8
jana_cernochova,2021-07-13,2,2,0,360,517,499,18,43.7
JanLipavsky,2021-07-13,7,0,7,0,1564,296,1268,44.5
jhamacek,2021-07-13,2,1,1,83,425,318,107,51.4
kalousekm,2021-07-13,10,10,0,1722,2143,2103,40,1018.8
KarelHavlicek_,2021-07-13,3,2,1,44,711,505,206,21.4
kducsl,2021-07-13,34,2,32,160,3353,277,3076,10.7
makupka,2021-07-13,1,1,0,703,160,137,23,88.6
market_a,2021-07-13,6,5,1,1569,767,630,137,583.4
metnarl,2021-07-13,3,2,1,41,90,67,23,4.9
MJureka,2021-07-13,7,6,1,377,1202,1045,157,231.3
ODScz,2021-07-13,21,5,16,929,2946,876,2070,112.4
olgarichterova,2021-07-13,1,1,0,293,472,450,22,33.8
P_Fiala,2021-07-13,5,0,5,0,733,470,263,188.6
PiratIvanBartos,2021-07-13,7,7,0,4392,570,535,35,223.2
PiratskaStrana,2021-07-13,7,3,4,545,1227,490,737,63.1
Pospisil_Jiri,2021-07-13,1,0,1,0,375,321,54,86.6
SpoluKoalice,2021-07-13,36,6,30,744,3029,235,2794,45.1
STANcz,2021-07-13,11,0,11,0,738,208,530,11.6
TomasCzernin,2021-07-13,1,1,0,196,152,148,4,86.3
TomasZdechovsky,2021-07-13,46,31,15,535,5369,4055,1314,257.4
tomio_cz,2021-07-13,11,11,0,397,755,755,0,37.7
TOP09cz,2021-07-13,11,1,10,52,2645,103,2542,15.2
Vit_Rakusan,2021-07-13,3,3,0,1070,185,163,22,85.8
vonpecka,2021-07-13,1,1,0,32,666,481,185,14.5
ZdenekHrib,2021-07-13,6,6,0,3026,696,617,79,137.7
zeleni_cz,2021-07-13,2,1,1,39,486,253,233,5.8
alenaschillerov,2021-07-12,8,8,0,220,1118,991,127,41.7
AndrejBabis,2021-07-12,10,2,8,161,2326,517,1809,92.4
honzabartosek,2021-07-12,2,2,0,78,329,326,3,40.7
Jan_Skopecek,2021-07-12,1,1,0,66,490,438,52,101.2
JanLipavsky,2021-07-12,8,0,8,0,1557,296,1261,44.5
jhamacek,2021-07-12,5,4,1,236,423,317,106,51.3
kalousekm,2021-07-12,2,2,0,1782,2133,2093,40,1017.1
KarelHavlicek_,2021-07-12,3,1,2,18,708,503,205,21.3
kducsl,2021-07-12,21,1,20,276,3319,275,3044,10.5
makupka,2021-07-12,1,1,0,378,159,136,23,87.9
market_a,2021-07-12,2,2,0,6382,761,625,136,581.8
metnarl,2021-07-12,1,1,0,28,87,65,22,4.9
MJureka,2021-07-12,3,3,0,177,1195,1039,156,231
ODScz,2021-07-12,19,6,13,474,2925,871,2054,111.5
olgarichterova,2021-07-12,2,2,0,430,471,449,22,33.5
P_Fiala,2021-07-12,13,8,5,653,728,470,258,188.6
PiratIvanBartos,2021-07-12,2,2,0,1175,563,528,35,218.8
PiratskaStrana,2021-07-12,3,0,3,0,1220,487,733,62.6
Pospisil_Jiri,2021-07-12,3,2,1,318,374,321,53,86.6
SpoluKoalice,2021-07-12,26,5,21,428,2993,229,2764,44.3
STANcz,2021-07-12,1,0,1,0,727,208,519,11.6
TomasCzernin,2021-07-12,1,1,0,706,151,147,4,86.1
TomasZdechovsky,2021-07-12,57,43,14,1623,5323,4024,1299,256.9
tomio_cz,2021-07-12,2,2,0,160,744,744,0,37.3
TOP09cz,2021-07-12,14,1,13,354,2634,102,2532,15.1
volimtrikoloru,2021-07-12,1,0,1,0,140,119,21,4.4
vonpecka,2021-07-12,5,5,0,150,665,480,185,14.4
Zbynek_Stanjura,2021-07-12,1,1,0,1545,23,19,4,20.4
ZdenekHrib,2021-07-12,8,8,0,281,690,611,79,134.6
zeleni_cz,2021-07-12,4,3,1,79,484,252,232,5.8
alenaschillerov,2021-07-11,3,2,1,44,1110,983,127,41.5
AndrejBabis,2021-07-11,11,1,10,483,2316,515,1801,92.2
general_pavel,2021-07-11,1,1,0,366,148,147,1,95.7
Jan_Skopecek,2021-07-11,2,2,0,351,489,437,52,101.2
JanLipavsky,2021-07-11,5,1,4,78,1549,296,1253,44.5
kalousekm,2021-07-11,9,9,0,365,2131,2091,40,1015.3
KarelHavlicek_,2021-07-11,2,1,1,18,705,502,203,21.3
kducsl,2021-07-11,8,0,8,0,3298,274,3024,10.2
Kuba_Martin,2021-07-11,9,9,0,293,920,920,0,120.3
market_a,2021-07-11,1,1,0,181,759,623,136,575.4
MJureka,2021-07-11,11,11,0,1743,1192,1036,156,230.8
ODScz,2021-07-11,3,1,2,151,2906,865,2041,111
P_Fiala,2021-07-11,2,2,0,439,715,462,253,188
PiratIvanBartos,2021-07-11,2,2,0,696,561,526,35,217.6
PiratskaStrana,2021-07-11,2,0,2,0,1217,487,730,62.6
SpoluKoalice,2021-07-11,8,0,8,0,2967,224,2743,43.9
STANcz,2021-07-11,1,0,1,0,726,208,518,11.6
TomasZdechovsky,2021-07-11,12,10,2,164,5266,3981,1285,255.3
tomio_cz,2021-07-11,1,1,0,61,742,742,0,37.2
vonpecka,2021-07-11,3,2,1,18,660,475,185,14.3
ZdenekHrib,2021-07-11,3,3,0,319,682,603,79,134.3
zeleni_cz,2021-07-11,3,2,1,7,480,249,231,5.7
alenaschillerov,2021-07-10,6,6,0,126,1107,981,126,41.4
AndrejBabis,2021-07-10,8,5,3,594,2305,514,1791,91.7
general_pavel,2021-07-10,1,1,0,1,147,146,1,95.4
Jan_Skopecek,2021-07-10,2,2,0,255,487,435,52,100.8
JanLipavsky,2021-07-10,4,0,4,0,1544,295,1249,44.4
kalousekm,2021-07-10,6,5,1,1050,2122,2082,40,1014.9
KarelHavlicek_,2021-07-10,4,4,0,194,703,501,202,21.3
kducsl,2021-07-10,9,0,9,0,3290,274,3016,10.2
Kuba_Martin,2021-07-10,25,25,0,541,911,911,0,120
makupka,2021-07-10,5,5,0,30,158,135,23,87.6
MJureka,2021-07-10,5,5,0,832,1181,1025,156,229
ODScz,2021-07-10,4,3,1,229,2903,864,2039,110.9
P_Fiala,2021-07-10,1,1,0,131,713,460,253,187.6
SpoluKoalice,2021-07-10,11,0,11,0,2959,224,2735,43.9
TomasZdechovsky,2021-07-10,22,20,2,334,5254,3971,1283,255.1
tomio_cz,2021-07-10,2,2,0,113,741,741,0,37.1
TOP09cz,2021-07-10,5,0,5,0,2620,101,2519,14.8
vonpecka,2021-07-10,2,2,0,9,657,473,184,14.3
ZdenekHrib,2021-07-10,15,15,0,1096,679,600,79,134
alenaschillerov,2021-07-09,6,6,0,147,1101,975,126,41.3
AndrejBabis,2021-07-09,9,2,7,152,2297,509,1788,91.1
general_pavel,2021-07-09,2,2,0,442,146,145,1,95.3
honzabartosek,2021-07-09,2,2,0,59,327,324,3,40.6
Jan_Skopecek,2021-07-09,3,3,0,1082,485,433,52,100.6
jana_cernochova,2021-07-09,6,6,0,551,515,497,18,43.3
JanLipavsky,2021-07-09,5,1,4,542,1540,295,1245,44.4
kalousekm,2021-07-09,4,4,0,986,2116,2077,39,1013.9
KarelHavlicek_,2021-07-09,9,8,1,206,699,497,202,21.1
kducsl,2021-07-09,14,0,14,0,3281,274,3007,10.2
Kuba_Martin,2021-07-09,1,1,0,26,886,886,0,119.5
makupka,2021-07-09,2,2,0,681,153,130,23,87.5
milionchvilek,2021-07-09,2,2,0,296,261,176,85,31.8
MJureka,2021-07-09,12,10,2,803,1176,1020,156,228.2
ODScz,2021-07-09,11,6,5,209,2899,861,2038,110.6
olgarichterova,2021-07-09,1,1,0,0,469,447,22,33.1
P_Fiala,2021-07-09,2,2,0,1195,712,459,253,187.4
PiratIvanBartos,2021-07-09,3,3,0,3765,559,524,35,216.9
PiratskaStrana,2021-07-09,3,0,3,0,1215,487,728,62.6
SpoluKoalice,2021-07-09,13,0,13,0,2948,224,2724,43.9
STANcz,2021-07-09,1,0,1,0,725,208,517,11.6
TomasZdechovsky,2021-07-09,28,23,5,778,5232,3951,1281,254.8
tomio_cz,2021-07-09,3,3,0,244,739,739,0,37
TOP09cz,2021-07-09,7,0,7,0,2615,101,2514,14.8
VeslavM,2021-07-09,1,1,0,1,375,366,9,8.6
Vit_Rakusan,2021-07-09,3,3,0,947,182,160,22,84.7
vonpecka,2021-07-09,2,2,0,511,655,471,184,14.3
ZdenekHrib,2021-07-09,5,4,1,589,664,585,79,132.9
zeleni_cz,2021-07-09,6,5,1,63,477,247,230,5.7
alenaschillerov,2021-07-08,11,11,0,384,1095,969,126,41.1
AndrejBabis,2021-07-08,15,7,8,597,2288,507,1781,91
czKSCM,2021-07-08,1,0,1,0,87,20,67,0.2
honzabartosek,2021-07-08,4,4,0,44,325,322,3,40.6
Jan_Skopecek,2021-07-08,8,8,0,2136,482,430,52,99.5
jana_cernochova,2021-07-08,1,1,0,562,509,491,18,42.7
JanLipavsky,2021-07-08,2,0,2,0,1535,294,1241,43.9
kalousekm,2021-07-08,22,21,1,1157,2112,2073,39,1012.9
KarelHavlicek_,2021-07-08,12,10,2,253,690,489,201,20.9
kducsl,2021-07-08,21,2,19,55,3267,274,2993,10.2
Kuba_Martin,2021-07-08,1,1,0,723,885,885,0,119.5
makupka,2021-07-08,1,1,0,1328,151,128,23,86.8
market_a,2021-07-08,2,1,1,1054,758,622,136,575.2
MJureka,2021-07-08,8,8,0,565,1164,1010,154,227.4
ODScz,2021-07-08,19,12,7,1426,2888,855,2033,110.4
olgarichterova,2021-07-08,3,3,0,88,468,446,22,33.1
P_Fiala,2021-07-08,1,1,0,270,710,457,253,186.2
PiratIvanBartos,2021-07-08,1,1,0,371,556,521,35,213.2
PiratskaStrana,2021-07-08,4,3,1,1563,1212,487,725,62.6
Pospisil_Jiri,2021-07-08,1,1,0,382,371,319,52,86.3
SpoluKoalice,2021-07-08,33,1,32,156,2935,224,2711,43.9
STANcz,2021-07-08,2,0,2,0,724,208,516,11.6
TomasZdechovsky,2021-07-08,29,23,6,1957,5204,3928,1276,254
tomio_cz,2021-07-08,3,3,0,357,736,736,0,36.8
TOP09cz,2021-07-08,6,1,5,220,2608,101,2507,14.8
VeslavM,2021-07-08,6,6,0,1,374,365,9,8.6
Vit_Rakusan,2021-07-08,1,1,0,206,179,157,22,83.8
vonpecka,2021-07-08,2,1,1,3,653,469,184,13.8
ZdenekHrib,2021-07-08,1,0,1,0,659,581,78,132.3
zeleni_cz,2021-07-08,2,1,1,24,471,242,229,5.6
alenaschillerov,2021-07-07,6,6,0,221,1084,958,126,40.8
AndrejBabis,2021-07-07,10,2,8,135,2273,500,1773,90.4
general_pavel,2021-07-07,1,1,0,112,144,143,1,94.9
honzabartosek,2021-07-07,3,3,0,650,321,318,3,40.5
Jan_Skopecek,2021-07-07,2,2,0,586,474,422,52,97.3
jana_cernochova,2021-07-07,1,1,0,153,508,490,18,42.2
JanLipavsky,2021-07-07,4,0,4,0,1533,294,1239,43.9
jhamacek,2021-07-07,2,2,0,536,418,313,105,51.1
kalousekm,2021-07-07,15,14,1,3264,2090,2052,38,1011.7
KarelHavlicek_,2021-07-07,3,3,0,78,678,479,199,20.6
kducsl,2021-07-07,33,5,28,204,3246,272,2974,10.2
market_a,2021-07-07,3,1,2,830,756,621,135,574.2
milionchvilek,2021-07-07,1,1,0,64,259,174,85,31.5
MJureka,2021-07-07,24,20,4,7830,1156,1002,154,226.8
ODScz,2021-07-07,15,9,6,780,2869,843,2026,109
olgarichterova,2021-07-07,2,2,0,153,465,443,22,33
P_Fiala,2021-07-07,5,4,1,2835,709,456,253,186
PiratIvanBartos,2021-07-07,13,13,0,863,555,520,35,212.8
PiratskaStrana,2021-07-07,9,0,9,0,1208,484,724,61
Pospisil_Jiri,2021-07-07,1,1,0,259,370,318,52,85.9
SpoluKoalice,2021-07-07,14,3,11,115,2902,223,2679,43.7
STANcz,2021-07-07,2,1,1,74,722,208,514,11.6
TomasCzernin,2021-07-07,1,1,0,263,150,146,4,85.4
TomasZdechovsky,2021-07-07,42,37,5,1608,5175,3905,1270,252
tomio_cz,2021-07-07,6,6,0,893,733,733,0,36.4
TOP09cz,2021-07-07,11,1,10,62,2602,100,2502,14.5
VeslavM,2021-07-07,1,1,0,24,368,359,9,8.6
Vit_Rakusan,2021-07-07,1,0,1,0,178,156,22,83.6
vojtafilip,2021-07-07,1,1,0,68,59,59,0,5.1
vonpecka,2021-07-07,3,3,0,76,651,468,183,13.8
zeleni_cz,2021-07-07,1,1,0,18,469,241,228,5.6
alenaschillerov,2021-07-06,2,1,1,15,1078,952,126,40.5
AndrejBabis,2021-07-06,4,0,4,0,2263,498,1765,90.3
Jan_Skopecek,2021-07-06,3,3,0,1109,472,420,52,96.8
JanLipavsky,2021-07-06,3,0,3,0,1529,294,1235,43.9
jhamacek,2021-07-06,1,1,0,55,416,311,105,50.6
kalousekm,2021-07-06,26,26,0,7185,2075,2038,37,1008.5
KarelHavlicek_,2021-07-06,4,3,1,71,675,476,199,20.6
kducsl,2021-07-06,22,0,22,0,3213,267,2946,10
Kuba_Martin,2021-07-06,9,9,0,974,884,884,0,118.7
makupka,2021-07-06,1,1,0,800,150,127,23,85.5
market_a,2021-07-06,1,1,0,1489,753,620,133,573.4
MJureka,2021-07-06,3,3,0,1449,1132,982,150,219
ODScz,2021-07-06,4,0,4,0,2854,834,2020,108.2
P_Fiala,2021-07-06,1,1,0,117,704,452,252,183.1
PiratIvanBartos,2021-07-06,5,5,0,2950,542,507,35,211.9
PiratskaStrana,2021-07-06,7,3,4,228,1199,484,715,61
Pospisil_Jiri,2021-07-06,1,1,0,159,369,317,52,85.7
SpoluKoalice,2021-07-06,21,0,21,0,2888,220,2668,43.6
STANcz,2021-07-06,4,0,4,0,720,207,513,11.5
TomasCzernin,2021-07-06,1,1,0,1249,149,145,4,85.1
TomasZdechovsky,2021-07-06,45,36,9,888,5133,3868,1265,250.4
tomio_cz,2021-07-06,2,2,0,313,727,727,0,35.5
TOP09cz,2021-07-06,9,0,9,0,2591,99,2492,14.5
VeslavM,2021-07-06,2,2,0,2,367,358,9,8.6
Vit_Rakusan,2021-07-06,1,1,0,1217,177,156,21,83.6
vonpecka,2021-07-06,2,0,2,0,648,465,183,13.7
Zbynek_Stanjura,2021-07-06,1,1,0,1390,22,18,4,18.9
zeleni_cz,2021-07-06,3,3,0,13,468,240,228,5.6
alenaschillerov,2021-07-05,2,2,0,137,1076,951,125,40.5
AndrejBabis,2021-07-05,6,4,2,1035,2259,498,1761,90.3
jhamacek,2021-07-05,1,1,0,121,415,310,105,50.5
kalousekm,2021-07-05,20,20,0,4035,2049,2012,37,1001.3
KarelHavlicek_,2021-07-05,2,1,1,292,671,473,198,20.5
kducsl,2021-07-05,15,0,15,0,3191,267,2924,10
Kuba_Martin,2021-07-05,1,1,0,0,875,875,0,117.8
MartinBaxa2,2021-07-05,1,1,0,43,115,115,0,37.4
milionchvilek,2021-07-05,1,1,0,26,258,173,85,31.4
MJureka,2021-07-05,2,2,0,1256,1129,979,150,217.6
ODScz,2021-07-05,4,2,2,687,2850,834,2016,108.2
P_Fiala,2021-07-05,1,1,0,596,703,451,252,183
PiratIvanBartos,2021-07-05,13,13,0,642,537,502,35,209
PiratskaStrana,2021-07-05,1,0,1,0,1192,481,711,60.8
Pospisil_Jiri,2021-07-05,2,1,1,283,368,316,52,85.5
SpoluKoalice,2021-07-05,12,0,12,0,2867,220,2647,43.6
TomasZdechovsky,2021-07-05,47,40,7,830,5088,3832,1256,249.5
tomio_cz,2021-07-05,1,1,0,0,725,725,0,35.2
TOP09cz,2021-07-05,2,0,2,0,2582,99,2483,14.5
Vit_Rakusan,2021-07-05,1,1,0,158,176,155,21,82.4
vonpecka,2021-07-05,1,1,0,15,646,465,181,13.7
alenaschillerov,2021-07-04,6,5,1,270,1074,949,125,40.4
AndrejBabis,2021-07-04,7,0,7,0,2253,494,1759,89.2
Jan_Skopecek,2021-07-04,2,1,1,49,469,417,52,95.7
JanLipavsky,2021-07-04,1,0,1,0,1526,294,1232,43.9
kalousekm,2021-07-04,8,8,0,981,2029,1992,37,997.2
KarelHavlicek_,2021-07-04,9,9,0,245,669,472,197,20.2
kducsl,2021-07-04,8,0,8,0,3176,267,2909,10
Kuba_Martin,2021-07-04,7,7,0,22,874,874,0,117.8
milionchvilek,2021-07-04,1,1,0,205,257,172,85,31.4
ODScz,2021-07-04,1,1,0,1014,2846,832,2014,107.5
olgarichterova,2021-07-04,1,0,1,0,463,441,22,32.8
PiratskaStrana,2021-07-04,1,1,0,151,1191,481,710,60.8
SpoluKoalice,2021-07-04,6,0,6,0,2855,220,2635,43.6
STANcz,2021-07-04,1,0,1,0,716,207,509,11.5
TomasZdechovsky,2021-07-04,18,16,2,471,5041,3792,1249,248.7
tomio_cz,2021-07-04,3,3,0,438,724,724,0,35.2
TOP09cz,2021-07-04,2,0,2,0,2580,99,2481,14.5
VeslavM,2021-07-04,3,3,0,49,365,356,9,8.6
vonpecka,2021-07-04,1,0,1,0,645,464,181,13.7
alenaschillerov,2021-07-03,5,5,0,211,1068,944,124,40.1
AndrejBabis,2021-07-03,4,2,2,545,2246,494,1752,89.2
Jan_Skopecek,2021-07-03,2,2,0,130,467,416,51,95.6
JanLipavsky,2021-07-03,4,0,4,0,1525,294,1231,43.9
kalousekm,2021-07-03,7,7,0,3675,2021,1984,37,996.3
kducsl,2021-07-03,10,0,10,0,3168,267,2901,10
Kuba_Martin,2021-07-03,7,7,0,345,867,867,0,117.7
market_a,2021-07-03,1,1,0,2683,752,619,133,571.9
milionchvilek,2021-07-03,1,1,0,172,256,171,85,31.2
MJureka,2021-07-03,1,1,0,62,1127,977,150,216.3
ODScz,2021-07-03,4,1,3,170,2845,831,2014,106.5
P_Fiala,2021-07-03,3,2,1,373,702,450,252,182.4
PiratIvanBartos,2021-07-03,4,4,0,349,524,489,35,208.3
PiratskaStrana,2021-07-03,1,0,1,0,1190,480,710,60.6
SpoluKoalice,2021-07-03,6,0,6,0,2849,220,2629,43.6
TomasZdechovsky,2021-07-03,22,18,4,1268,5023,3776,1247,248.2
tomio_cz,2021-07-03,3,3,0,353,721,721,0,34.8
TOP09cz,2021-07-03,1,0,1,0,2578,99,2479,14.5
VeslavM,2021-07-03,1,1,0,31,362,353,9,8.5
ZdenekHrib,2021-07-03,1,1,0,54,658,581,77,132.3
zeleni_cz,2021-07-03,2,2,0,40,465,237,228,5.6
alenaschillerov,2021-07-02,15,12,3,399,1063,939,124,39.9
AndrejBabis,2021-07-02,11,6,5,509,2242,492,1750,88.7
honzabartosek,2021-07-02,1,0,1,0,318,315,3,39.9
Jan_Skopecek,2021-07-02,1,1,0,280,465,414,51,95.5
JanLipavsky,2021-07-02,3,0,3,0,1521,294,1227,43.9
kalousekm,2021-07-02,2,2,0,271,2014,1977,37,992.6
KarelHavlicek_,2021-07-02,5,5,0,174,660,463,197,20
kducsl,2021-07-02,17,2,15,37,3158,267,2891,10
Kuba_Martin,2021-07-02,1,1,0,1,860,860,0,117.4
makupka,2021-07-02,1,1,0,196,149,126,23,84.7
market_a,2021-07-02,1,1,0,1129,751,618,133,569.2
MJureka,2021-07-02,3,2,1,1514,1126,976,150,216.2
ODScz,2021-07-02,8,4,4,712,2841,830,2011,106.4
P_Fiala,2021-07-02,1,1,0,528,699,448,251,182
PiratIvanBartos,2021-07-02,7,7,0,914,520,485,35,208
PiratskaStrana,2021-07-02,6,2,4,227,1189,480,709,60.6
Pospisil_Jiri,2021-07-02,1,1,0,37,366,315,51,85.2
RobertSlachta,2021-07-02,2,0,2,0,154,103,51,3.6
SpoluKoalice,2021-07-02,15,1,14,370,2843,220,2623,43.6
STANcz,2021-07-02,2,1,1,50,715,207,508,11.5
TomasCzernin,2021-07-02,1,1,0,303,148,144,4,83.9
TomasZdechovsky,2021-07-02,20,15,5,845,5001,3758,1243,247
tomio_cz,2021-07-02,2,2,0,88,718,718,0,34.4
TOP09cz,2021-07-02,8,1,7,234,2577,99,2478,14.5
VeslavM,2021-07-02,9,9,0,14,361,352,9,8.5
vonpecka,2021-07-02,3,1,2,17,644,464,180,13.7
zeleni_cz,2021-07-02,6,6,0,191,463,235,228,5.5
alenaschillerov,2021-07-01,11,9,2,190,1048,927,121,39.5
AndrejBabis,2021-07-01,12,5,7,418,2231,486,1745,88.2
czKSCM,2021-07-01,1,0,1,0,86,20,66,0.2
general_pavel,2021-07-01,2,2,0,440,143,142,1,94.8
honzabartosek,2021-07-01,1,1,0,91,317,315,2,39.9
Jan_Skopecek,2021-07-01,6,4,2,458,464,413,51,95.2
jana_cernochova,2021-07-01,1,1,0,12,507,489,18,42
JanLipavsky,2021-07-01,5,0,5,0,1518,294,1224,43.9
jhamacek,2021-07-01,1,0,1,0,414,309,105,50.4
kalousekm,2021-07-01,16,16,0,3260,2012,1975,37,992.3
KarelHavlicek_,2021-07-01,11,10,1,199,655,458,197,19.8
kducsl,2021-07-01,18,0,18,0,3141,265,2876,10
Kuba_Martin,2021-07-01,3,3,0,12,859,859,0,117.4
makupka,2021-07-01,1,1,0,182,148,125,23,84.5
market_a,2021-07-01,3,3,0,5396,750,617,133,568.1
MartinBaxa2,2021-07-01,1,1,0,105,114,114,0,37.4
metnarl,2021-07-01,1,1,0,31,86,64,22,4.9
MJureka,2021-07-01,3,3,0,413,1123,974,149,214.7
ODScz,2021-07-01,8,7,1,920,2833,826,2007,105.6
P_Fiala,2021-07-01,4,4,0,539,698,447,251,181.5
PiratIvanBartos,2021-07-01,12,12,0,1398,513,478,35,207.1
PiratskaStrana,2021-07-01,13,9,4,855,1183,478,705,60.4
RobertSlachta,2021-07-01,4,0,4,0,152,103,49,3.6
SpoluKoalice,2021-07-01,17,0,17,0,2828,219,2609,43.3
STANcz,2021-07-01,6,4,2,277,713,206,507,11.5
TomasZdechovsky,2021-07-01,49,42,7,776,4981,3743,1238,246.1
tomio_cz,2021-07-01,2,2,0,61,716,716,0,34.3
TOP09cz,2021-07-01,13,0,13,0,2569,98,2471,14.2
VeslavM,2021-07-01,4,4,0,81,352,343,9,8.5
Vit_Rakusan,2021-07-01,3,2,1,124,175,154,21,82.2
vojtafilip,2021-07-01,1,1,0,352,58,58,0,5.1
volimtrikoloru,2021-07-01,2,2,0,29,139,119,20,4.4
vonpecka,2021-07-01,6,4,2,141,641,463,178,13.6
Zbynek_Stanjura,2021-07-01,1,1,0,734,21,17,4,17.5
ZdenekHrib,2021-07-01,4,4,0,619,657,580,77,132.3
zeleni_cz,2021-07-01,5,5,0,118,457,229,228,5.3
alenaschillerov,2021-06-30,8,7,1,133,1037,918,119,39.3
AndrejBabis,2021-06-30,13,2,11,181,2219,481,1738,87.8
Jan_Skopecek,2021-06-30,2,2,0,199,458,409,49,94.7
JanLipavsky,2021-06-30,6,0,6,0,1513,294,1219,43.9
jhamacek,2021-06-30,1,1,0,126,413,309,104,50.4
kalousekm,2021-06-30,18,18,0,5548,1996,1959,37,989.1
KarelHavlicek_,2021-06-30,9,9,0,128,644,448,196,19.6
kducsl,2021-06-30,27,2,25,59,3123,265,2858,10
market_a,2021-06-30,1,1,0,297,747,614,133,562.7
metnarl,2021-06-30,2,2,0,65,85,63,22,4.8
MJureka,2021-06-30,3,2,1,452,1120,971,149,214.3
ODScz,2021-06-30,18,8,10,617,2825,819,2006,104.7
olgarichterova,2021-06-30,1,0,1,0,462,441,21,32.8
P_Fiala,2021-06-30,11,9,2,1325,694,443,251,181
PiratIvanBartos,2021-06-30,10,9,1,1388,501,466,35,205.7
PiratskaStrana,2021-06-30,9,1,8,108,1170,469,701,59.5
Pospisil_Jiri,2021-06-30,1,1,0,348,365,314,51,85.2
RobertSlachta,2021-06-30,1,1,0,5,148,103,45,3.6
SpoluKoalice,2021-06-30,18,1,17,274,2811,219,2592,43.3
STANcz,2021-06-30,4,3,1,55,707,202,505,11.2
TomasCzernin,2021-06-30,2,2,0,638,147,143,4,83.6
TomasZdechovsky,2021-06-30,46,40,6,713,4932,3701,1231,245.3
tomio_cz,2021-06-30,1,1,0,154,714,714,0,34.3
TOP09cz,2021-06-30,18,0,18,0,2556,98,2458,14.2
VeslavM,2021-06-30,1,1,0,63,348,339,9,8.4
vonpecka,2021-06-30,1,0,1,0,635,459,176,13.5
zeleni_cz,2021-06-30,10,9,1,49,452,224,228,5.2
alenaschillerov,2021-06-29,8,5,3,191,1029,911,118,39.2
AndrejBabis,2021-06-29,20,5,15,352,2206,479,1727,87.6
czKSCM,2021-06-29,2,0,2,0,85,20,65,0.2
honzabartosek,2021-06-29,1,1,0,47,316,314,2,39.8
Jan_Skopecek,2021-06-29,3,3,0,607,456,407,49,94.5
jana_cernochova,2021-06-29,1,1,0,116,506,488,18,42
JanLipavsky,2021-06-29,3,1,2,1,1507,294,1213,43.9
jhamacek,2021-06-29,5,3,2,430,412,308,104,50.3
kalousekm,2021-06-29,10,10,0,1033,1978,1941,37,983.5
KarelHavlicek_,2021-06-29,8,8,0,141,635,439,196,19.5
kducsl,2021-06-29,28,3,25,64,3096,263,2833,9.9
Kuba_Martin,2021-06-29,1,1,0,11,856,856,0,117.4
makupka,2021-06-29,1,1,0,415,147,124,23,84.3
market_a,2021-06-29,4,3,1,3177,746,613,133,562.4
metnarl,2021-06-29,1,1,0,24,83,61,22,4.8
MJureka,2021-06-29,5,4,1,2107,1117,969,148,213.9
ODScz,2021-06-29,11,3,8,644,2807,811,1996,104.1
olgarichterova,2021-06-29,2,0,2,0,461,441,20,32.8
P_Fiala,2021-06-29,7,4,3,332,683,434,249,179.6
PiratIvanBartos,2021-06-29,3,3,0,1313,491,457,34,204.3
PiratskaStrana,2021-06-29,4,1,3,215,1161,468,693,59.4
Pospisil_Jiri,2021-06-29,1,1,0,73,364,313,51,84.8
SpoluKoalice,2021-06-29,33,2,31,62,2793,218,2575,43
STANcz,2021-06-29,5,0,5,0,703,199,504,11.2
TomasCzernin,2021-06-29,1,1,0,359,145,141,4,83
TomasZdechovsky,2021-06-29,44,33,11,885,4886,3661,1225,244.6
tomio_cz,2021-06-29,6,6,0,501,713,713,0,34.1
TOP09cz,2021-06-29,13,1,12,18,2538,98,2440,14.2
VeslavM,2021-06-29,1,1,0,22,347,338,9,8.3
Vit_Rakusan,2021-06-29,1,1,0,350,172,152,20,82.1
vojtafilip,2021-06-29,1,1,0,62,57,57,0,4.7
vonpecka,2021-06-29,3,3,0,44,634,459,175,13.5
ZdenekHrib,2021-06-29,10,9,1,1902,653,576,77,131.7
zeleni_cz,2021-06-29,28,26,2,413,442,215,227,5.2
alenaschillerov,2021-06-28,9,8,1,358,1021,906,115,39
AndrejBabis,2021-06-28,16,0,16,0,2186,474,1712,87.2
honzabartosek,2021-06-28,1,1,0,5,315,313,2,39.8
Jan_Skopecek,2021-06-28,4,4,0,550,453,404,49,93.9
JanLipavsky,2021-06-28,3,1,2,76,1504,293,1211,43.9
jhamacek,2021-06-28,1,1,0,102,407,305,102,49.8
kalousekm,2021-06-28,29,29,0,15920,1968,1931,37,982.5
KarelHavlicek_,2021-06-28,5,4,1,169,627,431,196,19.3
kducsl,2021-06-28,29,0,29,0,3068,260,2808,9.8
makupka,2021-06-28,1,1,0,228,146,123,23,83.9
market_a,2021-06-28,3,2,1,362,742,610,132,559.2
MJureka,2021-06-28,2,2,0,6134,1112,965,147,211.8
ODScz,2021-06-28,6,3,3,893,2796,808,1988,103.5
P_Fiala,2021-06-28,2,1,1,300,676,430,246,179.3
PiratIvanBartos,2021-06-28,6,6,0,1969,488,454,34,203
PiratskaStrana,2021-06-28,4,0,4,0,1157,467,690,59.2
Pospisil_Jiri,2021-06-28,1,1,0,813,363,312,51,84.8
SpoluKoalice,2021-06-28,20,0,20,0,2760,216,2544,42.9
STANcz,2021-06-28,1,0,1,0,698,199,499,11.2
TomasCzernin,2021-06-28,2,2,0,1627,144,140,4,82.6
TomasZdechovsky,2021-06-28,42,34,8,1451,4842,3628,1214,243.7
tomio_cz,2021-06-28,1,1,0,6,707,707,0,33.6
TOP09cz,2021-06-28,13,0,13,0,2525,97,2428,14.2
VeslavM,2021-06-28,1,1,0,0,346,337,9,8.3
vonpecka,2021-06-28,2,2,0,31,631,456,175,13.5
ZdenekHrib,2021-06-28,2,1,1,288,643,567,76,129.8
zeleni_cz,2021-06-28,1,1,0,16,414,189,225,4.8
alenaschillerov,2021-06-27,5,3,2,491,1012,898,114,38.6
AndrejBabis,2021-06-27,16,6,10,1631,2170,474,1696,87.2
czKSCM,2021-06-27,1,0,1,0,83,20,63,0.2
honzabartosek,2021-06-27,1,0,1,0,314,312,2,39.7
Jan_Skopecek,2021-06-27,2,2,0,372,449,400,49,93.4
jana_cernochova,2021-06-27,1,1,0,90,505,487,18,41.9
JanLipavsky,2021-06-27,3,0,3,0,1501,292,1209,43.8
jhamacek,2021-06-27,3,2,1,496,406,304,102,49.7
kalousekm,2021-06-27,6,6,0,125,1939,1902,37,966.6
KarelHavlicek_,2021-06-27,2,1,1,29,622,427,195,19.1
kducsl,2021-06-27,19,1,18,43,3039,260,2779,9.8
makupka,2021-06-27,1,1,0,70,145,122,23,83.7
market_a,2021-06-27,6,4,2,7605,739,608,131,558.8
MJureka,2021-06-27,3,2,1,4029,1110,963,147,205.6
ODScz,2021-06-27,11,7,4,825,2790,805,1985,102.6
olgarichterova,2021-06-27,1,1,0,283,459,441,18,32.8
P_Fiala,2021-06-27,1,1,0,849,674,429,245,179
Pospisil_Jiri,2021-06-27,3,3,0,5011,362,311,51,83.9
RobertSlachta,2021-06-27,1,0,1,0,147,102,45,3.6
SpoluKoalice,2021-06-27,30,1,29,944,2740,216,2524,42.9
STANcz,2021-06-27,4,0,4,0,697,199,498,11.2
TomasZdechovsky,2021-06-27,25,14,11,1645,4800,3594,1206,242.3
tomio_cz,2021-06-27,5,5,0,220,706,706,0,33.6
TOP09cz,2021-06-27,9,0,9,0,2512,97,2415,14.2
VeslavM,2021-06-27,2,2,0,14,345,336,9,8.3
ZdenekHrib,2021-06-27,1,0,1,0,641,566,75,129.5
alenaschillerov,2021-06-26,8,7,1,259,1007,895,112,38.1
AndrejBabis,2021-06-26,8,1,7,529,2154,468,1686,85.6
czKSCM,2021-06-26,1,0,1,0,82,20,62,0.2
general_pavel,2021-06-26,1,1,0,425,141,140,1,94.4
Jan_Skopecek,2021-06-26,2,2,0,1646,447,398,49,93
JanLipavsky,2021-06-26,5,0,5,0,1498,292,1206,43.8
jhamacek,2021-06-26,3,1,2,265,403,302,101,49.2
kalousekm,2021-06-26,6,5,1,957,1933,1896,37,966.4
KarelHavlicek_,2021-06-26,2,2,0,91,620,426,194,19.1
kducsl,2021-06-26,19,1,18,370,3020,259,2761,9.8
makupka,2021-06-26,2,1,1,911,144,121,23,83.6
market_a,2021-06-26,5,1,4,2547,733,604,129,551.2
milionchvilek,2021-06-26,2,2,0,118,255,170,85,31
MJureka,2021-06-26,9,9,0,7023,1107,961,146,201.6
ODScz,2021-06-26,8,1,7,33,2779,798,1981,101.7
P_Fiala,2021-06-26,1,1,0,287,673,428,245,178.2
Pospisil_Jiri,2021-06-26,1,1,0,79,359,308,51,78.9
RobertSlachta,2021-06-26,2,0,2,0,146,102,44,3.6
SpoluKoalice,2021-06-26,25,0,25,0,2710,215,2495,42
STANcz,2021-06-26,1,0,1,0,693,199,494,11.2
TomasZdechovsky,2021-06-26,33,22,11,586,4775,3580,1195,240.6
tomio_cz,2021-06-26,4,4,0,118,701,701,0,33.4
TOP09cz,2021-06-26,1,0,1,0,2503,97,2406,14.2
VeslavM,2021-06-26,2,2,0,5,343,334,9,8.3
Vit_Rakusan,2021-06-26,2,1,1,4,171,151,20,81.7
vonpecka,2021-06-26,1,0,1,0,629,454,175,13.4
Zbynek_Stanjura,2021-06-26,1,1,0,674,20,16,4,16.8
ZdenekHrib,2021-06-26,1,0,1,0,640,566,74,129.5
zeleni_cz,2021-06-26,2,2,0,5,413,188,225,4.8
alenaschillerov,2021-06-25,14,9,5,659,999,888,111,37.9
AndrejBabis,2021-06-25,48,3,45,802,2146,467,1679,85.1
general_pavel,2021-06-25,3,3,0,882,140,139,1,93.9
honzabartosek,2021-06-25,3,2,1,15,313,312,1,39.7
jana_cernochova,2021-06-25,2,1,1,161,504,486,18,41.8
JanLipavsky,2021-06-25,11,0,11,0,1493,292,1201,43.8
jhamacek,2021-06-25,5,5,0,1032,400,301,99,49
kalousekm,2021-06-25,16,15,1,8750,1927,1891,36,965.5
KarelHavlicek_,2021-06-25,23,16,7,818,618,424,194,19
kducsl,2021-06-25,38,7,31,452,3001,258,2743,9.4
makupka,2021-06-25,1,1,0,504,142,120,22,82.7
market_a,2021-06-25,10,5,5,1809,728,603,125,548.7
MartinBaxa2,2021-06-25,1,1,0,409,113,113,0,37.3
metnarl,2021-06-25,3,1,2,110,82,60,22,4.7
MJureka,2021-06-25,13,11,2,13084,1098,952,146,194.6
ODScz,2021-06-25,18,6,12,508,2771,797,1974,101.7
P_Fiala,2021-06-25,31,4,27,1441,672,427,245,177.9
PiratIvanBartos,2021-06-25,1,1,0,4,482,448,34,201
Pospisil_Jiri,2021-06-25,2,2,0,5507,358,307,51,78.9
RobertSlachta,2021-06-25,3,2,1,67,144,102,42,3.6
SpoluKoalice,2021-06-25,25,2,23,929,2685,215,2470,42
STANcz,2021-06-25,17,3,14,178,692,199,493,11.2
TomasCzernin,2021-06-25,2,2,0,198,142,138,4,81
TomasZdechovsky,2021-06-25,49,28,21,1465,4742,3558,1184,240.1
tomio_cz,2021-06-25,5,5,0,322,697,697,0,33.3
TOP09cz,2021-06-25,26,0,26,0,2502,97,2405,14.2
VeslavM,2021-06-25,4,4,0,612,341,332,9,8.3
volimtrikoloru,2021-06-25,2,1,1,61,137,117,20,4.4
vonpecka,2021-06-25,5,3,2,180,628,454,174,13.4
ZdenekHrib,2021-06-25,1,0,1,0,639,566,73,129.5
zeleni_cz,2021-06-25,1,1,0,57,411,186,225,4.7
alenaschillerov,2021-06-24,6,6,0,727,985,879,106,37.2
AndrejBabis,2021-06-24,40,3,37,764,2098,464,1634,84.3
honzabartosek,2021-06-24,1,1,0,79,310,310,0,39.7
Jan_Skopecek,2021-06-24,1,1,0,71,445,396,49,91.4
jana_cernochova,2021-06-24,5,5,0,142,502,485,17,41.6
JanLipavsky,2021-06-24,6,0,6,0,1482,292,1190,43.8
jhamacek,2021-06-24,9,6,3,2790,395,296,99,47.9
kalousekm,2021-06-24,18,17,1,5403,1911,1876,35,956.7
KarelHavlicek_,2021-06-24,31,21,10,1094,595,408,187,18.2
kducsl,2021-06-24,22,0,22,0,2963,251,2712,9
Kuba_Martin,2021-06-24,2,2,0,651,855,855,0,117.4
market_a,2021-06-24,7,3,4,837,718,598,120,546.9
MartinBaxa2,2021-06-24,1,1,0,138,112,112,0,36.8
metnarl,2021-06-24,1,1,0,230,79,59,20,4.6
MJureka,2021-06-24,8,7,1,4352,1085,941,144,181.5
ODScz,2021-06-24,16,2,14,2,2753,791,1962,101.2
olgarichterova,2021-06-24,3,0,3,0,458,440,18,32.5
P_Fiala,2021-06-24,5,4,1,2453,641,423,218,176.4
PavelSehnal64,2021-06-24,2,2,0,7,55,55,0,0.3
PiratIvanBartos,2021-06-24,6,6,0,1362,481,447,34,201
PiratskaStrana,2021-06-24,16,14,2,1062,1153,467,686,59.2
Pospisil_Jiri,2021-06-24,2,2,0,702,356,305,51,73.3
SpoluKoalice,2021-06-24,26,0,26,0,2660,213,2447,41
STANcz,2021-06-24,2,1,1,90,675,196,479,11
TomasCzernin,2021-06-24,2,2,0,597,140,136,4,80.8
TomasZdechovsky,2021-06-24,37,27,10,767,4693,3530,1163,238.6
tomio_cz,2021-06-24,1,1,0,193,692,692,0,32.9
TOP09cz,2021-06-24,7,1,6,60,2476,97,2379,14.2
VeslavM,2021-06-24,1,1,0,78,337,328,9,7.7
Vit_Rakusan,2021-06-24,1,1,0,172,169,150,19,81.7
volimtrikoloru,2021-06-24,1,1,0,0,135,116,19,4.3
vonpecka,2021-06-24,2,2,0,52,623,451,172,13.2
ZdenekHrib,2021-06-24,16,13,3,1697,638,566,72,129.5
alenaschillerov,2021-06-23,8,8,0,357,979,873,106,36.5
AndrejBabis,2021-06-23,28,7,21,685,2058,461,1597,83.5
honzabartosek,2021-06-23,1,1,0,34,309,309,0,39.7
Jan_Skopecek,2021-06-23,2,2,0,317,444,395,49,91.3
jana_cernochova,2021-06-23,5,5,0,231,497,480,17,41.5
JanLipavsky,2021-06-23,9,1,8,19,1476,292,1184,43.8
jhamacek,2021-06-23,3,3,0,71,386,290,96,45.2
kalousekm,2021-06-23,3,3,0,109,1893,1859,34,951.3
KarelHavlicek_,2021-06-23,12,11,1,343,564,387,177,17.1
kducsl,2021-06-23,24,5,19,96,2941,251,2690,9
Kuba_Martin,2021-06-23,1,1,0,1,853,853,0,116.7
makupka,2021-06-23,1,1,0,141,141,119,22,82.2
market_a,2021-06-23,2,2,0,869,711,595,116,546
metnarl,2021-06-23,1,1,0,106,78,58,20,4.4
milionchvilek,2021-06-23,1,0,1,0,253,168,85,30.9
MJureka,2021-06-23,7,7,0,534,1077,934,143,177.1
ODScz,2021-06-23,22,8,14,178,2737,789,1948,101.2
P_Fiala,2021-06-23,6,6,0,2134,636,419,217,174
PiratIvanBartos,2021-06-23,11,11,0,1006,475,441,34,199.6
PiratskaStrana,2021-06-23,1,0,1,0,1137,453,684,58.1
Pospisil_Jiri,2021-06-23,1,1,0,2567,354,303,51,72.6
SpoluKoalice,2021-06-23,34,1,33,193,2634,213,2421,41
STANcz,2021-06-23,3,1,2,67,673,195,478,10.9
TomasCzernin,2021-06-23,2,2,0,440,138,134,4,80.2
TomasZdechovsky,2021-06-23,54,44,10,637,4656,3503,1153,237.8
tomio_cz,2021-06-23,2,2,0,80,691,691,0,32.7
TOP09cz,2021-06-23,17,2,15,426,2469,96,2373,14.2
vonpecka,2021-06-23,8,7,1,293,621,449,172,13.2
ZdenekHrib,2021-06-23,4,4,0,198,622,553,69,127.8
zeleni_cz,2021-06-23,3,0,3,0,410,185,225,4.7
alenaschillerov,2021-06-22,8,8,0,352,971,865,106,36.1
AndrejBabis,2021-06-22,22,6,16,300,2030,454,1576,82.8
general_pavel,2021-06-22,1,1,0,318,137,136,1,93
Jan_Skopecek,2021-06-22,2,0,2,0,442,393,49,91
jana_cernochova,2021-06-22,7,7,0,132,492,475,17,41.3
JanLipavsky,2021-06-22,3,0,3,0,1467,291,1176,43.8
kalousekm,2021-06-22,20,20,0,4707,1890,1856,34,951.2
KarelHavlicek_,2021-06-22,6,6,0,142,552,376,176,16.8
kducsl,2021-06-22,14,0,14,0,2917,246,2671,8.9
Kuba_Martin,2021-06-22,1,1,0,994,852,852,0,116.7
market_a,2021-06-22,1,1,0,271,709,593,116,545.2
metnarl,2021-06-22,4,1,3,11,77,57,20,4.3
milionchvilek,2021-06-22,4,4,0,120,252,168,84,30.9
MJureka,2021-06-22,3,3,0,56,1070,927,143,176.6
ODScz,2021-06-22,21,16,5,742,2715,781,1934,101
olgarichterova,2021-06-22,1,0,1,0,455,440,15,32.5
P_Fiala,2021-06-22,3,2,1,291,630,413,217,171.8
PiratIvanBartos,2021-06-22,3,3,0,801,464,430,34,198.6
PiratskaStrana,2021-06-22,4,1,3,253,1136,453,683,58.1
Pospisil_Jiri,2021-06-22,2,2,0,446,353,302,51,70.1
SpoluKoalice,2021-06-22,18,0,18,0,2600,212,2388,40.9
STANcz,2021-06-22,3,1,2,59,670,194,476,10.8
TomasCzernin,2021-06-22,1,0,1,0,136,132,4,79.7
TomasZdechovsky,2021-06-22,38,34,4,933,4602,3459,1143,237.2
tomio_cz,2021-06-22,3,3,0,149,689,689,0,32.7
TOP09cz,2021-06-22,7,0,7,0,2452,94,2358,13.7
Vit_Rakusan,2021-06-22,1,1,0,197,168,149,19,81.5
vonpecka,2021-06-22,7,3,4,71,613,442,171,12.9
ZdenekHrib,2021-06-22,1,0,1,0,618,549,69,127.6
alenaschillerov,2021-06-21,6,6,0,242,963,857,106,35.8
AndrejBabis,2021-06-21,20,4,16,153,2008,448,1560,82.5
czKSCM,2021-06-21,1,0,1,0,81,20,61,0.2
general_pavel,2021-06-21,1,1,0,168,136,135,1,92.7
honzabartosek,2021-06-21,2,2,0,208,308,308,0,39.6
Jan_Skopecek,2021-06-21,3,2,1,560,440,393,47,91
jana_cernochova,2021-06-21,1,1,0,276,485,468,17,41.1
JanLipavsky,2021-06-21,8,0,8,0,1464,291,1173,43.8
jhamacek,2021-06-21,2,2,0,678,383,287,96,45.1
kalousekm,2021-06-21,10,10,0,4646,1870,1836,34,946.5
KarelHavlicek_,2021-06-21,7,7,0,149,546,370,176,16.6
kducsl,2021-06-21,31,1,30,13,2903,246,2657,8.9
Kuba_Martin,2021-06-21,1,1,0,5,851,851,0,115.7
makupka,2021-06-21,1,1,0,264,140,118,22,82.1
market_a,2021-06-21,2,2,0,3387,708,592,116,544.9
metnarl,2021-06-21,1,1,0,34,73,56,17,4.3
milionchvilek,2021-06-21,2,2,0,103,248,164,84,30.8
MJureka,2021-06-21,7,7,0,755,1067,924,143,176.5
ODScz,2021-06-21,13,3,10,132,2694,765,1929,100.3
olgarichterova,2021-06-21,1,1,0,158,454,440,14,32.5
P_Fiala,2021-06-21,3,2,1,559,627,411,216,171.6
PiratIvanBartos,2021-06-21,2,2,0,362,461,427,34,197.8
PiratskaStrana,2021-06-21,2,0,2,0,1132,452,680,57.9
Pospisil_Jiri,2021-06-21,1,0,1,0,351,300,51,69.6
RobertSlachta,2021-06-21,3,3,0,68,141,100,41,3.5
SpoluKoalice,2021-06-21,26,0,26,0,2582,212,2370,40.9
STANcz,2021-06-21,4,0,4,0,667,193,474,10.8
TomasZdechovsky,2021-06-21,36,26,10,882,4564,3425,1139,236.3
tomio_cz,2021-06-21,3,3,0,230,686,686,0,32.5
TOP09cz,2021-06-21,6,0,6,0,2445,94,2351,13.7
vojtafilip,2021-06-21,1,1,0,142,56,56,0,4.7
vonpecka,2021-06-21,2,1,1,9,606,439,167,12.8
ZdenekHrib,2021-06-21,1,1,0,95,617,549,68,127.6
zeleni_cz,2021-06-21,1,0,1,0,407,185,222,4.7
alenaschillerov,2021-06-20,5,3,2,117,957,851,106,35.5
AndrejBabis,2021-06-20,10,3,7,798,1988,444,1544,82.4
honzabartosek,2021-06-20,2,2,0,46,306,306,0,39.4
jana_cernochova,2021-06-20,1,1,0,541,484,467,17,40.9
JanLipavsky,2021-06-20,2,0,2,0,1456,291,1165,43.8
kalousekm,2021-06-20,5,5,0,1422,1860,1826,34,941.9
KarelHavlicek_,2021-06-20,3,1,2,192,539,363,176,16.5
kducsl,2021-06-20,9,1,8,8,2872,245,2627,8.9
Kuba_Martin,2021-06-20,3,3,0,60,850,850,0,115.7
market_a,2021-06-20,1,0,1,0,706,590,116,541.5
milionchvilek,2021-06-20,8,6,2,795,246,162,84,30.7
MJureka,2021-06-20,2,1,1,19,1060,917,143,175.8
ODScz,2021-06-20,12,9,3,1430,2681,762,1919,100.2
olgarichterova,2021-06-20,4,3,1,84,453,439,14,32.4
P_Fiala,2021-06-20,2,2,0,288,624,409,215,171
PiratskaStrana,2021-06-20,2,1,1,61,1130,452,678,57.9
Pospisil_Jiri,2021-06-20,1,1,0,692,350,300,50,69.6
SpoluKoalice,2021-06-20,17,0,17,0,2556,212,2344,40.9
TomasZdechovsky,2021-06-20,49,46,3,1688,4528,3399,1129,235.4
tomio_cz,2021-06-20,4,4,0,151,683,683,0,32.3
TOP09cz,2021-06-20,2,0,2,0,2439,94,2345,13.7
VeslavM,2021-06-20,4,4,0,99,336,327,9,7.6
vonpecka,2021-06-20,1,1,0,3,604,438,166,12.8
zeleni_cz,2021-06-20,1,0,1,0,406,185,221,4.7
alenaschillerov,2021-06-19,2,2,0,60,952,848,104,35.4
AndrejBabis,2021-06-19,10,1,9,169,1978,441,1537,81.6
honzabartosek,2021-06-19,1,1,0,9,304,304,0,39.4
Jan_Skopecek,2021-06-19,2,2,0,391,437,391,46,90.4
jana_cernochova,2021-06-19,5,5,0,330,483,466,17,40.3
JanLipavsky,2021-06-19,3,0,3,0,1454,291,1163,43.8
jhamacek,2021-06-19,1,1,0,171,381,285,96,44.4
kalousekm,2021-06-19,3,3,0,694,1855,1821,34,940.4
KarelHavlicek_,2021-06-19,6,6,0,208,536,362,174,16.3
kducsl,2021-06-19,8,0,8,0,2863,244,2619,8.8
ODScz,2021-06-19,9,0,9,0,2669,753,1916,98.7
P_Fiala,2021-06-19,3,2,1,157,622,407,215,170.7
PiratIvanBartos,2021-06-19,1,1,0,208,459,425,34,197.5
PiratskaStrana,2021-06-19,1,0,1,0,1128,451,677,57.8
SpoluKoalice,2021-06-19,14,0,14,0,2539,212,2327,40.9
TomasZdechovsky,2021-06-19,22,20,2,1009,4479,3353,1126,233.7
tomio_cz,2021-06-19,5,5,0,394,679,679,0,32.1
TOP09cz,2021-06-19,4,0,4,0,2437,94,2343,13.7
VeslavM,2021-06-19,4,4,0,31,332,323,9,7.5
vonpecka,2021-06-19,3,1,2,27,603,437,166,12.8
alenaschillerov,2021-06-18,7,7,0,150,950,846,104,35.4
AndrejBabis,2021-06-18,26,6,20,808,1968,440,1528,81.4
Jan_Skopecek,2021-06-18,1,1,0,347,435,389,46,90
jana_cernochova,2021-06-18,2,2,0,308,478,461,17,40
JanLipavsky,2021-06-18,7,0,7,0,1451,291,1160,43.8
kalousekm,2021-06-18,16,16,0,3217,1852,1818,34,939.7
KarelHavlicek_,2021-06-18,6,5,1,165,530,356,174,16.1
kducsl,2021-06-18,20,2,18,62,2855,244,2611,8.8
market_a,2021-06-18,2,2,0,849,705,590,115,541.5
metnarl,2021-06-18,1,1,0,208,72,55,17,4.2
MJureka,2021-06-18,6,4,2,331,1058,916,142,175.8
ODScz,2021-06-18,9,3,6,273,2660,753,1907,98.7
olgarichterova,2021-06-18,2,2,0,79,449,436,13,32.3
P_Fiala,2021-06-18,1,1,0,1916,619,405,214,170.6
PiratIvanBartos,2021-06-18,2,2,0,797,458,424,34,197.3
PiratskaStrana,2021-06-18,7,2,5,137,1127,451,676,57.8
Pospisil_Jiri,2021-06-18,1,1,0,585,349,299,50,68.9
SpoluKoalice,2021-06-18,32,0,32,0,2525,212,2313,40.9
STANcz,2021-06-18,2,0,2,0,663,193,470,10.8
TomasZdechovsky,2021-06-18,7,3,4,250,4457,3333,1124,232.7
tomio_cz,2021-06-18,7,7,0,210,674,674,0,31.7
TOP09cz,2021-06-18,11,0,11,0,2433,94,2339,13.7
VeslavM,2021-06-18,1,1,0,1,328,319,9,7.5
Vit_Rakusan,2021-06-18,4,4,0,452,167,148,19,81.4
vonpecka,2021-06-18,2,1,1,2,600,436,164,12.8
ZdenekHrib,2021-06-18,4,3,1,541,616,548,68,127.5
alenaschillerov,2021-06-17,7,7,0,266,943,839,104,35.2
AndrejBabis,2021-06-17,12,0,12,0,1942,434,1508,80.6
czKSCM,2021-06-17,1,0,1,0,80,20,60,0.2
general_pavel,2021-06-17,1,1,0,111,135,134,1,92.6
Jan_Skopecek,2021-06-17,2,2,0,911,434,388,46,89.7
jana_cernochova,2021-06-17,4,4,0,6,476,459,17,39.7
JanLipavsky,2021-06-17,12,1,11,95,1444,291,1153,43.8
jhamacek,2021-06-17,2,0,2,0,380,284,96,44.2
kalousekm,2021-06-17,7,7,0,2292,1836,1802,34,936.5
KarelHavlicek_,2021-06-17,8,6,2,188,524,351,173,15.9
kducsl,2021-06-17,16,1,15,24,2835,242,2593,8.8
market_a,2021-06-17,6,4,2,629,703,588,115,540.7
milionchvilek,2021-06-17,1,1,0,148,238,156,82,29.9
MJureka,2021-06-17,2,2,0,213,1052,912,140,175.4
ODScz,2021-06-17,15,4,11,308,2651,750,1901,98.4
P_Fiala,2021-06-17,7,7,0,829,618,404,214,168.6
PiratIvanBartos,2021-06-17,3,2,1,168,456,422,34,196.5
PiratskaStrana,2021-06-17,6,2,4,280,1120,449,671,57.7
Pospisil_Jiri,2021-06-17,1,1,0,133,348,298,50,68.4
SpoluKoalice,2021-06-17,24,1,23,395,2493,212,2281,40.9
STANcz,2021-06-17,10,2,8,101,661,193,468,10.8
TomasZdechovsky,2021-06-17,24,17,7,676,4450,3330,1120,232.4
tomio_cz,2021-06-17,1,1,0,154,667,667,0,31.5
TOP09cz,2021-06-17,18,0,18,0,2422,94,2328,13.7
VeslavM,2021-06-17,7,7,0,252,327,318,9,7.5
volimtrikoloru,2021-06-17,3,2,1,65,134,115,19,4.3
vonpecka,2021-06-17,2,1,1,1,598,435,163,12.8
ZdenekHrib,2021-06-17,3,3,0,245,612,545,67,126.9
zeleni_cz,2021-06-17,2,1,1,23,405,185,220,4.7
alenaschillerov,2021-06-16,8,7,1,248,936,832,104,34.9
AndrejBabis,2021-06-16,12,3,9,361,1930,434,1496,80.6
general_pavel,2021-06-16,1,1,0,165,134,133,1,92.5
honzabartosek,2021-06-16,4,4,0,473,303,303,0,39.4
Jan_Skopecek,2021-06-16,3,3,0,759,432,386,46,88.8
jana_cernochova,2021-06-16,1,1,0,0,472,455,17,39.7
JanLipavsky,2021-06-16,13,4,9,462,1432,290,1142,43.7
jhamacek,2021-06-16,1,0,1,0,378,284,94,44.2
kalousekm,2021-06-16,4,4,0,1847,1829,1795,34,934.2
KarelHavlicek_,2021-06-16,6,4,2,171,516,345,171,15.7
kducsl,2021-06-16,22,3,19,151,2819,241,2578,8.8
makupka,2021-06-16,2,2,0,368,139,117,22,81.8
market_a,2021-06-16,6,5,1,1740,697,584,113,540
MartinBaxa2,2021-06-16,1,1,0,275,111,111,0,36.7
metnarl,2021-06-16,1,0,1,0,71,54,17,4
MJureka,2021-06-16,6,6,0,777,1050,910,140,175.2
ODScz,2021-06-16,18,8,10,403,2636,746,1890,98.1
P_Fiala,2021-06-16,1,1,0,957,611,397,214,167.8
PiratIvanBartos,2021-06-16,8,8,0,1532,453,420,33,196.3
PiratskaStrana,2021-06-16,10,2,8,368,1114,447,667,57.4
Pospisil_Jiri,2021-06-16,2,1,1,99,347,297,50,68.2
RobertSlachta,2021-06-16,2,1,1,16,138,97,41,3.4
SpoluKoalice,2021-06-16,25,1,24,24,2469,211,2258,40.5
STANcz,2021-06-16,3,0,3,0,651,191,460,10.7
TomasZdechovsky,2021-06-16,38,24,14,2032,4426,3313,1113,231.7
tomio_cz,2021-06-16,1,1,0,92,666,666,0,31.4
TOP09cz,2021-06-16,11,2,9,269,2404,94,2310,13.7
Vit_Rakusan,2021-06-16,4,4,0,211,163,144,19,80.9
volimtrikoloru,2021-06-16,1,1,0,18,131,113,18,4.2
vonpecka,2021-06-16,1,1,0,22,596,434,162,12.8
zeleni_cz,2021-06-16,4,3,1,111,403,184,219,4.7
alenaschillerov,2021-06-15,5,5,0,230,928,825,103,34.7
AndrejBabis,2021-06-15,13,0,13,0,1918,431,1487,80.2
honzabartosek,2021-06-15,1,1,0,0,299,299,0,38.9
Jan_Skopecek,2021-06-15,1,1,0,236,429,383,46,88
jana_cernochova,2021-06-15,7,7,0,15,471,454,17,39.7
JanLipavsky,2021-06-15,11,0,11,0,1419,286,1133,43.2
kalousekm,2021-06-15,21,21,0,5650,1825,1791,34,932.4
KarelHavlicek_,2021-06-15,5,4,1,202,510,341,169,15.6
kducsl,2021-06-15,22,3,19,77,2797,238,2559,8.6
makupka,2021-06-15,1,1,0,1349,137,115,22,81.4
market_a,2021-06-15,4,4,0,783,691,579,112,538.3
MJureka,2021-06-15,7,7,0,274,1044,904,140,174.5
ODScz,2021-06-15,16,12,4,674,2618,738,1880,97.7
P_Fiala,2021-06-15,1,1,0,629,610,396,214,166.8
PiratIvanBartos,2021-06-15,6,6,0,592,445,412,33,194.8
PiratskaStrana,2021-06-15,13,3,10,464,1104,445,659,57
Pospisil_Jiri,2021-06-15,1,1,0,251,345,296,49,68.1
SpoluKoalice,2021-06-15,44,2,42,718,2444,210,2234,40.4
STANcz,2021-06-15,10,3,7,189,648,191,457,10.7
TomasCzernin,2021-06-15,1,1,0,400,135,132,3,79.7
TomasZdechovsky,2021-06-15,45,39,6,1115,4388,3289,1099,229.7
tomio_cz,2021-06-15,3,3,0,88,665,665,0,31.3
TOP09cz,2021-06-15,15,1,14,34,2393,92,2301,13.5
VeslavM,2021-06-15,1,1,0,0,320,311,9,7.2
Vit_Rakusan,2021-06-15,5,5,0,754,159,140,19,80.7
volimtrikoloru,2021-06-15,1,0,1,0,130,112,18,4.2
vonpecka,2021-06-15,6,5,1,104,595,433,162,12.8
ZdenekHrib,2021-06-15,5,5,0,3930,609,542,67,126.7
zeleni_cz,2021-06-15,2,1,1,15,399,181,218,4.6
alenaschillerov,2021-06-14,7,7,0,271,923,820,103,34.5
AndrejBabis,2021-06-14,19,1,18,248,1905,431,1474,80.2
general_pavel,2021-06-14,2,2,0,688,133,132,1,92.3
honzabartosek,2021-06-14,1,1,0,84,298,298,0,38.9
Jan_Skopecek,2021-06-14,2,2,0,296,428,382,46,87.8
jana_cernochova,2021-06-14,6,6,0,316,464,447,17,39.7
kalousekm,2021-06-14,3,3,0,1483,1804,1770,34,926.7
KarelHavlicek_,2021-06-14,2,2,0,78,505,337,168,15.4
kducsl,2021-06-14,20,2,18,159,2775,235,2540,8.5
market_a,2021-06-14,6,6,0,1278,687,575,112,537.5
metnarl,2021-06-14,3,2,1,60,70,54,16,4
milionchvilek,2021-06-14,2,2,0,271,237,155,82,29.7
MJureka,2021-06-14,2,2,0,239,1037,897,140,174.2
ODScz,2021-06-14,23,12,11,538,2602,726,1876,97.1
olgarichterova,2021-06-14,1,1,0,58,447,434,13,32.2
P_Fiala,2021-06-14,9,8,1,2436,609,395,214,166.2
PiratIvanBartos,2021-06-14,5,5,0,633,439,406,33,194.2
PiratskaStrana,2021-06-14,4,1,3,128,1091,442,649,56.6
Pospisil_Jiri,2021-06-14,1,1,0,69,344,295,49,67.9
SpoluKoalice,2021-06-14,22,0,22,0,2400,208,2192,39.7
STANcz,2021-06-14,3,1,2,123,638,188,450,10.5
TomasCzernin,2021-06-14,2,2,0,501,134,131,3,79.3
TomasZdechovsky,2021-06-14,43,40,3,1577,4343,3250,1093,228.6
tomio_cz,2021-06-14,2,2,0,20,662,662,0,31.2
TOP09cz,2021-06-14,11,0,11,0,2378,91,2287,13.4
Vit_Rakusan,2021-06-14,2,2,0,410,154,135,19,79.9
volimtrikoloru,2021-06-14,1,1,0,81,129,112,17,4.2
vonpecka,2021-06-14,2,1,1,26,589,428,161,12.7
zeleni_cz,2021-06-14,1,1,0,18,397,180,217,4.5
alenaschillerov,2021-06-13,2,2,0,79,916,813,103,34.2
AndrejBabis,2021-06-13,5,4,1,589,1886,430,1456,80
Jan_Skopecek,2021-06-13,4,1,3,90,426,380,46,87.5
JanLipavsky,2021-06-13,2,1,1,261,1408,286,1122,43.2
kalousekm,2021-06-13,10,10,0,3859,1801,1767,34,925.3
KarelHavlicek_,2021-06-13,1,0,1,0,503,335,168,15.3
kducsl,2021-06-13,9,0,9,0,2755,233,2522,8.4
market_a,2021-06-13,4,4,0,1345,681,569,112,536.2
MartinBaxa2,2021-06-13,1,1,0,170,110,110,0,36.4
MJureka,2021-06-13,2,2,0,143,1035,895,140,173.9
ODScz,2021-06-13,3,0,3,0,2579,714,1865,96.5
olgarichterova,2021-06-13,1,0,1,0,446,433,13,32.2
P_Fiala,2021-06-13,1,1,0,161,600,387,213,163.8
PiratIvanBartos,2021-06-13,2,2,0,1334,434,401,33,193.5
PiratskaStrana,2021-06-13,4,1,3,714,1087,441,646,56.5
Pospisil_Jiri,2021-06-13,1,0,1,0,343,294,49,67.8
RobertSlachta,2021-06-13,2,2,0,58,136,96,40,3.4
SpoluKoalice,2021-06-13,18,0,18,0,2378,208,2170,39.7
STANcz,2021-06-13,1,1,0,34,635,187,448,10.4
TomasZdechovsky,2021-06-13,13,9,4,906,4300,3210,1090,227
tomio_cz,2021-06-13,2,2,0,78,660,660,0,31.2
TOP09cz,2021-06-13,15,1,14,327,2367,91,2276,13.4
vonpecka,2021-06-13,2,2,0,8,587,427,160,12.6
ZdenekHrib,2021-06-13,1,0,1,0,604,537,67,122.8
zeleni_cz,2021-06-13,1,0,1,0,396,179,217,4.5
alenaschillerov,2021-06-12,4,3,1,179,914,811,103,34.1
AndrejBabis,2021-06-12,6,3,3,988,1881,426,1455,79.4
honzabartosek,2021-06-12,1,1,0,51,297,297,0,38.8
Jan_Skopecek,2021-06-12,3,3,0,260,422,379,43,87.4
JanLipavsky,2021-06-12,2,0,2,0,1406,285,1121,43
jhamacek,2021-06-12,1,1,0,97,377,284,93,44.2
kalousekm,2021-06-12,2,2,0,1589,1791,1757,34,921.4
KarelHavlicek_,2021-06-12,6,5,1,163,502,335,167,15.3
Kuba_Martin,2021-06-12,2,2,0,1,847,847,0,115.7
market_a,2021-06-12,2,2,0,735,677,565,112,534.9
MJureka,2021-06-12,3,3,0,580,1033,893,140,173.8
ODScz,2021-06-12,7,0,7,0,2576,714,1862,96.5
P_Fiala,2021-06-12,4,3,1,847,599,386,213,163.6
PiratIvanBartos,2021-06-12,2,1,1,418,432,399,33,192.2
PiratskaStrana,2021-06-12,5,3,2,2737,1083,440,643,55.7
RobertSlachta,2021-06-12,1,0,1,0,134,94,40,3.4
SpoluKoalice,2021-06-12,6,0,6,0,2360,208,2152,39.7
STANcz,2021-06-12,2,0,2,0,634,186,448,10.3
TomasCzernin,2021-06-12,1,1,0,83,132,129,3,78.8
TomasZdechovsky,2021-06-12,18,16,2,942,4287,3201,1086,226.1
tomio_cz,2021-06-12,5,5,0,290,658,658,0,31.1
TOP09cz,2021-06-12,7,0,7,0,2352,90,2262,13.1
volimtrikoloru,2021-06-12,1,0,1,0,128,111,17,4.1
vonpecka,2021-06-12,4,3,1,35,585,425,160,12.6
zeleni_cz,2021-06-12,1,0,1,0,395,179,216,4.5
alenaschillerov,2021-06-11,5,4,1,155,910,808,102,33.9
AndrejBabis,2021-06-11,16,5,11,1101,1875,423,1452,78.4
general_pavel,2021-06-11,1,1,0,141,131,130,1,91.6
honzabartosek,2021-06-11,1,1,0,39,296,296,0,38.7
Jan_Skopecek,2021-06-11,3,2,1,463,419,376,43,87.1
JanLipavsky,2021-06-11,5,0,5,0,1404,285,1119,43
kalousekm,2021-06-11,4,4,0,827,1789,1755,34,919.8
KarelHavlicek_,2021-06-11,3,3,0,122,496,330,166,15.1
kducsl,2021-06-11,16,0,16,0,2746,233,2513,8.4
Kuba_Martin,2021-06-11,6,6,0,1721,845,845,0,115.7
makupka,2021-06-11,1,1,0,1177,136,114,22,80.1
market_a,2021-06-11,14,12,2,1854,675,563,112,534.1
MJureka,2021-06-11,14,14,0,1367,1030,890,140,173.2
ODScz,2021-06-11,13,4,9,34,2569,714,1855,96.5
olgarichterova,2021-06-11,2,2,0,358,445,433,12,32.2
P_Fiala,2021-06-11,5,4,1,2127,595,383,212,162.8
PavelSehnal64,2021-06-11,1,1,0,4,53,53,0,0.3
PiratIvanBartos,2021-06-11,3,2,1,419,430,398,32,191.8
PiratskaStrana,2021-06-11,12,7,5,942,1078,437,641,53
Pospisil_Jiri,2021-06-11,2,2,0,444,342,294,48,67.8
RobertSlachta,2021-06-11,1,0,1,0,133,94,39,3.4
SpoluKoalice,2021-06-11,11,5,6,545,2354,208,2146,39.7
STANcz,2021-06-11,8,3,5,56,632,186,446,10.3
TomasZdechovsky,2021-06-11,30,24,6,2576,4269,3185,1084,225.2
TOP09cz,2021-06-11,20,0,20,0,2345,90,2255,13.1
Vit_Rakusan,2021-06-11,2,1,1,68,152,133,19,79.5
vonpecka,2021-06-11,7,4,3,135,581,422,159,12.6
ZdenekHrib,2021-06-11,2,2,0,173,603,537,66,122.8
alenaschillerov,2021-06-10,10,8,2,328,905,804,101,33.8
AndrejBabis,2021-06-10,27,9,18,830,1859,418,1441,77.3
czKSCM,2021-06-10,1,0,1,0,79,20,59,0.2
general_pavel,2021-06-10,2,2,0,429,130,129,1,91.5
honzabartosek,2021-06-10,2,2,0,99,295,295,0,38.7
Jan_Skopecek,2021-06-10,2,2,0,1095,416,374,42,86.7
jana_cernochova,2021-06-10,1,1,0,561,458,441,17,39.4
JanLipavsky,2021-06-10,9,4,5,680,1399,285,1114,43
jhamacek,2021-06-10,2,1,1,119,376,283,93,44.1
kalousekm,2021-06-10,4,4,0,3598,1785,1751,34,919
KarelHavlicek_,2021-06-10,8,5,3,246,493,327,166,15
kducsl,2021-06-10,23,2,21,95,2730,233,2497,8.4
market_a,2021-06-10,5,4,1,3369,661,551,110,532.3
MartinBaxa2,2021-06-10,1,1,0,5,109,109,0,36.3
metnarl,2021-06-10,2,2,0,26,67,52,15,4
MJureka,2021-06-10,11,9,2,1005,1016,876,140,171.9
ODScz,2021-06-10,18,6,12,705,2556,710,1846,96.5
olgarichterova,2021-06-10,6,5,1,163,443,431,12,31.8
P_Fiala,2021-06-10,10,4,6,1270,590,379,211,160.7
PavelSehnal64,2021-06-10,1,1,0,3,52,52,0,0.3
PiratIvanBartos,2021-06-10,5,5,0,2315,427,396,31,191.4
PiratskaStrana,2021-06-10,22,13,9,922,1066,430,636,52.1
Pospisil_Jiri,2021-06-10,2,2,0,522,340,292,48,67.4
SpoluKoalice,2021-06-10,40,0,40,0,2343,203,2140,39.2
STANcz,2021-06-10,15,2,13,83,624,183,441,10.3
TomasCzernin,2021-06-10,1,1,0,481,131,128,3,78.7
TomasZdechovsky,2021-06-10,39,29,10,2981,4239,3161,1078,222.6
tomio_cz,2021-06-10,1,1,0,16,653,653,0,30.8
TOP09cz,2021-06-10,8,0,8,0,2325,90,2235,13.1
VeslavM,2021-06-10,2,2,0,61,319,310,9,7.2
Vit_Rakusan,2021-06-10,4,4,0,477,150,132,18,79.5
vojtafilip,2021-06-10,1,1,0,94,55,55,0,4.5
vonpecka,2021-06-10,10,3,7,620,574,418,156,12.5
ZdenekHrib,2021-06-10,2,2,0,486,601,535,66,122.6
zeleni_cz,2021-06-10,1,0,1,0,394,179,215,4.5
alenaschillerov,2021-06-09,7,7,0,346,895,796,99,33.5
AndrejBabis,2021-06-09,20,7,13,1076,1832,409,1423,76.5
czKSCM,2021-06-09,2,0,2,0,78,20,58,0.2
general_pavel,2021-06-09,1,1,0,142,128,127,1,91
honzabartosek,2021-06-09,1,1,0,135,293,293,0,38.6
Jan_Skopecek,2021-06-09,3,1,2,177,414,372,42,85.6
jana_cernochova,2021-06-09,3,3,0,54,457,440,17,38.8
JanLipavsky,2021-06-09,8,0,8,0,1390,281,1109,42.3
jhamacek,2021-06-09,1,1,0,352,374,282,92,44
kalousekm,2021-06-09,7,7,0,2589,1781,1747,34,915.4
KarelHavlicek_,2021-06-09,1,0,1,0,485,322,163,14.7
kducsl,2021-06-09,17,2,15,29,2707,231,2476,8.3
Kuba_Martin,2021-06-09,1,1,0,167,839,839,0,113.9
makupka,2021-06-09,1,1,0,190,135,113,22,78.9
market_a,2021-06-09,5,5,0,2619,656,547,109,528.9
MartinBaxa2,2021-06-09,2,2,0,40,108,108,0,36.3
metnarl,2021-06-09,1,0,1,0,65,50,15,4
milionchvilek,2021-06-09,1,1,0,127,235,153,82,29.5
MJureka,2021-06-09,7,4,3,582,1005,867,138,170.8
ODScz,2021-06-09,28,14,14,785,2538,704,1834,95.8
olgarichterova,2021-06-09,13,13,0,405,437,426,11,31.6
P_Fiala,2021-06-09,1,0,1,0,580,375,205,159.4
PavelSehnal64,2021-06-09,3,3,0,4,51,51,0,0.3
PiratIvanBartos,2021-06-09,7,7,0,1550,422,391,31,189.1
PiratskaStrana,2021-06-09,9,3,6,167,1044,417,627,51.1
Pospisil_Jiri,2021-06-09,2,2,0,372,338,290,48,66.8
SpoluKoalice,2021-06-09,9,2,7,446,2303,203,2100,39.2
STANcz,2021-06-09,5,1,4,27,609,181,428,10.2
TomasCzernin,2021-06-09,3,3,0,820,130,127,3,78.3
TomasZdechovsky,2021-06-09,32,24,8,3556,4200,3132,1068,219.6
tomio_cz,2021-06-09,3,3,0,39,652,652,0,30.8
TOP09cz,2021-06-09,18,1,17,51,2317,90,2227,13.1
VeslavM,2021-06-09,1,1,0,15,317,308,9,7.1
vojtafilip,2021-06-09,2,2,0,149,54,54,0,4.4
volimtrikoloru,2021-06-09,1,1,0,118,127,111,16,4.1
vonpecka,2021-06-09,5,2,3,14,564,415,149,11.8
ZdenekHrib,2021-06-09,8,8,0,1978,599,533,66,122.1
zeleni_cz,2021-06-09,1,1,0,37,393,179,214,4.5
alenaschillerov,2021-06-08,7,7,0,119,888,789,99,33.1
AndrejBabis,2021-06-08,15,2,13,501,1812,402,1410,75.4
czKSCM,2021-06-08,1,0,1,0,76,20,56,0.2
general_pavel,2021-06-08,1,1,0,79,127,126,1,90.9
honzabartosek,2021-06-08,2,2,0,275,292,292,0,38.5
Jan_Skopecek,2021-06-08,5,4,1,545,411,371,40,85.4
JanLipavsky,2021-06-08,4,1,3,112,1382,281,1101,42.3
jhamacek,2021-06-08,5,5,0,283,373,281,92,43.7
kalousekm,2021-06-08,4,4,0,2974,1774,1740,34,912.8
KarelHavlicek_,2021-06-08,8,5,3,198,484,322,162,14.7
kducsl,2021-06-08,10,0,10,0,2690,229,2461,8.2
Kuba_Martin,2021-06-08,1,1,0,191,838,838,0,113.8
makupka,2021-06-08,1,1,0,229,134,112,22,78.7
market_a,2021-06-08,6,6,0,4265,651,542,109,526.3
MartinBaxa2,2021-06-08,1,1,0,66,106,106,0,36.2
milionchvilek,2021-06-08,4,3,1,283,234,152,82,29.3
MJureka,2021-06-08,2,2,0,2,998,863,135,170.3
ODScz,2021-06-08,25,14,11,1074,2510,690,1820,95
olgarichterova,2021-06-08,2,2,0,278,424,413,11,31.2
P_Fiala,2021-06-08,6,5,1,836,579,375,204,159.4
PiratIvanBartos,2021-06-08,8,8,0,2688,415,384,31,187.5
PiratskaStrana,2021-06-08,11,5,6,1295,1035,414,621,51
Pospisil_Jiri,2021-06-08,1,1,0,495,336,288,48,66.5
RobertSlachta,2021-06-08,2,0,2,0,132,94,38,3.4
SpoluKoalice,2021-06-08,30,1,29,130,2294,201,2093,38.7
STANcz,2021-06-08,4,1,3,131,604,180,424,10.2
TomasZdechovsky,2021-06-08,56,41,15,1560,4168,3108,1060,216.1
tomio_cz,2021-06-08,1,1,0,154,649,649,0,30.8
TOP09cz,2021-06-08,13,0,13,0,2299,89,2210,13.1
Vit_Rakusan,2021-06-08,2,2,0,555,146,128,18,79
volimtrikoloru,2021-06-08,1,0,1,0,126,110,16,4
vonpecka,2021-06-08,6,5,1,107,559,413,146,11.8
ZdenekHrib,2021-06-08,2,0,2,0,591,525,66,120.1
zeleni_cz,2021-06-08,1,0,1,0,392,178,214,4.5
alenaschillerov,2021-06-07,8,7,1,326,881,782,99,33
AndrejBabis,2021-06-07,23,2,21,162,1797,400,1397,74.9
honzabartosek,2021-06-07,2,2,0,4,290,290,0,38.2
Jan_Skopecek,2021-06-07,4,4,0,895,406,367,39,84.8
JanLipavsky,2021-06-07,1,1,0,246,1378,280,1098,42.2
jhamacek,2021-06-07,3,2,1,242,368,276,92,43.4
kalousekm,2021-06-07,4,4,0,1363,1770,1736,34,909.8
KarelHavlicek_,2021-06-07,4,3,1,175,476,317,159,14.5
kducsl,2021-06-07,7,0,7,0,2680,229,2451,8.2
Kuba_Martin,2021-06-07,4,4,0,14,837,837,0,113.6
makupka,2021-06-07,1,1,0,341,133,111,22,78.5
market_a,2021-06-07,3,3,0,2028,645,536,109,522
MJureka,2021-06-07,3,3,0,385,996,861,135,170.3
ODScz,2021-06-07,15,2,13,106,2485,676,1809,93.9
olgarichterova,2021-06-07,2,2,0,262,422,411,11,31
P_Fiala,2021-06-07,3,2,1,835,573,370,203,158.5
PavelSehnal64,2021-06-07,1,1,0,1,48,48,0,0.3
PiratIvanBartos,2021-06-07,2,2,0,487,407,376,31,184.8
PiratskaStrana,2021-06-07,6,0,6,0,1024,409,615,49.7
Pospisil_Jiri,2021-06-07,4,3,1,173,335,287,48,66
RobertSlachta,2021-06-07,1,0,1,0,130,94,36,3.4
SpoluKoalice,2021-06-07,16,1,15,126,2264,200,2064,38.6
STANcz,2021-06-07,1,1,0,33,600,179,421,10
TomasZdechovsky,2021-06-07,32,25,7,1133,4112,3067,1045,214.5
tomio_cz,2021-06-07,3,3,0,142,648,648,0,30.6
TOP09cz,2021-06-07,14,0,14,0,2286,89,2197,13.1
volimtrikoloru,2021-06-07,1,1,0,25,125,110,15,4
vonpecka,2021-06-07,3,2,1,109,553,408,145,11.7
ZdenekHrib,2021-06-07,3,2,1,381,589,525,64,120.1
alenaschillerov,2021-06-06,4,3,1,962,873,775,98,32.7
AndrejBabis,2021-06-06,3,2,1,439,1774,398,1376,74.7
czKSCM,2021-06-06,1,0,1,0,75,20,55,0.2
Jan_Skopecek,2021-06-06,3,3,0,720,402,363,39,83.9
jana_cernochova,2021-06-06,2,2,0,345,454,437,17,38.7
JanLipavsky,2021-06-06,5,1,4,49,1377,279,1098,41.9
kalousekm,2021-06-06,2,2,0,2482,1766,1732,34,908.5
KarelHavlicek_,2021-06-06,1,0,1,0,472,314,158,14.4
kducsl,2021-06-06,7,0,7,0,2673,229,2444,8.2
MJureka,2021-06-06,8,8,0,581,993,858,135,169.9
ODScz,2021-06-06,16,6,10,881,2470,674,1796,93.8
olgarichterova,2021-06-06,1,0,1,0,420,409,11,30.7
P_Fiala,2021-06-06,5,0,5,0,570,368,202,157.7
PiratskaStrana,2021-06-06,1,1,0,39,1018,409,609,49.7
Pospisil_Jiri,2021-06-06,2,1,1,93,331,284,47,65.8
RobertSlachta,2021-06-06,4,3,1,351,129,94,35,3.4
SpoluKoalice,2021-06-06,17,0,17,0,2248,199,2049,38.5
STANcz,2021-06-06,5,1,4,52,599,178,421,10
TomasCzernin,2021-06-06,1,1,0,347,127,124,3,77.4
TomasZdechovsky,2021-06-06,28,20,8,910,4080,3042,1038,213.4
tomio_cz,2021-06-06,4,4,0,248,645,645,0,30.5
TOP09cz,2021-06-06,7,0,7,0,2272,89,2183,13.1
Vit_Rakusan,2021-06-06,1,1,0,1828,144,126,18,78.4
volimtrikoloru,2021-06-06,11,10,1,30,124,109,15,4
ZdenekHrib,2021-06-06,5,5,0,640,586,523,63,119.8
zeleni_cz,2021-06-06,1,1,0,13,391,178,213,4.5
alenaschillerov,2021-06-05,1,1,0,70,869,772,97,31.7
AndrejBabis,2021-06-05,2,1,1,225,1771,396,1375,74.3
Jan_Skopecek,2021-06-05,1,1,0,231,399,360,39,83.2
JanLipavsky,2021-06-05,3,0,3,0,1372,278,1094,41.9
kalousekm,2021-06-05,1,1,0,499,1764,1730,34,906
kducsl,2021-06-05,5,0,5,0,2666,229,2437,8.2
milionchvilek,2021-06-05,1,0,1,0,230,149,81,29.1
MJureka,2021-06-05,5,5,0,258,985,850,135,169.3
ODScz,2021-06-05,5,2,3,387,2454,668,1786,92.9
olgarichterova,2021-06-05,1,1,0,340,419,409,10,30.7
P_Fiala,2021-06-05,1,0,1,0,565,368,197,157.7
PiratskaStrana,2021-06-05,1,0,1,0,1017,408,609,49.6
SpoluKoalice,2021-06-05,19,0,19,0,2231,199,2032,38.5
TomasZdechovsky,2021-06-05,27,22,5,658,4052,3022,1030,212.5
tomio_cz,2021-06-05,4,4,0,291,641,641,0,30.2
VeslavM,2021-06-05,1,1,0,10,316,307,9,7.1
vonpecka,2021-06-05,1,0,1,0,550,406,144,11.6
alenaschillerov,2021-06-04,5,4,1,240,868,771,97,31.6
AndrejBabis,2021-06-04,20,5,15,955,1769,395,1374,74.1
Jan_Skopecek,2021-06-04,3,3,0,462,398,359,39,83
JanLipavsky,2021-06-04,5,1,4,290,1369,278,1091,41.9
kalousekm,2021-06-04,4,4,0,5372,1763,1729,34,905.5
KarelHavlicek_,2021-06-04,4,1,3,38,471,314,157,14.4
kducsl,2021-06-04,10,0,10,0,2661,229,2432,8.2
makupka,2021-06-04,1,1,0,117,132,110,22,78.1
market_a,2021-06-04,3,3,0,1157,642,533,109,520
MJureka,2021-06-04,5,4,1,462,980,845,135,169
ODScz,2021-06-04,18,5,13,599,2449,666,1783,92.6
olgarichterova,2021-06-04,1,0,1,0,418,408,10,30.4
P_Fiala,2021-06-04,8,8,0,1884,564,368,196,157.7
PiratIvanBartos,2021-06-04,2,2,0,1415,405,374,31,184.3
PiratskaStrana,2021-06-04,5,4,1,1737,1016,408,608,49.6
Pospisil_Jiri,2021-06-04,1,1,0,71,329,283,46,65.7
RobertSlachta,2021-06-04,1,0,1,0,125,91,34,3
SpoluKoalice,2021-06-04,21,3,18,927,2212,199,2013,38.5
TomasCzernin,2021-06-04,1,1,0,246,126,123,3,77.1
TomasZdechovsky,2021-06-04,31,26,5,1656,4025,3000,1025,211.8
tomio_cz,2021-06-04,2,2,0,129,637,637,0,29.9
TOP09cz,2021-06-04,15,1,14,418,2265,89,2176,13.1
vonpecka,2021-06-04,9,7,2,95,549,406,143,11.6
zeleni_cz,2021-06-04,1,0,1,0,390,177,213,4.5
alenaschillerov,2021-06-03,19,19,0,939,863,767,96,31.4
AndrejBabis,2021-06-03,24,7,17,2106,1749,390,1359,73.1
general_pavel,2021-06-03,1,1,0,671,126,125,1,90.8
honzabartosek,2021-06-03,1,1,0,53,288,288,0,38.2
Jan_Skopecek,2021-06-03,5,4,1,790,395,356,39,82.5
jana_cernochova,2021-06-03,1,1,0,103,452,435,17,38.4
JanLipavsky,2021-06-03,14,6,8,592,1364,277,1087,41.6
kalousekm,2021-06-03,11,11,0,11155,1759,1725,34,900.1
KarelHavlicek_,2021-06-03,2,1,1,49,467,313,154,14.3
kducsl,2021-06-03,29,7,22,375,2651,229,2422,8.2
makupka,2021-06-03,2,1,1,239,131,109,22,78
market_a,2021-06-03,10,7,3,6880,639,530,109,518.9
MartinBaxa2,2021-06-03,1,1,0,143,105,105,0,36.1
milionchvilek,2021-06-03,1,0,1,0,229,149,80,29.1
MJureka,2021-06-03,18,17,1,3943,975,841,134,168.6
ODScz,2021-06-03,49,21,28,2018,2431,661,1770,92
olgarichterova,2021-06-03,3,3,0,938,417,408,9,30.4
P_Fiala,2021-06-03,22,14,8,2252,556,360,196,155.8
PiratIvanBartos,2021-06-03,4,2,2,1050,403,372,31,182.9
PiratskaStrana,2021-06-03,26,17,9,4278,1011,404,607,47.9
Pospisil_Jiri,2021-06-03,2,2,0,175,328,282,46,65.6
RobertSlachta,2021-06-03,1,1,0,4,124,91,33,3
SpoluKoalice,2021-06-03,39,3,36,349,2191,196,1995,37.5
STANcz,2021-06-03,6,0,6,0,594,177,417,9.9
TomasCzernin,2021-06-03,2,2,0,671,125,122,3,76.9
TomasZdechovsky,2021-06-03,46,36,10,2127,3994,2974,1020,210.1
tomio_cz,2021-06-03,5,5,0,150,635,635,0,29.8
TOP09cz,2021-06-03,25,3,22,338,2250,88,2162,12.6
Vit_Rakusan,2021-06-03,2,2,0,2609,143,125,18,76.6
volimtrikoloru,2021-06-03,2,2,0,17,113,99,14,4
vonpecka,2021-06-03,2,2,0,5,540,399,141,11.5
Zbynek_Stanjura,2021-06-03,1,1,0,912,19,15,4,16.1
ZdenekHrib,2021-06-03,6,6,0,1430,581,518,63,119.1
alenaschillerov,2021-06-02,9,9,0,198,844,748,96,30.5
AndrejBabis,2021-06-02,18,0,18,0,1725,383,1342,71
general_pavel,2021-06-02,1,1,0,217,125,124,1,90.1
honzabartosek,2021-06-02,1,1,0,14,287,287,0,38.1
Jan_Skopecek,2021-06-02,4,3,1,169,390,352,38,81.7
jana_cernochova,2021-06-02,1,1,0,474,451,434,17,38.3
JanLipavsky,2021-06-02,6,0,6,0,1350,271,1079,41
jhamacek,2021-06-02,1,0,1,0,365,274,91,43.1
kalousekm,2021-06-02,11,11,0,6139,1748,1714,34,889
KarelHavlicek_,2021-06-02,8,8,0,230,465,312,153,14.3
kducsl,2021-06-02,14,0,14,0,2622,222,2400,7.9
Kuba_Martin,2021-06-02,1,1,0,72,833,833,0,113.6
makupka,2021-06-02,1,1,0,249,129,108,21,77.8
market_a,2021-06-02,8,8,0,3219,629,523,106,512
milionchvilek,2021-06-02,3,2,1,390,228,149,79,29.1
MJureka,2021-06-02,4,3,1,71,957,824,133,164.6
ODScz,2021-06-02,30,8,22,428,2382,640,1742,89.9
olgarichterova,2021-06-02,2,2,0,9,414,405,9,29.4
P_Fiala,2021-06-02,11,9,2,695,534,346,188,153.6
PiratIvanBartos,2021-06-02,2,1,1,1260,399,370,29,181.9
PiratskaStrana,2021-06-02,5,3,2,1058,985,387,598,43.6
Pospisil_Jiri,2021-06-02,2,2,0,191,326,280,46,65.5
RobertSlachta,2021-06-02,1,0,1,0,123,90,33,3
SpoluKoalice,2021-06-02,16,3,13,294,2152,193,1959,37.2
STANcz,2021-06-02,5,2,3,46,588,177,411,9.9
TomasCzernin,2021-06-02,2,2,0,427,123,120,3,76.2
TomasZdechovsky,2021-06-02,41,34,7,2558,3948,2938,1010,208
tomio_cz,2021-06-02,2,2,0,133,630,630,0,29.6
TOP09cz,2021-06-02,24,1,23,71,2225,85,2140,12.3
VeslavM,2021-06-02,1,1,0,80,315,306,9,7.1
volimtrikoloru,2021-06-02,1,0,1,0,111,97,14,3.9
vonpecka,2021-06-02,8,7,1,311,538,397,141,11.5
zeleni_cz,2021-06-02,1,0,1,0,389,177,212,4.5
alenaschillerov,2021-06-01,21,20,1,630,835,739,96,30.3
AndrejBabis,2021-06-01,29,8,21,676,1707,383,1324,71
general_pavel,2021-06-01,1,1,0,1143,124,123,1,89.9
honzabartosek,2021-06-01,2,2,0,258,286,286,0,38.1
Jan_Skopecek,2021-06-01,2,2,0,375,386,349,37,81.6
jana_cernochova,2021-06-01,5,4,1,179,450,433,17,37.8
JanLipavsky,2021-06-01,3,1,2,53,1344,271,1073,41
jhamacek,2021-06-01,1,1,0,100,364,274,90,43.1
kalousekm,2021-06-01,1,1,0,8,1737,1703,34,882.8
KarelHavlicek_,2021-06-01,3,3,0,113,457,304,153,14.1
kducsl,2021-06-01,13,9,4,216,2608,222,2386,7.9
Kuba_Martin,2021-06-01,2,2,0,75,832,832,0,113.5
makupka,2021-06-01,2,2,0,587,128,107,21,77.5
market_a,2021-06-01,2,2,0,1359,621,515,106,508.8
MartinBaxa2,2021-06-01,1,1,0,316,104,104,0,36
metnarl,2021-06-01,1,1,0,23,64,50,14,4
milionchvilek,2021-06-01,4,3,1,797,225,147,78,28.7
MJureka,2021-06-01,8,8,0,940,953,821,132,164.6
ODScz,2021-06-01,21,6,15,1561,2352,632,1720,89.5
PiratIvanBartos,2021-06-01,11,11,0,2214,397,369,28,180.6
PiratskaStrana,2021-06-01,9,1,8,101,980,384,596,42.6
Pospisil_Jiri,2021-06-01,1,1,0,84,324,278,46,65.3
RobertSlachta,2021-06-01,2,0,2,0,122,90,32,3
SpoluKoalice,2021-06-01,25,1,24,242,2136,190,1946,36.9
STANcz,2021-06-01,4,1,3,21,583,175,408,9.9
TomasZdechovsky,2021-06-01,41,33,8,798,3907,2904,1003,205.5
tomio_cz,2021-06-01,3,3,0,63,628,628,0,29.5
TOP09cz,2021-06-01,14,2,12,1070,2201,84,2117,12.2
Vit_Rakusan,2021-06-01,1,1,0,762,141,123,18,74
vonpecka,2021-06-01,2,1,1,74,530,390,140,11.2
ZdenekHrib,2021-06-01,9,9,0,699,575,512,63,117.7
zeleni_cz,2021-06-01,1,1,0,23,388,177,211,4.5
alenaschillerov,2021-05-31,9,9,0,287,814,719,95,29.6
AndrejBabis,2021-05-31,18,5,13,545,1678,375,1303,70.3
czKSCM,2021-05-31,1,0,1,0,74,20,54,0.2
general_pavel,2021-05-31,1,1,0,1904,123,122,1,88.8
honzabartosek,2021-05-31,1,1,0,25,284,284,0,37.9
Jan_Skopecek,2021-05-31,3,3,0,1198,384,347,37,81.2
jana_cernochova,2021-05-31,3,2,1,165,445,429,16,37.6
JanLipavsky,2021-05-31,3,0,3,0,1341,270,1071,40.9
jhamacek,2021-05-31,1,0,1,0,363,273,90,43
kalousekm,2021-05-31,20,20,0,8274,1736,1702,34,882.8
KarelHavlicek_,2021-05-31,2,2,0,70,454,301,153,13.9
kducsl,2021-05-31,10,1,9,39,2595,213,2382,7.7
makupka,2021-05-31,1,1,0,227,126,105,21,77
market_a,2021-05-31,2,1,1,1907,619,513,106,507.4
metnarl,2021-05-31,1,1,0,114,63,49,14,3.9
milionchvilek,2021-05-31,3,3,0,929,221,144,77,27.9
MJureka,2021-05-31,4,4,0,415,945,813,132,163.6
ODScz,2021-05-31,19,2,17,130,2331,626,1705,87.9
olgarichterova,2021-05-31,1,1,0,85,412,403,9,29.4
P_Fiala,2021-05-31,8,8,0,1953,523,337,186,152.9
PiratIvanBartos,2021-05-31,1,1,0,1461,386,358,28,178.4
PiratskaStrana,2021-05-31,3,1,2,1,971,383,588,42.5
Pospisil_Jiri,2021-05-31,2,1,1,185,323,277,46,65.2
SpoluKoalice,2021-05-31,38,1,37,7,2111,189,1922,36.7
STANcz,2021-05-31,7,1,6,102,579,174,405,9.9
TomasCzernin,2021-05-31,1,1,0,343,121,118,3,75.8
TomasZdechovsky,2021-05-31,25,22,3,1258,3866,2871,995,204.7
tomio_cz,2021-05-31,3,3,0,117,625,625,0,29.4
TOP09cz,2021-05-31,14,0,14,0,2187,82,2105,11.2
VeslavM,2021-05-31,3,3,0,83,314,305,9,7
Vit_Rakusan,2021-05-31,1,1,0,750,140,122,18,73.2
volimtrikoloru,2021-05-31,1,0,1,0,110,97,13,3.9
vonpecka,2021-05-31,11,9,2,80,528,389,139,11.1
ZdenekHrib,2021-05-31,2,2,0,397,566,503,63,117
zeleni_cz,2021-05-31,1,1,0,49,387,176,211,4.4
alenaschillerov,2021-05-30,2,1,1,1,805,710,95,29.3
AndrejBabis,2021-05-30,6,4,2,1024,1660,370,1290,69.8
czKSCM,2021-05-30,1,0,1,0,73,20,53,0.2
general_pavel,2021-05-30,2,1,1,38,122,121,1,86.9
Jan_Skopecek,2021-05-30,1,1,0,65,381,344,37,80
JanLipavsky,2021-05-30,1,0,1,0,1338,270,1068,40.9
kalousekm,2021-05-30,3,3,0,3241,1716,1682,34,874.5
KarelHavlicek_,2021-05-30,1,0,1,0,452,299,153,13.9
kducsl,2021-05-30,2,0,2,0,2585,212,2373,7.6
Kuba_Martin,2021-05-30,1,1,0,6,830,830,0,113.4
market_a,2021-05-30,1,0,1,0,617,512,105,505.5
MartinBaxa2,2021-05-30,1,1,0,64,103,103,0,35.7
MJureka,2021-05-30,5,5,0,478,941,809,132,163.2
ODScz,2021-05-30,5,3,2,331,2312,624,1688,87.8
Pospisil_Jiri,2021-05-30,1,1,0,414,321,276,45,65
RobertSlachta,2021-05-30,1,1,0,30,120,90,30,3
SpoluKoalice,2021-05-30,7,0,7,0,2073,188,1885,36.6
TomasZdechovsky,2021-05-30,31,29,2,2687,3841,2849,992,203.4
tomio_cz,2021-05-30,3,3,0,279,622,622,0,29.3
TOP09cz,2021-05-30,3,0,3,0,2173,82,2091,11.2
VeslavM,2021-05-30,2,2,0,57,311,302,9,7
vonpecka,2021-05-30,4,2,2,66,517,380,137,11
alenaschillerov,2021-05-29,4,4,0,195,803,709,94,29.3
AndrejBabis,2021-05-29,19,2,17,241,1654,366,1288,68.8
Jan_Skopecek,2021-05-29,8,8,0,38,380,343,37,79.9
jana_cernochova,2021-05-29,3,3,0,318,442,427,15,37.5
JanLipavsky,2021-05-29,3,0,3,0,1337,270,1067,40.9
jhamacek,2021-05-29,1,0,1,0,362,273,89,43
kalousekm,2021-05-29,3,2,1,1739,1713,1679,34,871.3
KarelHavlicek_,2021-05-29,5,5,0,237,451,299,152,13.9
market_a,2021-05-29,1,1,0,33,616,512,104,505.5
ODScz,2021-05-29,6,1,5,78,2307,621,1686,87.5
P_Fiala,2021-05-29,1,1,0,367,515,329,186,150.9
PiratskaStrana,2021-05-29,1,1,0,191,968,382,586,42.5
SpoluKoalice,2021-05-29,16,0,16,0,2066,188,1878,36.6
STANcz,2021-05-29,1,0,1,0,572,173,399,9.8
TomasZdechovsky,2021-05-29,30,21,9,1207,3810,2820,990,200.7
tomio_cz,2021-05-29,2,2,0,207,619,619,0,29
VeslavM,2021-05-29,6,6,0,58,309,300,9,6.9
volimtrikoloru,2021-05-29,1,1,0,21,109,97,12,3.9
vonpecka,2021-05-29,2,0,2,0,513,378,135,11
alenaschillerov,2021-05-28,5,4,1,211,799,705,94,29.1
AndrejBabis,2021-05-28,8,2,6,620,1635,364,1271,68.5
general_pavel,2021-05-28,1,1,0,350,120,120,0,86.8
Jan_Skopecek,2021-05-28,3,3,0,422,372,335,37,79.9
jana_cernochova,2021-05-28,1,1,0,206,439,424,15,37.2
JanLipavsky,2021-05-28,6,2,4,215,1334,270,1064,40.9
kalousekm,2021-05-28,13,12,1,2496,1710,1677,33,869.5
KarelHavlicek_,2021-05-28,3,2,1,61,446,294,152,13.6
kducsl,2021-05-28,8,0,8,0,2583,212,2371,7.6
makupka,2021-05-28,1,1,0,249,125,104,21,76.7
market_a,2021-05-28,3,3,0,3358,615,511,104,505.5
MJureka,2021-05-28,7,5,2,738,936,804,132,162.7
ODScz,2021-05-28,11,2,9,197,2301,620,1681,87.4
olgarichterova,2021-05-28,1,1,0,271,411,402,9,29.3
P_Fiala,2021-05-28,2,1,1,1773,514,328,186,150.6
PiratIvanBartos,2021-05-28,3,3,0,1180,385,357,28,176.9
PiratskaStrana,2021-05-28,3,0,3,0,967,381,586,42.3
Pospisil_Jiri,2021-05-28,1,1,0,118,320,275,45,64.6
RobertSlachta,2021-05-28,2,0,2,0,119,89,30,3
SpoluKoalice,2021-05-28,10,0,10,0,2050,188,1862,36.6
STANcz,2021-05-28,7,0,7,0,571,173,398,9.8
TomasZdechovsky,2021-05-28,28,24,4,694,3780,2799,981,199.5
tomio_cz,2021-05-28,9,9,0,313,617,617,0,28.8
TOP09cz,2021-05-28,13,1,12,108,2170,82,2088,11.2
VeslavM,2021-05-28,1,1,0,0,303,294,9,6.8
Vit_Rakusan,2021-05-28,1,1,0,191,139,121,18,72.5
volimtrikoloru,2021-05-28,1,1,0,5,108,96,12,3.9
vonpecka,2021-05-28,3,1,2,16,511,378,133,11
zeleni_cz,2021-05-28,1,0,1,0,386,175,211,4.4
alenaschillerov,2021-05-27,3,3,0,95,794,701,93,28.9
AndrejBabis,2021-05-27,19,3,16,412,1627,362,1265,67.9
czKSCM,2021-05-27,1,0,1,0,72,20,52,0.2
general_pavel,2021-05-27,2,2,0,1086,119,119,0,86.5
honzabartosek,2021-05-27,1,1,0,33,283,283,0,37.8
Jan_Skopecek,2021-05-27,3,3,0,965,369,332,37,79.5
jana_cernochova,2021-05-27,3,3,0,50,438,423,15,36.9
JanLipavsky,2021-05-27,3,0,3,0,1328,268,1060,40.7
jhamacek,2021-05-27,2,0,2,0,361,273,88,43
kalousekm,2021-05-27,14,14,0,2828,1697,1665,32,867.1
KarelHavlicek_,2021-05-27,12,11,1,408,443,292,151,13.6
kducsl,2021-05-27,6,1,5,0,2575,212,2363,7.6
Kuba_Martin,2021-05-27,13,13,0,5062,829,829,0,113.4
market_a,2021-05-27,1,1,0,1192,612,508,104,502.1
MartinBaxa2,2021-05-27,1,1,0,59,102,102,0,35.6
metnarl,2021-05-27,1,0,1,0,62,48,14,3.8
milionchvilek,2021-05-27,1,1,0,94,218,141,77,26.9
MJureka,2021-05-27,1,1,0,128,929,799,130,162
ODScz,2021-05-27,12,0,12,0,2290,618,1672,87.2
olgarichterova,2021-05-27,1,1,0,15,410,401,9,29.1
P_Fiala,2021-05-27,3,3,0,1120,512,327,185,148.8
PiratIvanBartos,2021-05-27,1,1,0,946,382,354,28,175.7
PiratskaStrana,2021-05-27,3,0,3,0,964,381,583,42.3
Pospisil_Jiri,2021-05-27,1,1,0,175,319,274,45,64.5
SpoluKoalice,2021-05-27,21,0,21,0,2040,188,1852,36.6
STANcz,2021-05-27,4,0,4,0,564,173,391,9.8
TomasZdechovsky,2021-05-27,25,19,6,620,3752,2775,977,198.8
tomio_cz,2021-05-27,5,5,0,302,608,608,0,28.5
TOP09cz,2021-05-27,11,0,11,0,2157,81,2076,11
VeslavM,2021-05-27,6,6,0,45,302,293,9,6.8
Vit_Rakusan,2021-05-27,2,2,0,426,138,120,18,72.3
volimtrikoloru,2021-05-27,4,2,2,58,107,95,12,3.9
vonpecka,2021-05-27,1,1,0,62,508,377,131,11
ZdenekHrib,2021-05-27,5,5,0,792,564,501,63,116.6
alenaschillerov,2021-05-26,6,6,0,353,791,698,93,28.8
AndrejBabis,2021-05-26,16,0,16,0,1608,359,1249,67.5
general_pavel,2021-05-26,1,1,0,1019,117,117,0,85.4
Jan_Skopecek,2021-05-26,2,2,0,1042,366,329,37,78.5
jana_cernochova,2021-05-26,5,5,0,65,435,420,15,36.9
JanLipavsky,2021-05-26,13,4,9,581,1325,268,1057,40.7
jhamacek,2021-05-26,1,0,1,0,359,273,86,43
kalousekm,2021-05-26,12,12,0,5476,1683,1651,32,864.2
KarelHavlicek_,2021-05-26,3,2,1,179,431,281,150,13.2
kducsl,2021-05-26,11,1,10,58,2569,211,2358,7.6
makupka,2021-05-26,1,1,0,188,124,103,21,76.5
market_a,2021-05-26,1,1,0,436,611,507,104,500.9
milionchvilek,2021-05-26,3,3,0,587,217,140,77,26.9
MJureka,2021-05-26,2,2,0,441,928,798,130,161.9
ODScz,2021-05-26,15,0,15,0,2278,618,1660,87.2
olgarichterova,2021-05-26,1,0,1,0,409,400,9,29
P_Fiala,2021-05-26,3,3,0,771,509,324,185,147.7
PavelSehnal64,2021-05-26,1,1,0,2,47,47,0,0.3
PiratIvanBartos,2021-05-26,4,3,1,2401,381,353,28,174.8
PiratskaStrana,2021-05-26,11,4,7,1165,961,381,580,42.3
Pospisil_Jiri,2021-05-26,1,1,0,271,318,273,45,64.3
RobertSlachta,2021-05-26,1,0,1,0,117,89,28,3
SpoluKoalice,2021-05-26,15,1,14,124,2019,188,1831,36.6
STANcz,2021-05-26,7,6,1,271,560,173,387,9.8
TomasZdechovsky,2021-05-26,35,24,11,1798,3727,2756,971,198.2
tomio_cz,2021-05-26,5,5,0,182,603,603,0,28.2
TOP09cz,2021-05-26,13,1,12,34,2146,81,2065,11
VeslavM,2021-05-26,1,1,0,128,296,287,9,6.8
vonpecka,2021-05-26,6,4,2,27,507,376,131,10.9
ZdenekHrib,2021-05-26,2,1,1,0,559,496,63,115.8
zeleni_cz,2021-05-26,5,2,3,79,385,175,210,4.4
alenaschillerov,2021-05-25,4,4,0,324,785,692,93,28.5
AndrejBabis,2021-05-25,11,3,8,377,1592,359,1233,67.5
czKSCM,2021-05-25,1,0,1,0,71,20,51,0.2
general_pavel,2021-05-25,1,1,0,403,116,116,0,84.4
honzabartosek,2021-05-25,7,7,0,4329,282,282,0,37.8
Jan_Skopecek,2021-05-25,3,3,0,567,364,327,37,77.5
jana_cernochova,2021-05-25,1,1,0,5,430,415,15,36.8
JanLipavsky,2021-05-25,8,4,4,377,1312,264,1048,40.1
kalousekm,2021-05-25,7,7,0,7745,1671,1639,32,858.7
KarelHavlicek_,2021-05-25,5,5,0,113,428,279,149,13
kducsl,2021-05-25,32,9,23,253,2558,210,2348,7.6
makupka,2021-05-25,1,1,0,299,123,102,21,76.3
market_a,2021-05-25,2,2,0,6510,610,506,104,500.5
MartinBaxa2,2021-05-25,1,1,0,460,101,101,0,35.6
metnarl,2021-05-25,2,2,0,71,61,48,13,3.8
milionchvilek,2021-05-25,2,2,0,408,214,137,77,26.3
MJureka,2021-05-25,6,6,0,1283,926,796,130,161.4
ODScz,2021-05-25,18,2,16,285,2263,618,1645,87.2
olgarichterova,2021-05-25,1,0,1,0,408,400,8,29
PiratIvanBartos,2021-05-25,3,3,0,2329,377,350,27,172.4
PiratskaStrana,2021-05-25,6,0,6,0,950,377,573,41.1
Pospisil_Jiri,2021-05-25,5,5,0,717,317,272,45,64
SpoluKoalice,2021-05-25,29,0,29,0,2004,187,1817,36.5
STANcz,2021-05-25,8,4,4,69,553,167,386,9.5
TomasCzernin,2021-05-25,3,3,0,1031,120,117,3,75.4
TomasZdechovsky,2021-05-25,65,54,11,3160,3692,2732,960,196.4
tomio_cz,2021-05-25,4,4,0,38,598,598,0,28
TOP09cz,2021-05-25,31,0,31,0,2133,80,2053,11
VeslavM,2021-05-25,1,1,0,51,295,286,9,6.7
Vit_Rakusan,2021-05-25,1,1,0,1040,136,118,18,71.9
vonpecka,2021-05-25,2,1,1,13,501,372,129,10.9
Zbynek_Stanjura,2021-05-25,1,1,0,578,18,14,4,15.2
alenaschillerov,2021-05-24,7,7,0,466,781,688,93,28.2
AndrejBabis,2021-05-24,19,4,15,364,1581,356,1225,67.1
general_pavel,2021-05-24,1,1,0,1472,115,115,0,84
jana_cernochova,2021-05-24,5,5,0,190,429,414,15,36.8
JanLipavsky,2021-05-24,20,2,18,1224,1304,260,1044,39.8
kalousekm,2021-05-24,11,9,2,2488,1664,1632,32,851
KarelHavlicek_,2021-05-24,6,5,1,131,423,274,149,12.9
kducsl,2021-05-24,18,0,18,0,2526,201,2325,7.3
market_a,2021-05-24,3,2,1,1022,608,504,104,494
milionchvilek,2021-05-24,2,2,0,762,212,135,77,25.9
MJureka,2021-05-24,7,3,4,292,920,790,130,160.1
ODScz,2021-05-24,6,2,4,685,2245,616,1629,86.9
olgarichterova,2021-05-24,1,0,1,0,407,400,7,29
P_Fiala,2021-05-24,3,0,3,0,506,321,185,146.9
PiratIvanBartos,2021-05-24,10,8,2,3794,374,347,27,170.1
PiratskaStrana,2021-05-24,11,1,10,642,944,377,567,41.1
Pospisil_Jiri,2021-05-24,4,2,2,205,312,267,45,63.3
SpoluKoalice,2021-05-24,17,3,14,1211,1975,187,1788,36.5
STANcz,2021-05-24,4,0,4,0,545,163,382,9.4
TomasCzernin,2021-05-24,1,1,0,36,117,114,3,74.4
TomasZdechovsky,2021-05-24,36,27,9,1632,3627,2678,949,193.2
tomio_cz,2021-05-24,3,3,0,146,594,594,0,28
TOP09cz,2021-05-24,31,1,30,65,2102,80,2022,11
vojtafilip,2021-05-24,1,1,0,321,52,52,0,4.3
vonpecka,2021-05-24,6,4,2,57,499,371,128,10.9
ZdenekHrib,2021-05-24,8,6,2,581,557,495,62,115.8
zeleni_cz,2021-05-24,2,2,0,90,380,173,207,4.3
alenaschillerov,2021-05-23,3,3,0,73,774,681,93,27.7
AndrejBabis,2021-05-23,6,3,3,454,1562,352,1210,66.7
honzabartosek,2021-05-23,6,6,0,781,275,275,0,33.5
Jan_Skopecek,2021-05-23,1,1,0,431,361,324,37,76.9
JanLipavsky,2021-05-23,9,0,9,0,1284,258,1026,38.5
kalousekm,2021-05-23,3,2,1,1248,1653,1623,30,848.5
KarelHavlicek_,2021-05-23,1,0,1,0,417,269,148,12.7
kducsl,2021-05-23,14,0,14,0,2508,201,2307,7.3
makupka,2021-05-23,2,2,0,776,122,101,21,76
market_a,2021-05-23,1,1,0,1795,605,502,103,492.9
MJureka,2021-05-23,2,2,0,692,913,787,126,159.8
ODScz,2021-05-23,7,3,4,1137,2239,614,1625,86.2
P_Fiala,2021-05-23,1,1,0,571,503,321,182,146.9
PiratskaStrana,2021-05-23,1,0,1,0,933,376,557,40.5
Pospisil_Jiri,2021-05-23,1,1,0,323,308,265,43,63.1
RobertSlachta,2021-05-23,1,1,0,22,116,89,27,3
SpoluKoalice,2021-05-23,21,0,21,0,1958,184,1774,35.3
STANcz,2021-05-23,4,1,3,55,541,163,378,9.4
TomasCzernin,2021-05-23,2,2,0,1223,116,113,3,74.3
TomasZdechovsky,2021-05-23,34,31,3,1305,3591,2651,940,191.6
tomio_cz,2021-05-23,3,3,0,255,591,591,0,27.9
TOP09cz,2021-05-23,4,0,4,0,2071,79,1992,10.9
VeslavM,2021-05-23,4,4,0,28,294,285,9,6.6
Vit_Rakusan,2021-05-23,1,1,0,399,135,117,18,70.8
vonpecka,2021-05-23,6,4,2,293,493,367,126,10.8
ZdenekHrib,2021-05-23,1,0,1,0,549,489,60,115.2
alenaschillerov,2021-05-22,3,3,0,110,771,678,93,27.6
AndrejBabis,2021-05-22,4,2,2,254,1556,349,1207,66.3
Jan_Skopecek,2021-05-22,7,7,0,1081,360,323,37,76.5
jana_cernochova,2021-05-22,2,2,0,206,424,409,15,36.6
JanLipavsky,2021-05-22,5,0,5,0,1275,258,1017,38.5
kalousekm,2021-05-22,1,1,0,1336,1650,1621,29,847.3
kducsl,2021-05-22,11,0,11,0,2494,201,2293,7.3
makupka,2021-05-22,1,1,0,500,120,99,21,75.2
market_a,2021-05-22,3,1,2,314,604,501,103,491.1
MartinBaxa2,2021-05-22,1,1,0,114,100,100,0,35.1
metnarl,2021-05-22,1,1,0,72,59,46,13,3.7
milionchvilek,2021-05-22,1,1,0,92,210,133,77,25.1
MJureka,2021-05-22,3,3,0,297,911,785,126,159.2
ODScz,2021-05-22,9,2,7,208,2232,611,1621,85.1
P_Fiala,2021-05-22,1,1,0,467,502,320,182,146.3
PiratskaStrana,2021-05-22,2,1,1,206,932,376,556,40.5
Pospisil_Jiri,2021-05-22,1,1,0,156,307,264,43,62.8
SpoluKoalice,2021-05-22,12,0,12,0,1937,184,1753,35.3
TomasZdechovsky,2021-05-22,23,19,4,1144,3557,2620,937,190.3
TOP09cz,2021-05-22,4,0,4,0,2067,79,1988,10.9
VeslavM,2021-05-22,2,2,0,4,290,281,9,6.6
vonpecka,2021-05-22,4,2,2,16,487,363,124,10.5
ZdenekHrib,2021-05-22,1,1,0,1648,548,489,59,115.2
alenaschillerov,2021-05-21,7,6,1,200,768,675,93,27.5
AndrejBabis,2021-05-21,13,3,10,469,1552,347,1205,66
honzabartosek,2021-05-21,2,2,0,415,269,269,0,32.7
Jan_Skopecek,2021-05-21,3,3,0,367,353,316,37,75.4
JanLipavsky,2021-05-21,3,0,3,0,1270,258,1012,38.5
kalousekm,2021-05-21,4,4,0,4743,1649,1620,29,845.9
KarelHavlicek_,2021-05-21,5,3,2,132,416,269,147,12.7
kducsl,2021-05-21,12,0,12,0,2483,201,2282,7.3
makupka,2021-05-21,1,0,1,0,119,98,21,74.7
market_a,2021-05-21,4,4,0,2391,601,500,101,490.8
MartinBaxa2,2021-05-21,1,1,0,2,99,99,0,35
metnarl,2021-05-21,2,2,0,86,58,45,13,3.7
MJureka,2021-05-21,4,3,1,542,908,782,126,158.9
ODScz,2021-05-21,9,1,8,233,2223,609,1614,84.9
P_Fiala,2021-05-21,3,2,1,927,501,319,182,145.9
PiratskaStrana,2021-05-21,8,1,7,143,930,375,555,40.3
Pospisil_Jiri,2021-05-21,1,1,0,142,306,263,43,62.6
SpoluKoalice,2021-05-21,12,1,11,426,1925,184,1741,35.3
STANcz,2021-05-21,7,1,6,0,537,162,375,9.4
TomasCzernin,2021-05-21,2,2,0,757,114,111,3,73.1
TomasZdechovsky,2021-05-21,17,11,6,977,3534,2601,933,189.2
tomio_cz,2021-05-21,4,4,0,274,588,588,0,27.6
TOP09cz,2021-05-21,15,0,15,0,2063,79,1984,10.9
Vit_Rakusan,2021-05-21,1,0,1,0,134,116,18,70.4
vonpecka,2021-05-21,12,9,3,403,483,361,122,10.5
ZdenekHrib,2021-05-21,4,4,0,585,547,488,59,113.6
zeleni_cz,2021-05-21,4,4,0,101,378,171,207,4.2
alenaschillerov,2021-05-20,9,8,1,422,761,669,92,27.3
AndrejBabis,2021-05-20,8,4,4,373,1539,344,1195,65.6
Jan_Skopecek,2021-05-20,3,3,0,660,350,313,37,75
jana_cernochova,2021-05-20,1,1,0,3,422,407,15,36.4
JanLipavsky,2021-05-20,4,0,4,0,1267,258,1009,38.5
kalousekm,2021-05-20,6,6,0,1556,1645,1616,29,841.2
KarelHavlicek_,2021-05-20,4,2,2,77,411,266,145,12.6
kducsl,2021-05-20,13,0,13,0,2471,201,2270,7.3
market_a,2021-05-20,2,2,0,1703,597,496,101,488.4
metnarl,2021-05-20,1,0,1,0,56,43,13,3.6
milionchvilek,2021-05-20,13,10,3,2046,209,132,77,25
ODScz,2021-05-20,11,1,10,114,2214,608,1606,84.7
olgarichterova,2021-05-20,1,1,0,98,406,400,6,29
P_Fiala,2021-05-20,6,1,5,523,498,317,181,144.9
PavelSehnal64,2021-05-20,3,3,0,4,46,46,0,0.3
PiratIvanBartos,2021-05-20,3,2,1,689,364,339,25,166.3
PiratskaStrana,2021-05-20,7,3,4,197,922,374,548,40.1
Pospisil_Jiri,2021-05-20,1,0,1,0,305,262,43,62.5
SpoluKoalice,2021-05-20,15,0,15,0,1913,183,1730,34.9
STANcz,2021-05-20,5,4,1,115,530,161,369,9.4
TomasZdechovsky,2021-05-20,24,15,9,1366,3517,2590,927,188.2
tomio_cz,2021-05-20,3,3,0,157,584,584,0,27.3
TOP09cz,2021-05-20,11,0,11,0,2048,79,1969,10.9
vonpecka,2021-05-20,11,4,7,83,471,352,119,10.1
alenaschillerov,2021-05-19,4,3,1,70,752,661,91,26.9
AndrejBabis,2021-05-19,12,5,7,2097,1531,340,1191,65.2
general_pavel,2021-05-19,1,1,0,322,114,114,0,82.5
honzabartosek,2021-05-19,1,1,0,387,267,267,0,32.3
Jan_Skopecek,2021-05-19,1,1,0,218,347,310,37,74.4
jana_cernochova,2021-05-19,3,3,0,14,421,406,15,36.4
JanLipavsky,2021-05-19,1,0,1,0,1263,258,1005,38.5
kalousekm,2021-05-19,2,2,0,108,1639,1610,29,839.6
KarelHavlicek_,2021-05-19,4,4,0,137,407,264,143,12.5
kducsl,2021-05-19,35,1,34,60,2458,201,2257,7.3
Kuba_Martin,2021-05-19,5,5,0,11,816,816,0,108.4
makupka,2021-05-19,3,1,2,551,118,98,20,74.7
market_a,2021-05-19,2,1,1,252,595,494,101,486.7
MartinBaxa2,2021-05-19,1,1,0,234,98,98,0,35
metnarl,2021-05-19,2,2,0,44,55,43,12,3.6
MJureka,2021-05-19,1,1,0,236,904,779,125,158.3
ODScz,2021-05-19,37,8,29,1078,2203,607,1596,84.5
P_Fiala,2021-05-19,18,0,18,0,492,316,176,144.4
PiratIvanBartos,2021-05-19,10,9,1,1720,361,337,24,165.6
PiratskaStrana,2021-05-19,6,1,5,533,915,371,544,39.9
Pospisil_Jiri,2021-05-19,1,1,0,140,304,262,42,62.5
SpoluKoalice,2021-05-19,53,21,32,1788,1898,183,1715,34.9
STANcz,2021-05-19,10,4,6,75,525,157,368,9.3
TomasZdechovsky,2021-05-19,53,37,16,2267,3493,2575,918,186.8
tomio_cz,2021-05-19,5,5,0,222,581,581,0,27.2
TOP09cz,2021-05-19,11,2,9,296,2037,79,1958,10.9
VeslavM,2021-05-19,3,3,0,3,288,279,9,6.6
Vit_Rakusan,2021-05-19,3,3,0,1007,133,116,17,70.4
vojtafilip,2021-05-19,1,1,0,98,51,51,0,3.9
volimtrikoloru,2021-05-19,1,0,1,0,103,93,10,3.9
vonpecka,2021-05-19,9,2,7,220,460,348,112,10
alenaschillerov,2021-05-18,4,4,0,93,748,658,90,26.8
AndrejBabis,2021-05-18,6,3,3,208,1519,335,1184,63.1
general_pavel,2021-05-18,1,1,0,1043,113,113,0,82.2
honzabartosek,2021-05-18,1,1,0,617,266,266,0,31.9
Jan_Skopecek,2021-05-18,3,3,0,417,346,309,37,74.1
JanLipavsky,2021-05-18,7,1,6,2,1262,258,1004,38.5
kalousekm,2021-05-18,13,13,0,5870,1637,1608,29,839.5
kducsl,2021-05-18,20,0,20,0,2423,200,2223,7.2
Kuba_Martin,2021-05-18,1,1,0,3882,811,811,0,108.3
makupka,2021-05-18,1,1,0,1258,115,97,18,74.2
market_a,2021-05-18,4,3,1,2726,593,493,100,486.5
MartinBaxa2,2021-05-18,1,1,0,242,97,97,0,34.8
milionchvilek,2021-05-18,3,2,1,252,196,122,74,23
MJureka,2021-05-18,5,5,0,376,903,778,125,158.1
ODScz,2021-05-18,16,5,11,423,2166,599,1567,83.5
olgarichterova,2021-05-18,4,4,0,25,405,399,6,28.9
P_Fiala,2021-05-18,2,1,1,1261,474,316,158,144.4
PiratIvanBartos,2021-05-18,2,1,1,595,351,328,23,163.9
PiratskaStrana,2021-05-18,17,11,6,1571,909,370,539,39.4
Pospisil_Jiri,2021-05-18,3,3,0,476,303,261,42,62.3
SpoluKoalice,2021-05-18,30,2,28,697,1845,162,1683,33.1
STANcz,2021-05-18,11,5,6,214,515,153,362,9.2
TomasZdechovsky,2021-05-18,34,21,13,1655,3440,2538,902,184.5
tomio_cz,2021-05-18,2,2,0,342,576,576,0,27
TOP09cz,2021-05-18,25,0,25,0,2026,77,1949,10.7
VeslavM,2021-05-18,4,4,0,34,285,276,9,6.6
volimtrikoloru,2021-05-18,2,0,2,0,102,93,9,3.9
vonpecka,2021-05-18,1,1,0,45,451,346,105,9.8
ZdenekHrib,2021-05-18,3,3,0,621,543,484,59,113
alenaschillerov,2021-05-17,6,6,0,230,744,654,90,26.7
AndrejBabis,2021-05-17,14,0,14,0,1513,332,1181,62.9
czKSCM,2021-05-17,1,0,1,0,70,20,50,0.2
general_pavel,2021-05-17,1,1,0,1077,112,112,0,81.1
honzabartosek,2021-05-17,2,2,0,19,265,265,0,31.3
Jan_Skopecek,2021-05-17,4,4,0,1084,343,306,37,73.7
jana_cernochova,2021-05-17,2,2,0,299,418,403,15,36.4
JanLipavsky,2021-05-17,8,1,7,1020,1255,257,998,38.5
kalousekm,2021-05-17,20,20,0,5641,1624,1595,29,833.7
KarelHavlicek_,2021-05-17,2,2,0,78,403,260,143,12.4
kducsl,2021-05-17,16,0,16,0,2403,200,2203,7.2
Kuba_Martin,2021-05-17,5,5,0,712,810,810,0,104.5
makupka,2021-05-17,1,1,0,458,114,96,18,72.9
market_a,2021-05-17,3,2,1,2172,589,490,99,483.8
MartinBaxa2,2021-05-17,3,3,0,482,96,96,0,34.5
milionchvilek,2021-05-17,1,1,0,517,193,120,73,22.7
MJureka,2021-05-17,9,7,2,525,898,773,125,157.7
ODScz,2021-05-17,23,6,17,99,2150,594,1556,83
olgarichterova,2021-05-17,1,1,0,199,401,395,6,28.9
P_Fiala,2021-05-17,7,3,4,1296,472,315,157,143.1
PavelSehnal64,2021-05-17,1,1,0,1,43,43,0,0.3
PiratIvanBartos,2021-05-17,2,1,1,1,349,327,22,163.3
PiratskaStrana,2021-05-17,4,1,3,735,892,359,533,37.8
Pospisil_Jiri,2021-05-17,1,1,0,104,300,258,42,61.9
SpoluKoalice,2021-05-17,18,0,18,0,1815,160,1655,32.4
STANcz,2021-05-17,10,8,2,246,504,148,356,9
TomasZdechovsky,2021-05-17,40,30,10,1795,3406,2517,889,182.9
tomio_cz,2021-05-17,2,2,0,112,574,574,0,26.6
TOP09cz,2021-05-17,6,0,6,0,2001,77,1924,10.7
Vit_Rakusan,2021-05-17,1,0,1,0,130,113,17,69.4
vojtafilip,2021-05-17,1,1,0,58,50,50,0,3.8
volimtrikoloru,2021-05-17,1,1,0,34,100,93,7,3.9
vonpecka,2021-05-17,5,3,2,39,450,345,105,9.7
ZdenekHrib,2021-05-17,1,0,1,0,540,481,59,112.4
alenaschillerov,2021-05-16,1,1,0,35,738,648,90,26.5
AndrejBabis,2021-05-16,6,4,2,934,1499,332,1167,62.9
czKSCM,2021-05-16,2,0,2,0,69,20,49,0.2
Jan_Skopecek,2021-05-16,4,4,0,3110,339,302,37,72.6
JanLipavsky,2021-05-16,1,0,1,0,1247,256,991,37.5
KarelHavlicek_,2021-05-16,1,0,1,0,401,258,143,12.3
kducsl,2021-05-16,9,0,9,0,2387,200,2187,7.2
market_a,2021-05-16,1,1,0,1411,586,488,98,481.6
MJureka,2021-05-16,4,4,0,3,889,766,123,157.2
ODScz,2021-05-16,8,4,4,649,2127,588,1539,82.9
P_Fiala,2021-05-16,2,1,1,829,465,312,153,141.8
Pospisil_Jiri,2021-05-16,2,2,0,224,299,257,42,61.8
RobertSlachta,2021-05-16,1,1,0,20,115,88,27,2.9
SpoluKoalice,2021-05-16,17,1,16,28,1797,160,1637,32.4
TomasZdechovsky,2021-05-16,16,13,3,469,3366,2487,879,181.1
tomio_cz,2021-05-16,8,8,0,246,572,572,0,26.5
TOP09cz,2021-05-16,10,0,10,0,1995,77,1918,10.7
VeslavM,2021-05-16,5,5,0,37,281,272,9,6.5
vonpecka,2021-05-16,3,2,1,27,445,342,103,9.7
ZdenekHrib,2021-05-16,8,8,0,1020,539,481,58,112.4
zeleni_cz,2021-05-16,2,0,2,0,374,167,207,4.1
alenaschillerov,2021-05-15,2,2,0,52,737,647,90,26.5
AndrejBabis,2021-05-15,1,0,1,0,1493,328,1165,62
Jan_Skopecek,2021-05-15,2,2,0,364,335,298,37,69.5
JanLipavsky,2021-05-15,2,1,1,1,1246,256,990,37.5
kalousekm,2021-05-15,10,9,1,4389,1604,1575,29,828
kducsl,2021-05-15,5,0,5,0,2378,200,2178,7.2
metnarl,2021-05-15,1,1,0,24,53,41,12,3.5
milionchvilek,2021-05-15,1,1,0,373,192,119,73,22.2
MJureka,2021-05-15,4,4,0,1366,885,762,123,157.2
ODScz,2021-05-15,4,0,4,0,2119,584,1535,82.3
PavelSehnal64,2021-05-15,1,1,0,0,42,42,0,0.3
PiratIvanBartos,2021-05-15,2,2,0,1241,347,326,21,163.3
PiratskaStrana,2021-05-15,1,1,0,81,888,358,530,37.1
SpoluKoalice,2021-05-15,20,0,20,0,1780,159,1621,32.4
TomasZdechovsky,2021-05-15,30,28,2,907,3350,2474,876,180.6
tomio_cz,2021-05-15,4,4,0,270,564,564,0,26.3
vonpecka,2021-05-15,2,2,0,8,442,340,102,9.7
ZdenekHrib,2021-05-15,2,1,1,126,531,473,58,111.3
zeleni_cz,2021-05-15,2,1,1,2,372,167,205,4.1
alenaschillerov,2021-05-14,4,4,0,138,735,645,90,26.4
AndrejBabis,2021-05-14,17,6,11,353,1492,328,1164,62
honzabartosek,2021-05-14,4,4,0,322,263,263,0,31.3
Jan_Skopecek,2021-05-14,2,2,0,412,333,296,37,69.2
jana_cernochova,2021-05-14,6,6,0,143,416,401,15,36.1
JanLipavsky,2021-05-14,14,7,7,831,1244,255,989,37.5
jhamacek,2021-05-14,5,3,2,634,358,273,85,43
kalousekm,2021-05-14,20,19,1,876,1594,1566,28,823.6
KarelHavlicek_,2021-05-14,5,5,0,274,400,258,142,12.3
kducsl,2021-05-14,19,1,18,59,2373,200,2173,7.2
makupka,2021-05-14,2,2,0,442,113,95,18,72.4
market_a,2021-05-14,9,7,2,12728,585,487,98,480.2
milionchvilek,2021-05-14,5,3,2,2227,191,118,73,21.8
MJureka,2021-05-14,8,8,0,1721,881,758,123,155.8
ODScz,2021-05-14,21,8,13,581,2115,584,1531,82.3
P_Fiala,2021-05-14,6,3,3,546,463,311,152,141
PavelSehnal64,2021-05-14,2,2,0,2,41,41,0,0.3
PiratIvanBartos,2021-05-14,4,4,0,2264,345,324,21,162
PiratskaStrana,2021-05-14,9,0,9,0,887,357,530,37
Pospisil_Jiri,2021-05-14,5,4,1,1197,297,255,42,61.5
RobertSlachta,2021-05-14,1,1,0,0,114,87,27,2.9
SpoluKoalice,2021-05-14,37,2,35,1168,1760,159,1601,32.4
STANcz,2021-05-14,10,4,6,11,494,140,354,8.7
TomasCzernin,2021-05-14,2,2,0,511,112,109,3,72.4
TomasZdechovsky,2021-05-14,21,13,8,1841,3320,2446,874,179.7
tomio_cz,2021-05-14,1,1,0,24,560,560,0,26
TOP09cz,2021-05-14,25,0,25,0,1985,77,1908,10.7
VeslavM,2021-05-14,8,8,0,149,276,267,9,6.5
Vit_Rakusan,2021-05-14,2,2,0,2027,129,113,16,69.4
volimtrikoloru,2021-05-14,1,0,1,0,99,92,7,3.8
vonpecka,2021-05-14,5,3,2,5,440,338,102,9.7
ZdenekHrib,2021-05-14,3,3,0,1085,529,472,57,111.2
zeleni_cz,2021-05-14,1,1,0,60,370,166,204,4.1
alenaschillerov,2021-05-13,5,5,0,108,731,641,90,26.3
AndrejBabis,2021-05-13,11,5,6,641,1475,322,1153,61.6
general_pavel,2021-05-13,1,1,0,181,111,111,0,80.1
honzabartosek,2021-05-13,1,1,0,24,259,259,0,30.9
Jan_Skopecek,2021-05-13,3,3,0,1160,331,294,37,68.8
JanLipavsky,2021-05-13,5,0,5,0,1230,248,982,36.7
jhamacek,2021-05-13,1,1,0,178,353,270,83,42.4
kalousekm,2021-05-13,13,13,0,5746,1574,1547,27,822.7
KarelHavlicek_,2021-05-13,4,3,1,82,395,253,142,12
kducsl,2021-05-13,11,0,11,0,2354,199,2155,7.2
market_a,2021-05-13,3,3,0,5041,576,480,96,467.4
milionchvilek,2021-05-13,1,1,0,42,186,115,71,19.6
MJureka,2021-05-13,5,5,0,1500,873,750,123,154.1
ODScz,2021-05-13,11,1,10,397,2094,576,1518,81.7
olgarichterova,2021-05-13,12,12,0,1326,400,394,6,28.7
P_Fiala,2021-05-13,2,2,0,521,457,308,149,140.5
PavelSehnal64,2021-05-13,1,1,0,2,39,39,0,0.3
PiratIvanBartos,2021-05-13,2,2,0,952,341,320,21,159.8
PiratskaStrana,2021-05-13,5,1,4,83,878,357,521,37
Pospisil_Jiri,2021-05-13,1,1,0,369,292,251,41,60.3
SpoluKoalice,2021-05-13,27,0,27,0,1723,157,1566,31.2
STANcz,2021-05-13,3,0,3,0,484,136,348,8.7
TomasCzernin,2021-05-13,1,1,0,496,110,107,3,71.9
TomasZdechovsky,2021-05-13,19,15,4,1993,3299,2433,866,177.9
tomio_cz,2021-05-13,1,1,0,17,559,559,0,26
TOP09cz,2021-05-13,7,0,7,0,1960,77,1883,10.7
VeslavM,2021-05-13,6,6,0,280,268,259,9,6.4
volimtrikoloru,2021-05-13,2,2,0,155,98,92,6,3.8
vonpecka,2021-05-13,1,1,0,57,435,335,100,9.7
ZdenekHrib,2021-05-13,5,5,0,1977,526,469,57,110.1
zeleni_cz,2021-05-13,1,0,1,0,369,165,204,4.1
alenaschillerov,2021-05-12,12,11,1,280,726,636,90,26.2
AndrejBabis,2021-05-12,11,3,8,1908,1464,317,1147,61
czKSCM,2021-05-12,1,1,0,4,67,20,47,0.2
general_pavel,2021-05-12,1,1,0,1228,110,110,0,79.9
honzabartosek,2021-05-12,2,2,0,174,258,258,0,30.9
Jan_Skopecek,2021-05-12,5,3,2,1295,328,291,37,67.6
jana_cernochova,2021-05-12,1,1,0,232,410,395,15,36
JanLipavsky,2021-05-12,3,0,3,0,1225,248,977,36.7
kalousekm,2021-05-12,24,24,0,7483,1561,1534,27,817
kducsl,2021-05-12,29,3,26,74,2343,199,2144,7.2
makupka,2021-05-12,1,1,0,836,111,93,18,72
market_a,2021-05-12,5,3,2,3122,573,477,96,462.4
metnarl,2021-05-12,1,1,0,25,52,40,12,3.5
milionchvilek,2021-05-12,2,1,1,37,185,114,71,19.5
MJureka,2021-05-12,11,10,1,1250,868,745,123,152.6
ODScz,2021-05-12,19,0,19,0,2083,575,1508,81.3
P_Fiala,2021-05-12,8,8,0,4193,455,306,149,140
PavelSehnal64,2021-05-12,1,1,0,0,38,38,0,0.3
PiratIvanBartos,2021-05-12,4,4,0,1529,339,318,21,158.8
PiratskaStrana,2021-05-12,10,3,7,273,873,356,517,36.9
Pospisil_Jiri,2021-05-12,2,2,0,192,291,250,41,60
SpoluKoalice,2021-05-12,42,4,38,1560,1696,157,1539,31.2
STANcz,2021-05-12,2,0,2,0,481,136,345,8.7
TomasCzernin,2021-05-12,2,2,0,650,109,106,3,71.4
TomasZdechovsky,2021-05-12,14,12,2,1259,3280,2418,862,175.9
tomio_cz,2021-05-12,5,5,0,413,558,558,0,25.9
TOP09cz,2021-05-12,20,2,18,288,1953,77,1876,10.7
Vit_Rakusan,2021-05-12,1,1,0,681,127,111,16,67.4
vojtafilip,2021-05-12,1,1,0,87,49,49,0,3.8
volimtrikoloru,2021-05-12,1,1,0,36,96,90,6,3.7
vonpecka,2021-05-12,2,1,1,90,434,334,100,9.6
Zbynek_Stanjura,2021-05-12,1,1,0,558,17,13,4,14.6
ZdenekHrib,2021-05-12,5,5,0,217,521,464,57,108.2
zeleni_cz,2021-05-12,1,1,0,19,368,165,203,4.1
alenaschillerov,2021-05-11,6,6,0,107,714,625,89,25.9
AndrejBabis,2021-05-11,13,4,9,327,1453,314,1139,59.1
czKSCM,2021-05-11,1,1,0,2,66,19,47,0.2
honzabartosek,2021-05-11,2,2,0,249,256,256,0,30.7
Jan_Skopecek,2021-05-11,1,1,0,454,323,288,35,66.3
JanLipavsky,2021-05-11,3,0,3,0,1222,248,974,36.7
kalousekm,2021-05-11,2,2,0,1030,1537,1510,27,809.5
KarelHavlicek_,2021-05-11,3,3,0,93,391,250,141,12
kducsl,2021-05-11,8,0,8,0,2314,196,2118,7.1
Kuba_Martin,2021-05-11,2,2,0,9,805,805,0,103.7
makupka,2021-05-11,1,1,0,144,110,92,18,71.2
market_a,2021-05-11,4,4,0,4792,568,474,94,459.3
metnarl,2021-05-11,3,3,0,82,51,39,12,3.5
milionchvilek,2021-05-11,1,1,0,83,183,113,70,19.5
MJureka,2021-05-11,3,2,1,298,857,735,122,151.3
ODScz,2021-05-11,10,1,9,1956,2064,575,1489,81.3
olgarichterova,2021-05-11,7,7,0,610,388,382,6,27.4
PavelSehnal64,2021-05-11,1,1,0,1,37,37,0,0.3
PiratskaStrana,2021-05-11,6,1,5,269,863,353,510,36.6
Pospisil_Jiri,2021-05-11,1,1,0,212,289,248,41,59.8
RobertSlachta,2021-05-11,2,2,0,86,113,86,27,2.9
SpoluKoalice,2021-05-11,18,0,18,0,1654,153,1501,29.6
STANcz,2021-05-11,1,1,0,24,479,136,343,8.7
TomasCzernin,2021-05-11,1,1,0,206,107,104,3,70.7
TomasZdechovsky,2021-05-11,18,16,2,2989,3266,2406,860,174.6
tomio_cz,2021-05-11,2,2,0,22,553,553,0,25.5
TOP09cz,2021-05-11,12,0,12,0,1933,75,1858,10.4
VeslavM,2021-05-11,2,2,0,17,262,253,9,6.1
vonpecka,2021-05-11,6,3,3,11,432,333,99,9.5
Zbynek_Stanjura,2021-05-11,1,0,1,0,16,12,4,14
ZdenekHrib,2021-05-11,2,2,0,480,516,459,57,107.9
zeleni_cz,2021-05-11,1,0,1,0,367,164,203,4
alenaschillerov,2021-05-10,6,6,0,123,708,619,89,25.8
AndrejBabis,2021-05-10,11,1,10,452,1440,310,1130,58.7
general_pavel,2021-05-10,1,1,0,564,109,109,0,78.7
Jan_Skopecek,2021-05-10,2,2,0,943,322,287,35,65.9
JanLipavsky,2021-05-10,3,0,3,0,1219,248,971,36.7
kalousekm,2021-05-10,3,3,0,2294,1535,1508,27,808.5
KarelHavlicek_,2021-05-10,6,5,1,300,388,247,141,11.9
kducsl,2021-05-10,11,0,11,0,2306,196,2110,7.1
makupka,2021-05-10,1,1,0,231,109,91,18,71
market_a,2021-05-10,5,5,0,3667,564,470,94,454.5
milionchvilek,2021-05-10,3,0,3,0,182,112,70,19.4
MJureka,2021-05-10,3,3,0,272,854,733,121,151
ODScz,2021-05-10,8,0,8,0,2054,574,1480,79.4
olgarichterova,2021-05-10,2,2,0,218,381,375,6,26.8
P_Fiala,2021-05-10,1,1,0,396,447,298,149,135.8
PiratskaStrana,2021-05-10,3,1,2,157,857,352,505,36.4
Pospisil_Jiri,2021-05-10,3,3,0,323,288,247,41,59.6
SpoluKoalice,2021-05-10,18,0,18,0,1636,153,1483,29.6
STANcz,2021-05-10,4,1,3,52,478,135,343,8.7
TomasCzernin,2021-05-10,1,1,0,611,106,103,3,70.5
TomasZdechovsky,2021-05-10,12,10,2,1109,3248,2390,858,171.6
tomio_cz,2021-05-10,5,5,0,173,551,551,0,25.5
TOP09cz,2021-05-10,10,1,9,115,1921,75,1846,10.4
VeslavM,2021-05-10,1,1,0,10,260,251,9,6.1
vonpecka,2021-05-10,5,5,0,16,426,330,96,9.5
ZdenekHrib,2021-05-10,5,4,1,261,514,457,57,107.5
alenaschillerov,2021-05-09,1,0,1,0,702,613,89,25.7
AndrejBabis,2021-05-09,4,3,1,496,1429,309,1120,58.3
honzabartosek,2021-05-09,1,1,0,118,254,254,0,30.5
Jan_Skopecek,2021-05-09,11,1,10,533,320,285,35,64.9
jana_cernochova,2021-05-09,2,2,0,2741,409,394,15,35.7
JanLipavsky,2021-05-09,18,3,15,327,1216,248,968,36.7
jhamacek,2021-05-09,2,0,2,0,352,269,83,42.2
kalousekm,2021-05-09,1,1,0,988,1532,1505,27,806.2
KarelHavlicek_,2021-05-09,1,0,1,0,382,242,140,11.6
kducsl,2021-05-09,8,0,8,0,2295,196,2099,7.1
Kuba_Martin,2021-05-09,8,8,0,51,803,803,0,103.7
market_a,2021-05-09,6,5,1,3333,559,465,94,450.8
MartinBaxa2,2021-05-09,1,1,0,385,93,93,0,34
milionchvilek,2021-05-09,4,4,0,123,179,112,67,19.4
MJureka,2021-05-09,2,2,0,639,851,730,121,150.8
ODScz,2021-05-09,12,4,8,678,2046,574,1472,79.4
olgarichterova,2021-05-09,5,4,1,286,379,373,6,26.6
PavelSehnal64,2021-05-09,1,1,0,0,36,36,0,0.3
Pospisil_Jiri,2021-05-09,2,2,0,737,285,244,41,59.2
RobertSlachta,2021-05-09,3,1,2,19,111,84,27,2.8
SpoluKoalice,2021-05-09,17,1,16,1492,1618,153,1465,29.6
STANcz,2021-05-09,1,1,0,197,474,134,340,8.6
TomasCzernin,2021-05-09,1,1,0,237,105,102,3,69.9
TomasZdechovsky,2021-05-09,15,11,4,1176,3236,2380,856,170.5
tomio_cz,2021-05-09,5,5,0,247,546,546,0,25.3
TOP09cz,2021-05-09,16,1,15,270,1911,74,1837,10.2
VeslavM,2021-05-09,9,9,0,154,259,250,9,6
Vit_Rakusan,2021-05-09,1,0,1,0,126,110,16,66.7
vojtafilip,2021-05-09,1,1,0,152,48,48,0,3.7
vonpecka,2021-05-09,5,3,2,4,421,325,96,9.5
ZdenekHrib,2021-05-09,1,1,0,456,509,453,56,107.2
zeleni_cz,2021-05-09,1,0,1,0,366,164,202,4
alenaschillerov,2021-05-08,1,1,0,63,701,613,88,25.7
AndrejBabis,2021-05-08,5,2,3,613,1425,306,1119,57.8
general_pavel,2021-05-08,1,1,0,578,108,108,0,78.1
honzabartosek,2021-05-08,2,2,0,93,253,253,0,30.4
Jan_Skopecek,2021-05-08,3,2,1,736,309,284,25,64.4
jana_cernochova,2021-05-08,20,20,0,1113,407,392,15,33
JanLipavsky,2021-05-08,11,7,4,118,1198,245,953,36.4
jhamacek,2021-05-08,2,1,1,301,350,269,81,42.2
kalousekm,2021-05-08,6,6,0,1513,1531,1504,27,805.2
KarelHavlicek_,2021-05-08,1,0,1,0,381,242,139,11.6
kducsl,2021-05-08,15,0,15,0,2287,196,2091,7.1
Kuba_Martin,2021-05-08,21,21,0,247,795,795,0,103.7
market_a,2021-05-08,4,2,2,638,553,460,93,447.5
metnarl,2021-05-08,1,1,0,69,48,36,12,3.4
MJureka,2021-05-08,4,4,0,567,849,728,121,150.1
ODScz,2021-05-08,6,0,6,0,2034,570,1464,78.7
olgarichterova,2021-05-08,3,3,0,98,374,369,5,26.3
P_Fiala,2021-05-08,2,1,1,348,446,297,149,135.4
Pospisil_Jiri,2021-05-08,1,1,0,170,283,242,41,58.5
SpoluKoalice,2021-05-08,21,0,21,0,1601,152,1449,28.2
STANcz,2021-05-08,7,1,6,57,473,133,340,8.4
TomasCzernin,2021-05-08,1,1,0,241,104,101,3,69.7
TomasZdechovsky,2021-05-08,15,14,1,699,3221,2369,852,169.4
tomio_cz,2021-05-08,7,7,0,314,541,541,0,25.1
TOP09cz,2021-05-08,12,0,12,0,1895,73,1822,10
VeslavM,2021-05-08,16,16,0,1390,250,241,9,5.9
Vit_Rakusan,2021-05-08,2,2,0,196,125,110,15,66.7
vonpecka,2021-05-08,10,10,0,59,416,322,94,9.5
alenaschillerov,2021-05-07,4,4,0,179,700,612,88,25.6
AndrejBabis,2021-05-07,14,5,9,849,1420,304,1116,57.2
honzabartosek,2021-05-07,1,1,0,40,251,251,0,30.3
Jan_Skopecek,2021-05-07,3,3,0,665,306,282,24,63.6
jana_cernochova,2021-05-07,5,5,0,140,387,372,15,31.9
JanLipavsky,2021-05-07,8,1,7,2803,1187,238,949,36.2
jhamacek,2021-05-07,3,0,3,0,348,268,80,41.9
kalousekm,2021-05-07,1,1,0,15,1525,1498,27,803.7
KarelHavlicek_,2021-05-07,1,1,0,27,380,242,138,11.6
kducsl,2021-05-07,11,0,11,0,2272,196,2076,7.1
makupka,2021-05-07,1,1,0,2577,108,90,18,70.8
market_a,2021-05-07,3,2,1,3162,549,458,91,446.9
metnarl,2021-05-07,1,0,1,0,47,35,12,3.3
milionchvilek,2021-05-07,1,1,0,274,175,108,67,19.3
MJureka,2021-05-07,7,7,0,1890,845,724,121,149.6
ODScz,2021-05-07,6,1,5,11,2028,570,1458,78.7
P_Fiala,2021-05-07,1,1,0,552,444,296,148,135
PiratskaStrana,2021-05-07,3,0,3,0,854,351,503,36.2
RobertSlachta,2021-05-07,1,1,0,40,108,83,25,2.8
SpoluKoalice,2021-05-07,26,0,26,0,1580,152,1428,28.2
STANcz,2021-05-07,4,2,2,239,466,132,334,8.4
TomasZdechovsky,2021-05-07,11,8,3,1197,3206,2355,851,168.7
tomio_cz,2021-05-07,7,7,0,183,534,534,0,24.8
TOP09cz,2021-05-07,10,0,10,0,1883,73,1810,10
vonpecka,2021-05-07,2,2,0,15,406,312,94,9.4
ZdenekHrib,2021-05-07,6,5,1,302,508,452,56,106.7
zeleni_cz,2021-05-07,3,3,0,159,365,164,201,4
alenaschillerov,2021-05-06,7,7,0,202,696,608,88,25.4
AndrejBabis,2021-05-06,10,0,10,0,1406,299,1107,56.3
honzabartosek,2021-05-06,1,1,0,277,250,250,0,30.2
Jan_Skopecek,2021-05-06,2,2,0,1300,303,279,24,63
jana_cernochova,2021-05-06,9,9,0,338,382,367,15,31.7
JanLipavsky,2021-05-06,6,0,6,0,1179,237,942,33.4
jhamacek,2021-05-06,3,1,2,554,345,268,77,41.9
kalousekm,2021-05-06,13,13,0,7208,1524,1497,27,803.7
KarelHavlicek_,2021-05-06,2,2,0,70,379,241,138,11.5
kducsl,2021-05-06,11,0,11,0,2261,196,2065,7.1
market_a,2021-05-06,3,3,0,4311,546,456,90,443.7
MartinBaxa2,2021-05-06,1,1,0,474,92,92,0,33.6
metnarl,2021-05-06,1,1,0,39,46,35,11,3.3
milionchvilek,2021-05-06,4,1,3,152,174,107,67,19
MJureka,2021-05-06,9,9,0,1632,838,717,121,147.7
ODScz,2021-05-06,16,2,14,70,2022,569,1453,78.7
olgarichterova,2021-05-06,3,3,0,353,371,366,5,26.2
PiratIvanBartos,2021-05-06,1,1,0,723,335,314,21,157.3
PiratskaStrana,2021-05-06,6,1,5,142,851,351,500,36.2
Pospisil_Jiri,2021-05-06,3,2,1,877,282,241,41,58.3
SpoluKoalice,2021-05-06,17,0,17,0,1554,152,1402,28.2
STANcz,2021-05-06,5,2,3,64,462,130,332,8.1
TomasZdechovsky,2021-05-06,26,17,9,1947,3195,2347,848,167.5
tomio_cz,2021-05-06,6,6,0,317,527,527,0,24.6
TOP09cz,2021-05-06,15,0,15,0,1873,73,1800,10
VeslavM,2021-05-06,3,3,0,11,234,225,9,4.5
Vit_Rakusan,2021-05-06,1,1,0,693,123,108,15,66.5
volimtrikoloru,2021-05-06,4,3,1,40,95,89,6,3.6
vonpecka,2021-05-06,1,1,0,5,404,310,94,9.4
ZdenekHrib,2021-05-06,1,0,1,0,502,447,55,106.4
zeleni_cz,2021-05-06,1,1,0,47,362,161,201,3.9
alenaschillerov,2021-05-05,12,12,0,228,689,601,88,25.2
AndrejBabis,2021-05-05,7,1,6,108,1396,299,1097,56.3
honzabartosek,2021-05-05,2,2,0,60,249,249,0,30
Jan_Skopecek,2021-05-05,4,3,1,452,301,277,24,61.7
jana_cernochova,2021-05-05,6,6,0,236,373,358,15,31.4
JanLipavsky,2021-05-05,5,1,4,0,1173,237,936,33.4
jhamacek,2021-05-05,2,2,0,598,342,267,75,41.4
kalousekm,2021-05-05,7,7,0,6659,1511,1484,27,796.5
KarelHavlicek_,2021-05-05,4,3,1,92,377,239,138,11.5
kducsl,2021-05-05,20,2,18,38,2250,196,2054,7.1
market_a,2021-05-05,7,7,0,2781,543,453,90,439.4
MartinBaxa2,2021-05-05,1,1,0,1068,91,91,0,33.2
milionchvilek,2021-05-05,1,1,0,185,170,106,64,18.9
MJureka,2021-05-05,14,12,2,1619,829,708,121,146
ODScz,2021-05-05,26,3,23,1722,2006,567,1439,78.6
P_Fiala,2021-05-05,11,9,2,1158,443,295,148,134.5
PiratIvanBartos,2021-05-05,2,2,0,6,334,313,21,156.6
PiratskaStrana,2021-05-05,3,0,3,0,845,350,495,36.1
Pospisil_Jiri,2021-05-05,2,2,0,968,279,239,40,57.5
RobertSlachta,2021-05-05,1,0,1,0,107,82,25,2.8
SpoluKoalice,2021-05-05,20,3,17,410,1537,152,1385,28.2
STANcz,2021-05-05,2,0,2,0,457,128,329,8.1
TomasZdechovsky,2021-05-05,12,9,3,1329,3169,2330,839,165.5
tomio_cz,2021-05-05,2,2,0,200,521,521,0,24.3
TOP09cz,2021-05-05,10,0,10,0,1858,73,1785,10
VeslavM,2021-05-05,1,1,0,25,231,222,9,4.5
volimtrikoloru,2021-05-05,2,2,0,59,91,86,5,3.6
vonpecka,2021-05-05,7,6,1,42,403,309,94,9.4
ZdenekHrib,2021-05-05,4,4,0,457,501,447,54,106.4
zeleni_cz,2021-05-05,4,2,2,34,361,160,201,3.8
alenaschillerov,2021-05-04,16,16,0,85,677,589,88,25
AndrejBabis,2021-05-04,8,3,5,446,1389,298,1091,56.2
czKSCM,2021-05-04,1,0,1,0,65,18,47,0.2
honzabartosek,2021-05-04,1,1,0,173,247,247,0,29.9
Jan_Skopecek,2021-05-04,2,2,0,1420,297,274,23,61.2
jana_cernochova,2021-05-04,4,4,0,89,367,352,15,31.2
JanLipavsky,2021-05-04,17,7,10,612,1168,236,932,33.4
jhamacek,2021-05-04,4,4,0,481,340,265,75,40.8
kalousekm,2021-05-04,31,31,0,15214,1504,1477,27,789.8
KarelHavlicek_,2021-05-04,1,0,1,0,373,236,137,11.4
kducsl,2021-05-04,16,3,13,67,2230,194,2036,7.1
makupka,2021-05-04,1,1,0,1715,107,89,18,68.2
market_a,2021-05-04,4,4,0,5749,536,446,90,436.6
MartinBaxa2,2021-05-04,3,3,0,525,90,90,0,32.1
metnarl,2021-05-04,2,1,1,59,45,34,11,3.3
milionchvilek,2021-05-04,5,3,2,416,169,105,64,18.7
MJureka,2021-05-04,3,2,1,574,815,696,119,144.4
ODScz,2021-05-04,26,1,25,4,1980,564,1416,76.9
P_Fiala,2021-05-04,8,4,4,2573,432,286,146,133.3
PiratIvanBartos,2021-05-04,4,4,0,2506,332,311,21,156.6
PiratskaStrana,2021-05-04,6,2,4,173,842,350,492,36.1
Pospisil_Jiri,2021-05-04,3,2,1,620,277,237,40,56.5
SpoluKoalice,2021-05-04,33,1,32,125,1517,149,1368,27.7
STANcz,2021-05-04,6,3,3,138,455,128,327,8.1
TomasCzernin,2021-05-04,1,1,0,840,103,100,3,69.4
TomasZdechovsky,2021-05-04,26,18,8,2856,3157,2321,836,164.2
tomio_cz,2021-05-04,2,2,0,102,519,519,0,24.1
TOP09cz,2021-05-04,25,2,23,103,1848,73,1775,10
Vit_Rakusan,2021-05-04,2,1,1,730,122,107,15,65.8
vonpecka,2021-05-04,8,3,5,47,396,303,93,9.4
ZdenekHrib,2021-05-04,9,5,4,1085,497,443,54,106
alenaschillerov,2021-05-03,3,3,0,145,661,573,88,24.9
AndrejBabis,2021-05-03,12,1,11,78,1381,295,1086,55.8
Jan_Skopecek,2021-05-03,2,2,0,210,295,272,23,59.8
jana_cernochova,2021-05-03,8,8,0,180,363,348,15,31.1
JanLipavsky,2021-05-03,5,1,4,525,1151,229,922,32.8
jhamacek,2021-05-03,1,0,1,0,336,261,75,40.3
kalousekm,2021-05-03,7,7,0,5023,1473,1446,27,774.6
KarelHavlicek_,2021-05-03,6,5,1,297,372,236,136,11.4
kducsl,2021-05-03,11,0,11,0,2214,191,2023,7
makupka,2021-05-03,1,1,0,301,106,88,18,66.5
market_a,2021-05-03,3,3,0,5345,532,442,90,430.8
metnarl,2021-05-03,2,0,2,0,43,33,10,3.2
milionchvilek,2021-05-03,3,2,1,395,164,102,62,18.3
MJureka,2021-05-03,1,1,0,161,812,694,118,143.8
ODScz,2021-05-03,7,0,7,0,1954,563,1391,76.9
P_Fiala,2021-05-03,1,1,0,175,424,282,142,130.7
PiratIvanBartos,2021-05-03,3,2,1,754,328,307,21,154.1
PiratskaStrana,2021-05-03,5,3,2,252,836,348,488,35.9
Pospisil_Jiri,2021-05-03,2,2,0,346,274,235,39,55.9
RobertSlachta,2021-05-03,1,0,1,0,106,82,24,2.8
SpoluKoalice,2021-05-03,9,0,9,0,1484,148,1336,27.6
STANcz,2021-05-03,8,1,7,14,449,125,324,7.9
TomasZdechovsky,2021-05-03,20,15,5,1787,3131,2303,828,161.3
tomio_cz,2021-05-03,4,4,0,252,517,517,0,24
TOP09cz,2021-05-03,12,0,12,0,1823,71,1752,9.9
VeslavM,2021-05-03,2,2,0,50,230,221,9,4.5
Vit_Rakusan,2021-05-03,2,2,0,380,120,106,14,65.1
vojtafilip,2021-05-03,2,2,0,181,47,47,0,3.5
volimtrikoloru,2021-05-03,3,3,0,3,89,84,5,3.5
vonpecka,2021-05-03,1,1,0,1,388,300,88,9.3
ZdenekHrib,2021-05-03,2,0,2,0,488,438,50,104.9
zeleni_cz,2021-05-03,2,1,1,23,357,158,199,3.8
alenaschillerov,2021-05-02,2,2,0,90,658,570,88,24.8
AndrejBabis,2021-05-02,8,8,0,1532,1369,294,1075,55.7
Jan_Skopecek,2021-05-02,4,3,1,207,293,270,23,59.6
jana_cernochova,2021-05-02,4,4,0,1278,355,340,15,30.9
JanLipavsky,2021-05-02,1,0,1,0,1146,228,918,32.3
jhamacek,2021-05-02,2,2,0,238,335,261,74,40.3
kalousekm,2021-05-02,10,10,0,1153,1466,1439,27,769.6
KarelHavlicek_,2021-05-02,1,0,1,0,366,231,135,11.1
kducsl,2021-05-02,6,0,6,0,2203,191,2012,7
Kuba_Martin,2021-05-02,4,4,0,25,774,774,0,103.4
market_a,2021-05-02,1,1,0,425,529,439,90,425.5
MartinBaxa2,2021-05-02,1,1,0,599,87,87,0,31.6
ODScz,2021-05-02,9,6,3,849,1947,563,1384,76.9
RobertSlachta,2021-05-02,2,2,0,27,105,82,23,2.8
SpoluKoalice,2021-05-02,18,0,18,0,1475,148,1327,27.6
STANcz,2021-05-02,1,0,1,0,441,124,317,7.9
TomasZdechovsky,2021-05-02,29,27,2,1737,3111,2288,823,159.5
TOP09cz,2021-05-02,13,0,13,0,1811,71,1740,9.9
VeslavM,2021-05-02,1,1,0,1,228,219,9,4.4
alenaschillerov,2021-05-01,1,1,0,69,656,568,88,24.7
AndrejBabis,2021-05-01,3,2,1,429,1361,286,1075,54.1
czKSCM,2021-05-01,1,0,1,0,64,18,46,0.2
general_pavel,2021-05-01,1,1,0,538,107,107,0,77.5
Jan_Skopecek,2021-05-01,4,4,0,1778,289,267,22,59.4
jana_cernochova,2021-05-01,1,1,0,18,351,336,15,29.6
JanLipavsky,2021-05-01,1,0,1,0,1145,228,917,32.3
jhamacek,2021-05-01,4,2,2,559,333,259,74,40.1
kalousekm,2021-05-01,2,2,0,2548,1456,1429,27,768.4
KarelHavlicek_,2021-05-01,1,1,0,102,365,231,134,11.1
kducsl,2021-05-01,8,0,8,0,2197,191,2006,7
makupka,2021-05-01,2,1,1,80,105,87,18,66.2
market_a,2021-05-01,2,1,1,1146,528,438,90,425.1
MJureka,2021-05-01,4,4,0,726,811,693,118,143.7
ODScz,2021-05-01,7,0,7,0,1938,557,1381,76
P_Fiala,2021-05-01,2,1,1,1081,423,281,142,130.6
Pospisil_Jiri,2021-05-01,1,1,0,202,272,233,39,55.5
SpoluKoalice,2021-05-01,11,0,11,0,1457,148,1309,27.6
STANcz,2021-05-01,1,0,1,0,440,124,316,7.9
TomasZdechovsky,2021-05-01,8,6,2,1406,3082,2261,821,157.8
tomio_cz,2021-05-01,3,3,0,178,513,513,0,23.7
TOP09cz,2021-05-01,6,0,6,0,1798,71,1727,9.9
VeslavM,2021-05-01,2,2,0,12,227,218,9,4.4
vonpecka,2021-05-01,2,1,1,35,387,299,88,9.3
zeleni_cz,2021-05-01,3,3,0,101,355,157,198,3.8
alenaschillerov,2021-04-30,4,4,0,68,655,567,88,24.6
AndrejBabis,2021-04-30,13,7,6,857,1358,284,1074,53.7
czKSCM,2021-04-30,1,0,1,0,63,18,45,0.2
general_pavel,2021-04-30,1,1,0,443,106,106,0,77
honzabartosek,2021-04-30,2,2,0,250,246,246,0,29.7
Jan_Skopecek,2021-04-30,4,3,1,344,285,263,22,57.6
jana_cernochova,2021-04-30,13,13,0,489,350,335,15,29.6
JanLipavsky,2021-04-30,10,2,8,252,1144,228,916,32.3
jhamacek,2021-04-30,1,0,1,0,329,257,72,39.5
kalousekm,2021-04-30,9,9,0,2771,1454,1427,27,765.9
KarelHavlicek_,2021-04-30,1,1,0,42,364,230,134,11
kducsl,2021-04-30,15,0,15,0,2189,191,1998,7
Kuba_Martin,2021-04-30,1,1,0,70,770,770,0,103.4
makupka,2021-04-30,1,1,0,642,103,86,17,66.1
market_a,2021-04-30,5,4,1,7117,526,437,89,423.9
MartinBaxa2,2021-04-30,2,2,0,132,86,86,0,31
milionchvilek,2021-04-30,4,1,3,1,161,100,61,17.9
MJureka,2021-04-30,6,4,2,338,807,689,118,143
ODScz,2021-04-30,13,1,12,93,1931,557,1374,76
olgarichterova,2021-04-30,1,1,0,328,368,363,5,25.8
P_Fiala,2021-04-30,7,2,5,570,421,280,141,129.5
PiratIvanBartos,2021-04-30,1,0,1,0,325,305,20,153.3
PiratskaStrana,2021-04-30,8,2,6,193,831,345,486,35.6
Pospisil_Jiri,2021-04-30,2,2,0,421,271,232,39,55.3
SpoluKoalice,2021-04-30,11,4,7,439,1446,148,1298,27.6
STANcz,2021-04-30,5,0,5,0,439,124,315,7.9
TomasCzernin,2021-04-30,1,1,0,489,102,99,3,68.6
TomasZdechovsky,2021-04-30,20,17,3,910,3074,2255,819,156.4
tomio_cz,2021-04-30,2,2,0,47,510,510,0,23.5
TOP09cz,2021-04-30,17,1,16,23,1792,71,1721,9.9
VeslavM,2021-04-30,1,1,0,28,225,216,9,4.4
Vit_Rakusan,2021-04-30,1,1,0,1,118,104,14,64.7
vonpecka,2021-04-30,4,3,1,47,385,298,87,9.3
ZdenekHrib,2021-04-30,1,0,1,0,486,438,48,104.9
zeleni_cz,2021-04-30,1,1,0,38,352,154,198,3.7
alenaschillerov,2021-04-29,8,8,0,317,651,563,88,24.5
AndrejBabis,2021-04-29,10,1,9,139,1345,277,1068,52.9
czKSCM,2021-04-29,1,0,1,0,62,18,44,0.2
general_pavel,2021-04-29,2,2,0,285,105,105,0,76.5
honzabartosek,2021-04-29,1,1,0,17,244,244,0,29.5
Jan_Skopecek,2021-04-29,1,1,0,571,281,260,21,57.3
JanLipavsky,2021-04-29,12,0,12,0,1134,226,908,32.1
jhamacek,2021-04-29,3,0,3,0,328,257,71,39.5
kalousekm,2021-04-29,6,6,0,1259,1445,1418,27,763.1
KarelHavlicek_,2021-04-29,4,4,0,360,363,229,134,10.9
kducsl,2021-04-29,29,0,29,0,2174,191,1983,7
makupka,2021-04-29,1,1,0,295,102,85,17,65.5
market_a,2021-04-29,5,5,0,5688,521,433,88,416.8
MartinBaxa2,2021-04-29,1,1,0,102,84,84,0,30.9
milionchvilek,2021-04-29,19,15,4,1757,157,99,58,17.9
MJureka,2021-04-29,6,6,0,2439,801,685,116,142.6
ODScz,2021-04-29,21,4,17,297,1918,556,1362,75.9
olgarichterova,2021-04-29,1,1,0,53,367,362,5,25.5
PiratIvanBartos,2021-04-29,4,4,0,4995,324,305,19,153.3
PiratskaStrana,2021-04-29,6,3,3,1460,823,343,480,35.5
Pospisil_Jiri,2021-04-29,3,3,0,972,269,230,39,54.9
SpoluKoalice,2021-04-29,15,0,15,0,1435,144,1291,27.2
TomasCzernin,2021-04-29,1,1,0,26,101,98,3,68.1
TomasZdechovsky,2021-04-29,24,20,4,1144,3054,2238,816,155.5
tomio_cz,2021-04-29,3,3,0,259,508,508,0,23.5
TOP09cz,2021-04-29,16,1,15,90,1775,70,1705,9.9
Vit_Rakusan,2021-04-29,2,2,0,721,117,103,14,64.7
volimtrikoloru,2021-04-29,5,4,1,311,86,81,5,3.5
vonpecka,2021-04-29,6,6,0,154,381,295,86,9.2
ZdenekHrib,2021-04-29,3,3,0,1677,485,438,47,104.9
zeleni_cz,2021-04-29,2,0,2,0,351,153,198,3.6
alenaschillerov,2021-04-28,6,5,1,209,643,555,88,24.2
AndrejBabis,2021-04-28,11,4,7,508,1335,276,1059,52.7
Jan_Skopecek,2021-04-28,4,4,0,1679,280,259,21,56.7
jana_cernochova,2021-04-28,2,1,1,144,337,322,15,29.1
JanLipavsky,2021-04-28,13,0,13,0,1122,226,896,32.1
jhamacek,2021-04-28,1,0,1,0,325,257,68,39.5
kalousekm,2021-04-28,5,5,0,2796,1439,1412,27,761.8
KarelHavlicek_,2021-04-28,5,4,1,110,359,225,134,10.6
kducsl,2021-04-28,15,0,15,0,2145,191,1954,7
Kuba_Martin,2021-04-28,1,1,0,1,769,769,0,103.3
market_a,2021-04-28,9,9,0,2072,516,428,88,411.1
MartinBaxa2,2021-04-28,2,2,0,233,83,83,0,30.7
milionchvilek,2021-04-28,2,1,1,150,138,84,54,16.1
MJureka,2021-04-28,9,8,1,1547,795,679,116,140.2
ODScz,2021-04-28,27,0,27,0,1897,552,1345,75.6
olgarichterova,2021-04-28,1,0,1,0,366,361,5,25.4
P_Fiala,2021-04-28,6,4,2,2130,414,278,136,128.9
PavelSehnal64,2021-04-28,2,2,0,1,35,35,0,0.3
PiratIvanBartos,2021-04-28,3,3,0,1300,320,301,19,148.3
PiratskaStrana,2021-04-28,8,2,6,231,817,340,477,34
Pospisil_Jiri,2021-04-28,2,2,0,728,266,227,39,53.9
SpoluKoalice,2021-04-28,16,1,15,9,1420,144,1276,27.2
TomasCzernin,2021-04-28,1,1,0,319,100,97,3,68.1
TomasZdechovsky,2021-04-28,56,45,11,2935,3030,2218,812,154.3
tomio_cz,2021-04-28,2,2,0,116,505,505,0,23.2
TOP09cz,2021-04-28,17,1,16,322,1759,69,1690,9.8
VeslavM,2021-04-28,2,2,0,8,224,215,9,4.4
volimtrikoloru,2021-04-28,1,1,0,72,81,77,4,3.2
vonpecka,2021-04-28,8,6,2,215,375,289,86,9.1
zeleni_cz,2021-04-28,1,0,1,0,349,153,196,3.6
alenaschillerov,2021-04-27,5,4,1,44,637,550,87,24
AndrejBabis,2021-04-27,8,0,8,0,1324,272,1052,52.2
general_pavel,2021-04-27,1,1,0,655,103,103,0,76.2
honzabartosek,2021-04-27,2,2,0,276,243,243,0,29.5
Jan_Skopecek,2021-04-27,2,2,0,440,276,255,21,55
jana_cernochova,2021-04-27,12,12,0,1956,335,321,14,29
JanLipavsky,2021-04-27,8,0,8,0,1109,226,883,32.1
jhamacek,2021-04-27,1,0,1,0,324,257,67,39.5
kalousekm,2021-04-27,20,20,0,8103,1434,1407,27,759
KarelHavlicek_,2021-04-27,4,3,1,84,354,221,133,10.5
kducsl,2021-04-27,22,2,20,143,2130,191,1939,7
Kuba_Martin,2021-04-27,3,3,0,919,768,768,0,103.3
makupka,2021-04-27,1,1,0,1526,101,84,17,65.2
market_a,2021-04-27,10,8,2,5034,507,419,88,409.1
MartinBaxa2,2021-04-27,1,1,0,1169,81,81,0,30.5
milionchvilek,2021-04-27,3,0,3,0,136,83,53,16
MJureka,2021-04-27,13,12,1,2962,786,671,115,138.6
ODScz,2021-04-27,32,0,32,0,1870,552,1318,75.6
P_Fiala,2021-04-27,9,4,5,1807,408,274,134,126.8
PavelSehnal64,2021-04-27,2,2,0,2,33,33,0,0.3
PiratskaStrana,2021-04-27,2,0,2,0,809,338,471,33.8
Pospisil_Jiri,2021-04-27,2,2,0,668,264,225,39,53.2
RobertSlachta,2021-04-27,2,1,1,20,103,80,23,2.8
SpoluKoalice,2021-04-27,41,6,35,1095,1404,143,1261,27.2
STANcz,2021-04-27,3,0,3,0,434,124,310,7.9
TomasZdechovsky,2021-04-27,64,50,14,2622,2974,2173,801,151.4
tomio_cz,2021-04-27,2,2,0,29,503,503,0,23.1
TOP09cz,2021-04-27,35,1,34,196,1742,68,1674,9.4
VeslavM,2021-04-27,7,6,1,553,222,213,9,4.4
vonpecka,2021-04-27,4,3,1,31,367,283,84,8.9
Zbynek_Stanjura,2021-04-27,2,1,1,711,15,12,3,14
ZdenekHrib,2021-04-27,2,2,0,439,482,435,47,103.2
zeleni_cz,2021-04-27,1,1,0,37,348,153,195,3.6
alenaschillerov,2021-04-26,11,11,0,354,632,546,86,24
AndrejBabis,2021-04-26,20,3,17,852,1316,272,1044,52.2
czKSCM,2021-04-26,1,0,1,0,61,18,43,0.2
honzabartosek,2021-04-26,2,2,0,89,241,241,0,29.2
Jan_Skopecek,2021-04-26,1,1,0,724,274,253,21,54.6
jana_cernochova,2021-04-26,3,3,0,49,323,309,14,27
JanLipavsky,2021-04-26,11,0,11,0,1101,226,875,32.1
kalousekm,2021-04-26,10,10,0,6421,1414,1387,27,750.9
KarelHavlicek_,2021-04-26,8,5,3,228,350,218,132,10.4
kducsl,2021-04-26,16,0,16,0,2108,189,1919,6.9
makupka,2021-04-26,1,1,0,1069,100,83,17,63.7
market_a,2021-04-26,5,5,0,7872,497,411,86,404
milionchvilek,2021-04-26,1,1,0,246,133,83,50,16
MJureka,2021-04-26,8,8,0,334,773,659,114,135.7
ODScz,2021-04-26,12,4,8,39,1838,552,1286,75.6
olgarichterova,2021-04-26,1,1,0,160,365,361,4,25.4
P_Fiala,2021-04-26,1,1,0,680,399,270,129,125
PiratIvanBartos,2021-04-26,6,6,0,1179,317,298,19,147
PiratskaStrana,2021-04-26,6,3,3,257,807,338,469,33.8
Pospisil_Jiri,2021-04-26,2,2,0,674,262,223,39,52.5
SpoluKoalice,2021-04-26,12,0,12,0,1363,137,1226,26.1
STANcz,2021-04-26,4,0,4,0,431,124,307,7.9
TomasCzernin,2021-04-26,3,3,0,1665,99,96,3,67.7
TomasZdechovsky,2021-04-26,28,17,11,1161,2910,2123,787,148.8
tomio_cz,2021-04-26,4,4,0,330,501,501,0,23.1
TOP09cz,2021-04-26,27,1,26,103,1707,67,1640,9.2
VeslavM,2021-04-26,8,8,0,31,215,207,8,3.8
Vit_Rakusan,2021-04-26,1,1,0,505,115,101,14,64
vojtafilip,2021-04-26,1,1,0,208,45,45,0,3.4
volimtrikoloru,2021-04-26,3,3,0,139,80,76,4,3.1
vonpecka,2021-04-26,3,2,1,61,363,280,83,8.8
ZdenekHrib,2021-04-26,3,1,2,2709,480,433,47,102.8
zeleni_cz,2021-04-26,1,1,0,26,347,152,195,3.6
alenaschillerov,2021-04-25,3,2,1,58,621,535,86,23.6
AndrejBabis,2021-04-25,4,4,0,571,1296,269,1027,51.4
czKSCM,2021-04-25,1,0,1,0,60,18,42,0.2
general_pavel,2021-04-25,4,4,0,4610,102,102,0,75.6
honzabartosek,2021-04-25,4,4,0,2553,239,239,0,29.1
Jan_Skopecek,2021-04-25,1,1,0,1219,273,252,21,53.8
jana_cernochova,2021-04-25,12,12,0,5352,320,306,14,27
JanLipavsky,2021-04-25,22,0,22,0,1090,226,864,32.1
jhamacek,2021-04-25,4,4,0,404,323,257,66,39.5
kalousekm,2021-04-25,14,14,0,16112,1404,1377,27,744.5
KarelHavlicek_,2021-04-25,1,0,1,0,342,213,129,10.2
kducsl,2021-04-25,26,0,26,0,2092,189,1903,6.9
Kuba_Martin,2021-04-25,1,1,0,1634,765,765,0,102.4
makupka,2021-04-25,1,1,0,648,99,82,17,62.6
market_a,2021-04-25,4,4,0,10223,492,406,86,396.1
milionchvilek,2021-04-25,8,6,2,1253,132,82,50,15.7
MJureka,2021-04-25,16,13,3,5043,765,651,114,135.3
ODScz,2021-04-25,22,5,17,1547,1826,548,1278,75.6
olgarichterova,2021-04-25,1,1,0,166,364,360,4,25.3
P_Fiala,2021-04-25,3,3,0,2451,398,269,129,124.3
PiratIvanBartos,2021-04-25,1,1,0,2273,311,292,19,145.8
PiratskaStrana,2021-04-25,3,1,2,3,801,335,466,33.5
Pospisil_Jiri,2021-04-25,5,5,0,1398,260,221,39,51.9
RobertSlachta,2021-04-25,3,3,0,47,101,79,22,2.7
SpoluKoalice,2021-04-25,20,1,19,628,1351,137,1214,26.1
STANcz,2021-04-25,8,0,8,0,427,124,303,7.9
TomasCzernin,2021-04-25,3,3,0,4586,96,93,3,66.1
TomasZdechovsky,2021-04-25,28,23,5,2762,2882,2106,776,147.6
tomio_cz,2021-04-25,1,1,0,22,497,497,0,22.8
TOP09cz,2021-04-25,31,0,31,0,1680,66,1614,9.1
VeslavM,2021-04-25,6,6,0,33,207,199,8,3.8
Vit_Rakusan,2021-04-25,7,5,2,3336,114,100,14,63.5
vonpecka,2021-04-25,5,2,3,91,360,278,82,8.8
Zbynek_Stanjura,2021-04-25,1,1,0,318,13,11,2,13.3
alenaschillerov,2021-04-24,3,2,1,284,618,533,85,23.5
AndrejBabis,2021-04-24,4,2,2,453,1292,265,1027,50.8
general_pavel,2021-04-24,1,1,0,301,98,98,0,71
Jan_Skopecek,2021-04-24,2,2,0,2099,272,251,21,52.6
jana_cernochova,2021-04-24,1,1,0,10,308,294,14,21.6
JanLipavsky,2021-04-24,7,1,6,12,1068,226,842,32.1
jhamacek,2021-04-24,3,1,2,292,319,253,66,39.1
kalousekm,2021-04-24,2,2,0,3841,1390,1363,27,728.4
KarelHavlicek_,2021-04-24,1,0,1,0,341,213,128,10.2
kducsl,2021-04-24,3,0,3,0,2066,189,1877,6.9
makupka,2021-04-24,1,1,0,479,98,81,17,61.9
market_a,2021-04-24,3,3,0,6516,488,402,86,385.9
MJureka,2021-04-24,6,6,0,430,749,638,111,130.3
ODScz,2021-04-24,10,1,9,23,1804,543,1261,74.1
P_Fiala,2021-04-24,2,2,0,2996,395,266,129,121.8
PavelSehnal64,2021-04-24,1,1,0,1,31,31,0,0.3
PiratskaStrana,2021-04-24,1,1,0,120,798,334,464,33.5
SpoluKoalice,2021-04-24,13,0,13,0,1331,136,1195,25.4
STANcz,2021-04-24,6,1,5,21,419,124,295,7.9
TomasZdechovsky,2021-04-24,21,19,2,2384,2854,2083,771,144.9
tomio_cz,2021-04-24,5,5,0,297,496,496,0,22.7
TOP09cz,2021-04-24,2,0,2,0,1649,66,1583,9.1
VeslavM,2021-04-24,3,3,0,3,201,193,8,3.8
Vit_Rakusan,2021-04-24,2,2,0,758,107,95,12,60.1
volimtrikoloru,2021-04-24,2,1,1,45,77,73,4,3
vonpecka,2021-04-24,1,0,1,0,355,276,79,8.7
ZdenekHrib,2021-04-24,2,1,1,341,477,432,45,100.1
alenaschillerov,2021-04-23,5,5,0,84,615,531,84,23.3
AndrejBabis,2021-04-23,11,6,5,1110,1288,263,1025,50.3
general_pavel,2021-04-23,1,1,0,215,97,97,0,70.7
honzabartosek,2021-04-23,6,6,0,519,235,235,0,26.5
Jan_Skopecek,2021-04-23,4,4,0,1098,270,249,21,50.5
jana_cernochova,2021-04-23,12,12,0,1311,307,293,14,21.6
JanLipavsky,2021-04-23,15,3,12,19,1061,225,836,32
jhamacek,2021-04-23,3,0,3,0,316,252,64,38.8
kalousekm,2021-04-23,6,6,0,7910,1388,1361,27,724.6
KarelHavlicek_,2021-04-23,6,4,2,105,340,213,127,10.2
kducsl,2021-04-23,25,6,19,80,2063,189,1874,6.9
Kuba_Martin,2021-04-23,1,1,0,7,764,764,0,100.8
market_a,2021-04-23,5,4,1,2493,485,399,86,379.4
MartinBaxa2,2021-04-23,1,1,0,292,80,80,0,29.3
milionchvilek,2021-04-23,6,5,1,1467,124,76,48,14.5
MJureka,2021-04-23,11,11,0,3603,743,632,111,129.9
ODScz,2021-04-23,28,3,25,2818,1794,542,1252,74
P_Fiala,2021-04-23,5,4,1,3533,393,264,129,118.8
PavelSehnal64,2021-04-23,1,1,0,0,30,30,0,0.3
PiratIvanBartos,2021-04-23,9,9,0,7119,310,291,19,143.6
PiratskaStrana,2021-04-23,16,12,4,1236,797,333,464,33.4
Pospisil_Jiri,2021-04-23,3,3,0,581,255,216,39,50.5
RobertSlachta,2021-04-23,3,3,0,98,98,76,22,2.7
SpoluKoalice,2021-04-23,16,1,15,874,1318,136,1182,25.4
STANcz,2021-04-23,7,4,3,415,413,123,290,7.9
TomasCzernin,2021-04-23,2,2,0,634,93,90,3,61.5
TomasZdechovsky,2021-04-23,20,15,5,2008,2833,2064,769,142.5
tomio_cz,2021-04-23,4,4,0,188,491,491,0,22.4
TOP09cz,2021-04-23,18,0,18,0,1647,66,1581,9.1
Vit_Rakusan,2021-04-23,3,3,0,453,105,93,12,59.4
volimtrikoloru,2021-04-23,2,2,0,85,75,72,3,3
vonpecka,2021-04-23,14,14,0,49,354,276,78,8.7
ZdenekHrib,2021-04-23,7,6,1,2277,475,431,44,99.7
zeleni_cz,2021-04-23,1,1,0,19,346,151,195,3.6
alenaschillerov,2021-04-22,11,9,2,326,610,526,84,23.2
AndrejBabis,2021-04-22,14,5,9,1807,1277,257,1020,49.2
general_pavel,2021-04-22,4,4,0,3857,96,96,0,70.5
honzabartosek,2021-04-22,2,2,0,198,229,229,0,26
Jan_Skopecek,2021-04-22,2,2,0,206,266,245,21,49.4
jana_cernochova,2021-04-22,3,3,0,401,295,281,14,20.3
JanLipavsky,2021-04-22,17,3,14,533,1046,222,824,32
jhamacek,2021-04-22,4,3,1,288,313,252,61,38.8
kalousekm,2021-04-22,9,9,0,3713,1382,1355,27,716.7
KarelHavlicek_,2021-04-22,3,2,1,175,334,209,125,10.1
kducsl,2021-04-22,15,3,12,101,2038,183,1855,6.8
makupka,2021-04-22,1,1,0,2317,97,80,17,61.5
market_a,2021-04-22,6,3,3,2302,480,395,85,376.9
MartinBaxa2,2021-04-22,1,1,0,67,79,79,0,29.1
metnarl,2021-04-22,2,2,0,74,41,33,8,3.2
milionchvilek,2021-04-22,2,1,1,20,118,71,47,13
MJureka,2021-04-22,8,7,1,2557,732,621,111,126.3
ODScz,2021-04-22,24,2,22,1438,1766,539,1227,71.2
olgarichterova,2021-04-22,3,3,0,15,363,359,4,25.1
P_Fiala,2021-04-22,8,6,2,4105,388,260,128,115.3
PavelSehnal64,2021-04-22,1,1,0,0,29,29,0,0.3
PiratIvanBartos,2021-04-22,6,6,0,4581,301,282,19,136.4
PiratskaStrana,2021-04-22,13,6,7,232,781,321,460,32.1
Pospisil_Jiri,2021-04-22,4,4,0,1260,252,213,39,49.9
RobertSlachta,2021-04-22,4,3,1,59,95,73,22,2.6
SpoluKoalice,2021-04-22,22,0,22,0,1302,135,1167,24.6
STANcz,2021-04-22,3,0,3,0,406,119,287,7.5
TomasZdechovsky,2021-04-22,13,11,2,4417,2813,2049,764,140.5
tomio_cz,2021-04-22,7,7,0,307,487,487,0,22.3
TOP09cz,2021-04-22,30,1,29,74,1629,66,1563,9.1
VeslavM,2021-04-22,1,1,0,20,198,190,8,3.8
volimtrikoloru,2021-04-22,3,3,0,139,73,70,3,2.9
vonpecka,2021-04-22,2,1,1,17,340,262,78,8.6
Zbynek_Stanjura,2021-04-22,2,0,2,0,12,10,2,13
ZdenekHrib,2021-04-22,13,12,1,1042,468,425,43,97.5
zeleni_cz,2021-04-22,1,1,0,43,345,150,195,3.6
alenaschillerov,2021-04-21,8,8,0,145,599,517,82,22.8
AndrejBabis,2021-04-21,14,1,13,95,1263,252,1011,47.4
czKSCM,2021-04-21,2,1,1,4,59,18,41,0.2
general_pavel,2021-04-21,2,2,0,418,92,92,0,66.6
honzabartosek,2021-04-21,5,5,0,547,227,227,0,25.8
Jan_Skopecek,2021-04-21,3,3,0,684,264,243,21,49.2
jana_cernochova,2021-04-21,8,8,0,187,292,278,14,19.9
JanLipavsky,2021-04-21,20,8,12,898,1029,219,810,31.5
jhamacek,2021-04-21,7,2,5,411,309,249,60,38.5
kalousekm,2021-04-21,12,12,0,6433,1373,1346,27,712.9
KarelHavlicek_,2021-04-21,2,2,0,50,331,207,124,9.9
kducsl,2021-04-21,20,4,16,106,2023,180,1843,6.7
makupka,2021-04-21,1,1,0,113,96,79,17,59.1
market_a,2021-04-21,3,3,0,3766,474,392,82,374.6
MartinBaxa2,2021-04-21,1,1,0,493,78,78,0,29
milionchvilek,2021-04-21,2,1,1,108,116,70,46,13
MJureka,2021-04-21,6,5,1,678,724,614,110,123.7
ODScz,2021-04-21,21,0,21,0,1742,537,1205,69.8
olgarichterova,2021-04-21,7,7,0,144,360,356,4,25.1
P_Fiala,2021-04-21,8,2,6,1116,380,254,126,111.2
PiratIvanBartos,2021-04-21,2,2,0,997,295,276,19,131.9
PiratskaStrana,2021-04-21,11,2,9,332,768,315,453,31.9
Pospisil_Jiri,2021-04-21,2,1,1,178,248,209,39,48.6
SpoluKoalice,2021-04-21,12,0,12,0,1280,135,1145,24.6
STANcz,2021-04-21,5,0,5,0,403,119,284,7.5
TomasCzernin,2021-04-21,2,2,0,614,91,88,3,60.9
TomasZdechovsky,2021-04-21,13,7,6,970,2800,2038,762,136.1
tomio_cz,2021-04-21,4,4,0,180,480,480,0,21.9
TOP09cz,2021-04-21,25,2,23,292,1599,65,1534,9.1
VeslavM,2021-04-21,6,6,0,26,197,189,8,3.7
Vit_Rakusan,2021-04-21,3,3,0,577,102,90,12,58.9
volimtrikoloru,2021-04-21,2,2,0,76,70,67,3,2.7
vonpecka,2021-04-21,2,1,1,116,338,261,77,8.6
ZdenekHrib,2021-04-21,4,4,0,3859,455,413,42,96.4
zeleni_cz,2021-04-21,1,0,1,0,344,149,195,3.5
alenaschillerov,2021-04-20,6,6,0,112,591,509,82,22.7
AndrejBabis,2021-04-20,10,2,8,183,1249,251,998,47.3
general_pavel,2021-04-20,1,1,0,815,90,90,0,66.2
honzabartosek,2021-04-20,3,3,0,458,222,222,0,25.3
Jan_Skopecek,2021-04-20,2,2,0,451,261,240,21,48.5
jana_cernochova,2021-04-20,1,1,0,130,284,270,14,19.7
JanLipavsky,2021-04-20,23,5,18,278,1009,211,798,30.6
kalousekm,2021-04-20,44,44,0,14767,1361,1334,27,706.5
KarelHavlicek_,2021-04-20,3,2,1,83,329,205,124,9.8
kducsl,2021-04-20,9,4,5,129,2003,176,1827,6.6
Kuba_Martin,2021-04-20,1,1,0,2,763,763,0,100.8
makupka,2021-04-20,2,2,0,151,95,78,17,59
market_a,2021-04-20,6,5,1,6400,471,389,82,370.8
MartinBaxa2,2021-04-20,1,1,0,250,77,77,0,28.5
milionchvilek,2021-04-20,4,0,4,0,114,69,45,12.9
MJureka,2021-04-20,1,1,0,43,718,609,109,123
ODScz,2021-04-20,55,27,28,2058,1721,537,1184,69.8
olgarichterova,2021-04-20,4,4,0,718,353,349,4,25
P_Fiala,2021-04-20,9,0,9,0,372,252,120,110.1
PavelSehnal64,2021-04-20,1,1,0,1,28,28,0,0.3
PiratIvanBartos,2021-04-20,5,5,0,4019,293,274,19,130.9
PiratskaStrana,2021-04-20,10,2,8,466,757,313,444,31.6
Pospisil_Jiri,2021-04-20,4,4,0,1257,246,208,38,48.4
RobertSlachta,2021-04-20,1,1,0,14,91,70,21,2.5
SpoluKoalice,2021-04-20,26,2,24,503,1268,135,1133,24.6
STANcz,2021-04-20,4,0,4,0,398,119,279,7.5
TomasCzernin,2021-04-20,1,1,0,1489,89,86,3,60.2
TomasZdechovsky,2021-04-20,20,13,7,1358,2787,2031,756,135.1
tomio_cz,2021-04-20,4,4,0,242,476,476,0,21.8
TOP09cz,2021-04-20,37,3,34,374,1574,63,1511,8.8
VeslavM,2021-04-20,2,2,0,44,191,183,8,3.7
Vit_Rakusan,2021-04-20,3,3,0,929,99,87,12,58.4
volimtrikoloru,2021-04-20,3,3,0,69,68,65,3,2.7
vonpecka,2021-04-20,7,5,2,37,336,260,76,8.5
ZdenekHrib,2021-04-20,7,5,2,367,451,409,42,92.6
zeleni_cz,2021-04-20,1,1,0,78,343,149,194,3.5
alenaschillerov,2021-04-19,11,10,1,261,585,503,82,22.6
AndrejBabis,2021-04-19,12,1,11,195,1239,249,990,47.1
general_pavel,2021-04-19,2,2,0,4525,89,89,0,65.4
honzabartosek,2021-04-19,3,3,0,760,219,219,0,24.8
Jan_Skopecek,2021-04-19,2,2,0,350,259,238,21,48.1
JanLipavsky,2021-04-19,32,6,26,1277,986,206,780,30.3
jhamacek,2021-04-19,11,10,1,531,302,247,55,38.1
kalousekm,2021-04-19,20,20,0,20872,1317,1290,27,691.7
KarelHavlicek_,2021-04-19,4,3,1,102,326,203,123,9.7
kducsl,2021-04-19,20,4,16,432,1994,172,1822,6.5
Kuba_Martin,2021-04-19,2,2,0,1517,762,762,0,100.8
makupka,2021-04-19,1,1,0,2360,93,76,17,58.9
market_a,2021-04-19,4,3,1,8722,465,384,81,364.4
MartinBaxa2,2021-04-19,1,1,0,554,76,76,0,28.2
metnarl,2021-04-19,2,2,0,486,39,31,8,3.2
milionchvilek,2021-04-19,1,0,1,0,110,69,41,12.9
MJureka,2021-04-19,8,7,1,4060,717,608,109,123
ODScz,2021-04-19,34,6,28,3468,1666,510,1156,67.7
P_Fiala,2021-04-19,10,7,3,3374,363,252,111,110.1
PiratIvanBartos,2021-04-19,6,5,1,2239,288,269,19,126.8
PiratskaStrana,2021-04-19,6,1,5,1059,747,311,436,31.1
Pospisil_Jiri,2021-04-19,6,5,1,2211,242,204,38,47.2
SpoluKoalice,2021-04-19,26,2,24,361,1242,133,1109,24.1
STANcz,2021-04-19,10,6,4,1658,394,119,275,7.5
TomasCzernin,2021-04-19,4,4,0,3442,88,85,3,58.8
TomasZdechovsky,2021-04-19,22,16,6,2483,2767,2018,749,133.7
tomio_cz,2021-04-19,4,4,0,239,472,472,0,21.5
TOP09cz,2021-04-19,20,1,19,70,1537,60,1477,8.4
VeslavM,2021-04-19,1,0,1,0,189,181,8,3.7
Vit_Rakusan,2021-04-19,2,2,0,1262,96,84,12,57.4
vonpecka,2021-04-19,2,0,2,0,329,255,74,8.5
Zbynek_Stanjura,2021-04-19,1,1,0,1659,10,10,0,13
ZdenekHrib,2021-04-19,11,9,2,961,444,404,40,92.2
zeleni_cz,2021-04-19,1,0,1,0,342,148,194,3.4
alenaschillerov,2021-04-18,4,2,2,2,574,493,81,22.3
AndrejBabis,2021-04-18,6,3,3,504,1227,248,979,47
czKSCM,2021-04-18,1,1,0,8,57,17,40,0.2
general_pavel,2021-04-18,2,2,0,5841,87,87,0,60.9
honzabartosek,2021-04-18,19,19,0,2146,216,216,0,24.1
Jan_Skopecek,2021-04-18,2,2,0,74,257,236,21,47.7
jana_cernochova,2021-04-18,9,9,0,7662,283,269,14,19.6
JanLipavsky,2021-04-18,47,12,35,1318,954,200,754,29
jhamacek,2021-04-18,8,7,1,1506,291,237,54,37.6
kalousekm,2021-04-18,10,10,0,21845,1297,1270,27,670.9
KarelHavlicek_,2021-04-18,1,0,1,0,322,200,122,9.6
kducsl,2021-04-18,47,4,43,310,1974,168,1806,6
makupka,2021-04-18,1,1,0,234,92,75,17,56.5
market_a,2021-04-18,11,6,5,10800,461,381,80,355.7
MartinBaxa2,2021-04-18,2,2,0,276,75,75,0,27.7
milionchvilek,2021-04-18,1,1,0,141,109,69,40,12.9
MJureka,2021-04-18,13,11,2,6186,709,601,108,118.9
ODScz,2021-04-18,26,0,26,0,1632,504,1128,64.3
P_Fiala,2021-04-18,10,6,4,2750,353,245,108,106.7
PiratskaStrana,2021-04-18,3,0,3,0,741,310,431,30.1
Pospisil_Jiri,2021-04-18,7,4,3,1792,236,199,37,45
RobertSlachta,2021-04-18,3,3,0,58,90,69,21,2.5
SpoluKoalice,2021-04-18,30,8,22,590,1216,131,1085,23.7
STANcz,2021-04-18,16,7,9,48,384,113,271,5.8
TomasCzernin,2021-04-18,4,4,0,12620,84,81,3,55.3
TomasZdechovsky,2021-04-18,37,28,9,2771,2745,2002,743,131.2
tomio_cz,2021-04-18,8,8,0,336,468,468,0,21.3
TOP09cz,2021-04-18,12,0,12,0,1517,59,1458,8.3
VeslavM,2021-04-18,5,5,0,129,188,181,7,3.7
Vit_Rakusan,2021-04-18,5,4,1,7007,94,82,12,56.2
vojtafilip,2021-04-18,2,2,0,128,44,44,0,3.2
volimtrikoloru,2021-04-18,1,0,1,0,65,62,3,2.6
vonpecka,2021-04-18,1,0,1,0,327,255,72,8.5
zeleni_cz,2021-04-18,1,1,0,59,341,148,193,3.4
alenaschillerov,2021-04-17,5,5,0,403,570,491,79,22.3
AndrejBabis,2021-04-17,8,6,2,3847,1221,245,976,46.4
general_pavel,2021-04-17,1,1,0,3820,85,85,0,55
honzabartosek,2021-04-17,12,12,0,1713,197,197,0,21.9
Jan_Skopecek,2021-04-17,2,2,0,189,255,234,21,47.7
jana_cernochova,2021-04-17,9,9,0,1886,274,260,14,11.9
JanLipavsky,2021-04-17,21,6,15,901,907,188,719,27.7
jhamacek,2021-04-17,2,1,1,523,283,230,53,36.1
kalousekm,2021-04-17,7,6,1,17,1287,1260,27,649
kducsl,2021-04-17,33,1,32,378,1927,164,1763,5.7
Kuba_Martin,2021-04-17,1,1,0,30,760,760,0,99.3
makupka,2021-04-17,2,2,0,3865,91,74,17,56.3
market_a,2021-04-17,16,9,7,9473,450,375,75,344.9
MartinBaxa2,2021-04-17,1,1,0,614,73,73,0,27.4
milionchvilek,2021-04-17,4,3,1,797,108,68,40,12.7
MJureka,2021-04-17,20,17,3,7690,696,590,106,112.7
ODScz,2021-04-17,23,4,19,518,1606,504,1102,64.3
olgarichterova,2021-04-17,1,0,1,0,349,345,4,24.2
P_Fiala,2021-04-17,6,5,1,3580,343,239,104,104
PiratIvanBartos,2021-04-17,1,1,0,2656,282,264,18,124.6
PiratskaStrana,2021-04-17,6,0,6,0,738,310,428,30.1
Pospisil_Jiri,2021-04-17,3,2,1,761,229,195,34,43.2
RobertSlachta,2021-04-17,1,1,0,147,87,66,21,2.5
SpoluKoalice,2021-04-17,22,1,21,656,1186,123,1063,23.1
STANcz,2021-04-17,5,1,4,51,368,106,262,5.8
TomasCzernin,2021-04-17,2,2,0,732,80,77,3,42.7
TomasZdechovsky,2021-04-17,45,37,8,4411,2708,1974,734,128.5
tomio_cz,2021-04-17,8,8,0,486,460,460,0,20.9
TOP09cz,2021-04-17,12,0,12,0,1505,59,1446,8.3
VeslavM,2021-04-17,3,3,0,362,183,176,7,3.5
Vit_Rakusan,2021-04-17,1,1,0,1479,89,78,11,49.2
volimtrikoloru,2021-04-17,3,3,0,82,64,62,2,2.6
vonpecka,2021-04-17,1,0,1,0,326,255,71,8.5
Zbynek_Stanjura,2021-04-17,1,1,0,2606,9,9,0,11.4
ZdenekHrib,2021-04-17,4,2,2,3882,433,395,38,91.2
alenaschillerov,2021-04-16,7,7,0,147,565,486,79,21.9
AndrejBabis,2021-04-16,20,9,11,674,1213,239,974,42.6
general_pavel,2021-04-16,1,1,0,248,84,84,0,51.2
honzabartosek,2021-04-16,9,9,0,592,185,185,0,20.2
Jan_Skopecek,2021-04-16,3,3,0,564,253,232,21,47.5
jana_cernochova,2021-04-16,6,6,0,254,265,251,14,10
JanLipavsky,2021-04-16,11,3,8,155,886,182,704,26.8
kalousekm,2021-04-16,22,22,0,6762,1280,1254,26,649
KarelHavlicek_,2021-04-16,5,5,0,236,321,200,121,9.6
kducsl,2021-04-16,12,2,10,80,1894,163,1731,5.3
Kuba_Martin,2021-04-16,3,3,0,1400,759,759,0,99.2
makupka,2021-04-16,1,1,0,211,89,72,17,52.4
market_a,2021-04-16,4,4,0,4954,434,366,68,335.5
MartinBaxa2,2021-04-16,3,3,0,456,72,72,0,26.8
milionchvilek,2021-04-16,3,3,0,230,104,65,39,11.9
MJureka,2021-04-16,13,12,1,3007,676,573,103,105.1
ODScz,2021-04-16,15,2,13,61,1583,500,1083,63.7
olgarichterova,2021-04-16,1,0,1,0,348,345,3,24.2
P_Fiala,2021-04-16,3,0,3,0,337,234,103,100.4
PiratIvanBartos,2021-04-16,2,2,0,3,281,263,18,121.9
PiratskaStrana,2021-04-16,3,1,2,411,732,310,422,30.1
Pospisil_Jiri,2021-04-16,2,2,0,360,226,193,33,42.4
RobertSlachta,2021-04-16,2,2,0,15,86,65,21,2.3
SpoluKoalice,2021-04-16,21,0,21,0,1164,122,1042,22.5
STANcz,2021-04-16,4,1,3,5,363,105,258,5.7
TomasCzernin,2021-04-16,1,1,0,455,78,75,3,42
TomasZdechovsky,2021-04-16,12,9,3,502,2663,1937,726,124.1
tomio_cz,2021-04-16,2,2,0,81,452,452,0,20.5
TOP09cz,2021-04-16,20,1,19,442,1493,59,1434,8.3
volimtrikoloru,2021-04-16,2,2,0,141,61,59,2,2.5
ZdenekHrib,2021-04-16,1,0,1,0,429,393,36,87.3
zeleni_cz,2021-04-16,1,1,0,56,340,147,193,3.4
alenaschillerov,2021-04-15,7,7,0,194,558,479,79,21.8
AndrejBabis,2021-04-15,12,3,9,228,1193,230,963,41.9
general_pavel,2021-04-15,2,2,0,1708,83,83,0,50.9
Jan_Skopecek,2021-04-15,4,4,0,617,250,229,21,46.9
jana_cernochova,2021-04-15,10,10,0,309,259,245,14,9.8
JanLipavsky,2021-04-15,16,2,14,93,875,179,696,26.7
jhamacek,2021-04-15,1,1,0,62,281,229,52,35.5
kalousekm,2021-04-15,29,28,1,15631,1258,1232,26,642.3
KarelHavlicek_,2021-04-15,5,2,3,70,316,195,121,9.4
kducsl,2021-04-15,15,4,11,158,1882,161,1721,5.3
makupka,2021-04-15,1,1,0,327,88,71,17,52.2
market_a,2021-04-15,13,12,1,3824,430,362,68,330.5
MartinBaxa2,2021-04-15,3,3,0,604,69,69,0,26.3
MJureka,2021-04-15,3,3,0,477,663,561,102,102
ODScz,2021-04-15,30,7,23,1645,1568,498,1070,63.7
olgarichterova,2021-04-15,6,6,0,209,347,345,2,24.2
P_Fiala,2021-04-15,5,3,2,824,334,234,100,100.4
PiratIvanBartos,2021-04-15,6,6,0,3198,279,261,18,121.9
PiratskaStrana,2021-04-15,7,5,2,1292,729,309,420,29.6
Pospisil_Jiri,2021-04-15,4,3,1,215,224,191,33,42.1
SpoluKoalice,2021-04-15,19,1,18,262,1143,122,1021,22.5
STANcz,2021-04-15,5,1,4,9,359,104,255,5.7
TomasCzernin,2021-04-15,2,2,0,616,77,74,3,41.5
TomasZdechovsky,2021-04-15,23,18,5,687,2651,1928,723,123.6
tomio_cz,2021-04-15,7,7,0,214,450,450,0,20.4
TOP09cz,2021-04-15,24,3,21,307,1473,58,1415,7.9
Vit_Rakusan,2021-04-15,1,1,0,1244,88,77,11,47.7
volimtrikoloru,2021-04-15,2,2,0,59,59,57,2,2.4
vonpecka,2021-04-15,7,3,4,10,325,255,70,8.5
Zbynek_Stanjura,2021-04-15,1,1,0,754,8,8,0,8.8
alenaschillerov,2021-04-14,13,9,4,145,551,472,79,21.6
AndrejBabis,2021-04-14,18,4,14,484,1181,227,954,41.7
general_pavel,2021-04-14,2,2,0,3179,81,81,0,49.2
honzabartosek,2021-04-14,3,3,0,65,176,176,0,19.6
Jan_Skopecek,2021-04-14,4,3,1,2466,246,225,21,46.3
jana_cernochova,2021-04-14,5,4,1,33,249,235,14,9.5
JanLipavsky,2021-04-14,18,9,9,2893,859,177,682,26.6
jhamacek,2021-04-14,7,6,1,1813,280,228,52,35.5
kalousekm,2021-04-14,18,17,1,4439,1229,1204,25,626.6
KarelHavlicek_,2021-04-14,3,2,1,42,311,193,118,9.3
kducsl,2021-04-14,8,0,8,0,1867,157,1710,5.1
Kuba_Martin,2021-04-14,1,1,0,2,756,756,0,97.8
market_a,2021-04-14,4,2,2,4269,417,350,67,326.7
metnarl,2021-04-14,2,1,1,83,37,29,8,2.7
milionchvilek,2021-04-14,2,0,2,0,101,62,39,11.7
MJureka,2021-04-14,2,2,0,962,660,558,102,101.6
ODScz,2021-04-14,10,2,8,149,1538,491,1047,62
P_Fiala,2021-04-14,3,1,2,413,329,231,98,99.6
PavelSehnal64,2021-04-14,2,2,0,1,27,27,0,0.3
PiratIvanBartos,2021-04-14,2,1,1,565,273,255,18,118.7
PiratskaStrana,2021-04-14,6,2,4,539,722,304,418,28.4
Pospisil_Jiri,2021-04-14,2,1,1,353,220,188,32,41.8
SpoluKoalice,2021-04-14,19,1,18,5,1124,121,1003,22.2
STANcz,2021-04-14,4,1,3,62,354,103,251,5.7
TomasZdechovsky,2021-04-14,55,45,10,855,2628,1910,718,122.9
tomio_cz,2021-04-14,6,6,0,215,443,443,0,20.2
TOP09cz,2021-04-14,19,2,17,20,1449,55,1394,7.6
vonpecka,2021-04-14,6,6,0,104,318,252,66,8.5
zeleni_cz,2021-04-14,4,2,2,115,339,146,193,3.3
alenaschillerov,2021-04-13,11,11,0,74,538,463,75,21.4
AndrejBabis,2021-04-13,8,0,8,0,1163,223,940,41.2
czKSCM,2021-04-13,1,1,0,27,56,16,40,0.2
general_pavel,2021-04-13,1,1,0,200,79,79,0,46.1
honzabartosek,2021-04-13,6,6,0,5854,173,173,0,19.6
Jan_Skopecek,2021-04-13,5,5,0,1513,242,222,20,43.8
jana_cernochova,2021-04-13,5,5,0,61,244,231,13,9.4
JanLipavsky,2021-04-13,39,14,25,1134,841,168,673,23.7
jhamacek,2021-04-13,2,2,0,353,273,222,51,33.7
kalousekm,2021-04-13,18,18,0,15955,1211,1187,24,622.2
KarelHavlicek_,2021-04-13,4,2,2,61,308,191,117,9.3
kducsl,2021-04-13,24,8,16,354,1859,157,1702,5.1
Kuba_Martin,2021-04-13,2,2,0,800,755,755,0,97.8
makupka,2021-04-13,1,1,0,211,87,70,17,51.9
market_a,2021-04-13,4,2,2,2783,413,348,65,322.4
MartinBaxa2,2021-04-13,2,2,0,891,66,66,0,25.7
metnarl,2021-04-13,1,0,1,0,35,28,7,2.6
milionchvilek,2021-04-13,2,1,1,74,99,62,37,11.7
MJureka,2021-04-13,9,5,4,750,658,556,102,100.6
ODScz,2021-04-13,27,10,17,1766,1528,489,1039,61.9
olgarichterova,2021-04-13,1,1,0,39,341,339,2,24
P_Fiala,2021-04-13,7,5,2,3088,326,230,96,99.1
PavelSehnal64,2021-04-13,1,1,0,2,25,25,0,0.3
PiratIvanBartos,2021-04-13,1,1,0,265,271,254,17,118.2
PiratskaStrana,2021-04-13,2,1,1,236,716,302,414,27.8
Pospisil_Jiri,2021-04-13,4,4,0,399,218,187,31,41.5
SpoluKoalice,2021-04-13,20,2,18,158,1105,120,985,22.2
STANcz,2021-04-13,6,5,1,320,350,102,248,5.7
TomasZdechovsky,2021-04-13,17,11,6,940,2573,1865,708,122
tomio_cz,2021-04-13,8,8,0,160,437,437,0,20
TOP09cz,2021-04-13,33,3,30,885,1430,53,1377,7.6
VeslavM,2021-04-13,5,5,0,1,180,173,7,3.2
vojtafilip,2021-04-13,1,1,0,71,42,42,0,3
vonpecka,2021-04-13,3,3,0,152,312,246,66,8.3
Zbynek_Stanjura,2021-04-13,1,1,0,282,7,7,0,8
ZdenekHrib,2021-04-13,15,14,1,357,428,393,35,87.3
zeleni_cz,2021-04-13,1,1,0,66,335,144,191,3.2
alenaschillerov,2021-04-12,15,14,1,246,527,452,75,21.4
AndrejBabis,2021-04-12,16,0,16,0,1155,223,932,41.2
czKSCM,2021-04-12,2,1,1,2,55,15,40,0.2
Jan_Skopecek,2021-04-12,3,3,0,743,237,217,20,42.3
jana_cernochova,2021-04-12,2,2,0,50,239,226,13,9.4
JanLipavsky,2021-04-12,9,1,8,496,802,154,648,22.5
kalousekm,2021-04-12,17,16,1,4478,1193,1169,24,606.2
KarelHavlicek_,2021-04-12,2,2,0,42,304,189,115,9.2
kducsl,2021-04-12,16,0,16,0,1835,149,1686,4.7
Kuba_Martin,2021-04-12,2,2,0,2594,753,753,0,97
market_a,2021-04-12,1,1,0,4535,409,346,63,319.6
MartinBaxa2,2021-04-12,1,1,0,135,64,64,0,24.9
metnarl,2021-04-12,1,0,1,0,34,28,6,2.6
milionchvilek,2021-04-12,2,2,0,157,97,61,36,11.6
MJureka,2021-04-12,2,2,0,387,649,551,98,99.9
ODScz,2021-04-12,13,5,8,1,1501,479,1022,60.1
olgarichterova,2021-04-12,1,1,0,82,340,338,2,24
P_Fiala,2021-04-12,3,3,0,1036,319,225,94,96.1
PiratIvanBartos,2021-04-12,2,2,0,1150,270,253,17,117.9
PiratskaStrana,2021-04-12,8,1,7,137,714,301,413,27.6
Pospisil_Jiri,2021-04-12,2,2,0,383,214,183,31,41.1
RobertSlachta,2021-04-12,2,2,0,64,84,63,21,2.3
SpoluKoalice,2021-04-12,15,0,15,0,1085,118,967,22
STANcz,2021-04-12,7,1,6,75,344,97,247,5.3
TomasZdechovsky,2021-04-12,28,23,5,1039,2556,1854,702,121.1
tomio_cz,2021-04-12,5,5,0,161,429,429,0,19.8
TOP09cz,2021-04-12,17,0,17,0,1397,50,1347,6.7
VeslavM,2021-04-12,1,0,1,0,175,168,7,3.2
Vit_Rakusan,2021-04-12,3,3,0,2269,87,76,11,46.4
vojtafilip,2021-04-12,2,2,0,74,41,41,0,3
vonpecka,2021-04-12,4,4,0,294,309,243,66,8.2
ZdenekHrib,2021-04-12,1,1,0,1985,413,379,34,87
zeleni_cz,2021-04-12,2,2,0,432,334,143,191,3.1
alenaschillerov,2021-04-11,1,1,0,28,512,438,74,21.1
AndrejBabis,2021-04-11,2,1,1,135,1139,223,916,41.2
honzabartosek,2021-04-11,1,1,0,66,167,167,0,13.7
Jan_Skopecek,2021-04-11,6,6,0,228,234,214,20,41.6
JanLipavsky,2021-04-11,1,0,1,0,793,153,640,22
jhamacek,2021-04-11,1,1,0,233,271,220,51,33.3
kalousekm,2021-04-11,25,24,1,8947,1176,1153,23,601.8
KarelHavlicek_,2021-04-11,1,0,1,0,302,187,115,9.2
kducsl,2021-04-11,19,4,15,240,1819,149,1670,4.7
makupka,2021-04-11,5,1,4,1133,86,69,17,51.7
market_a,2021-04-11,5,4,1,2512,408,345,63,315.1
MJureka,2021-04-11,5,4,1,3765,647,549,98,99.5
ODScz,2021-04-11,25,16,9,4473,1488,474,1014,60.1
olgarichterova,2021-04-11,1,1,0,2,339,337,2,23.9
P_Fiala,2021-04-11,15,0,15,0,316,222,94,95
Pospisil_Jiri,2021-04-11,1,1,0,682,212,181,31,40.7
RobertSlachta,2021-04-11,5,2,3,80,82,61,21,2.2
SpoluKoalice,2021-04-11,32,8,24,1170,1070,118,952,22
STANcz,2021-04-11,4,1,3,359,337,96,241,5.3
TomasCzernin,2021-04-11,3,3,0,4834,75,72,3,40.9
TomasZdechovsky,2021-04-11,31,27,4,2548,2528,1831,697,120
tomio_cz,2021-04-11,4,4,0,326,424,424,0,19.6
TOP09cz,2021-04-11,17,1,16,237,1380,50,1330,6.7
VeslavM,2021-04-11,2,2,0,9,174,168,6,3.2
Vit_Rakusan,2021-04-11,2,2,0,356,84,73,11,44.2
vojtafilip,2021-04-11,2,2,0,166,39,39,0,2.9
alenaschillerov,2021-04-10,4,4,0,65,511,437,74,21.1
AndrejBabis,2021-04-10,2,0,2,0,1137,222,915,41.1
general_pavel,2021-04-10,1,1,0,791,78,78,0,45.9
honzabartosek,2021-04-10,1,1,0,134,166,166,0,13.6
Jan_Skopecek,2021-04-10,5,5,0,1707,228,208,20,41.3
JanLipavsky,2021-04-10,7,2,5,100,792,153,639,22
kalousekm,2021-04-10,5,5,0,4861,1151,1129,22,592.8
kducsl,2021-04-10,12,0,12,0,1800,145,1655,4.5
Kuba_Martin,2021-04-10,2,2,0,2,751,751,0,94.4
makupka,2021-04-10,3,2,1,1099,81,68,13,50.5
market_a,2021-04-10,3,3,0,2156,403,341,62,312.6
MartinBaxa2,2021-04-10,2,2,0,477,63,63,0,24.7
MJureka,2021-04-10,3,3,0,1117,642,545,97,95.7
ODScz,2021-04-10,6,0,6,0,1463,458,1005,55.6
P_Fiala,2021-04-10,1,0,1,0,301,222,79,95
PavelSehnal64,2021-04-10,1,1,0,1,24,24,0,0.3
SpoluKoalice,2021-04-10,5,0,5,0,1038,110,928,20.9
TomasZdechovsky,2021-04-10,29,28,1,1502,2497,1804,693,117.5
tomio_cz,2021-04-10,4,4,0,225,420,420,0,19.3
TOP09cz,2021-04-10,1,0,1,0,1363,49,1314,6.4
vonpecka,2021-04-10,2,2,0,165,305,239,66,7.9
alenaschillerov,2021-04-09,3,3,0,110,507,433,74,21
AndrejBabis,2021-04-09,16,2,14,214,1135,222,913,41.1
honzabartosek,2021-04-09,3,3,0,63,165,165,0,13.5
Jan_Skopecek,2021-04-09,2,2,0,527,223,203,20,39.6
JanLipavsky,2021-04-09,12,2,10,223,785,151,634,21.9
kalousekm,2021-04-09,8,6,2,4594,1146,1124,22,587.9
KarelHavlicek_,2021-04-09,1,1,0,38,301,187,114,9.2
kducsl,2021-04-09,12,0,12,0,1788,145,1643,4.5
Kuba_Martin,2021-04-09,7,7,0,3547,749,749,0,94.4
makupka,2021-04-09,1,1,0,1847,78,66,12,49.4
market_a,2021-04-09,6,4,2,2746,400,338,62,310.4
metnarl,2021-04-09,1,1,0,75,33,28,5,2.6
milionchvilek,2021-04-09,4,1,3,287,95,59,36,11.5
MJureka,2021-04-09,6,5,1,811,639,542,97,94.6
ODScz,2021-04-09,8,1,7,0,1457,458,999,55.6
P_Fiala,2021-04-09,4,3,1,2240,300,222,78,95
PavelSehnal64,2021-04-09,3,3,0,3,23,23,0,0.3
PiratskaStrana,2021-04-09,2,0,2,0,706,300,406,27.4
Pospisil_Jiri,2021-04-09,3,3,0,2527,211,180,31,40
SpoluKoalice,2021-04-09,11,1,10,383,1033,110,923,20.9
STANcz,2021-04-09,3,1,2,89,333,95,238,4.9
TomasCzernin,2021-04-09,5,5,0,3483,72,69,3,36.1
TomasZdechovsky,2021-04-09,13,12,1,1074,2468,1776,692,116
tomio_cz,2021-04-09,2,2,0,78,416,416,0,19.1
TOP09cz,2021-04-09,22,0,22,0,1362,49,1313,6.4
zeleni_cz,2021-04-09,1,0,1,0,332,141,191,2.7
alenaschillerov,2021-04-08,2,2,0,103,504,430,74,20.9
AndrejBabis,2021-04-08,7,0,7,0,1119,220,899,40.9
czKSCM,2021-04-08,1,0,1,0,53,14,39,0.2
general_pavel,2021-04-08,2,2,0,356,77,77,0,45.1
honzabartosek,2021-04-08,2,2,0,495,162,162,0,13.4
Jan_Skopecek,2021-04-08,1,1,0,757,221,201,20,39.1
jana_cernochova,2021-04-08,1,1,0,154,237,224,13,9.3
JanLipavsky,2021-04-08,9,0,9,0,773,149,624,21.7
jhamacek,2021-04-08,2,1,1,6,270,219,51,33.1
kalousekm,2021-04-08,29,28,1,11820,1138,1118,20,583.3
KarelHavlicek_,2021-04-08,2,0,2,0,300,186,114,9.2
kducsl,2021-04-08,16,1,15,7,1776,145,1631,4.5
Kuba_Martin,2021-04-08,2,2,0,2274,742,742,0,90.9
makupka,2021-04-08,2,1,1,2266,77,65,12,47.6
market_a,2021-04-08,4,2,2,4922,394,334,60,307.7
milionchvilek,2021-04-08,3,3,0,290,91,58,33,11.2
MJureka,2021-04-08,6,6,0,2420,633,537,96,93.8
ODScz,2021-04-08,12,1,11,26,1449,457,992,55.6
olgarichterova,2021-04-08,6,6,0,126,338,336,2,23.9
P_Fiala,2021-04-08,2,1,1,743,296,219,77,92.8
PavelSehnal64,2021-04-08,1,1,0,1,20,20,0,0.3
PiratIvanBartos,2021-04-08,7,7,0,2341,268,251,17,116.8
PiratskaStrana,2021-04-08,9,2,7,124,704,300,404,27.4
Pospisil_Jiri,2021-04-08,1,1,0,103,208,177,31,37.5
RobertSlachta,2021-04-08,1,1,0,99,77,59,18,2.2
SpoluKoalice,2021-04-08,6,0,6,0,1022,109,913,20.5
STANcz,2021-04-08,5,1,4,33,330,94,236,4.8
TomasZdechovsky,2021-04-08,8,5,3,1131,2455,1764,691,114.9
tomio_cz,2021-04-08,1,1,0,16,414,414,0,19
TOP09cz,2021-04-08,15,0,15,0,1340,49,1291,6.4
VeslavM,2021-04-08,6,6,0,179,172,166,6,3.2
volimtrikoloru,2021-04-08,2,2,0,26,57,55,2,2.3
vonpecka,2021-04-08,1,0,1,0,303,237,66,7.7
zeleni_cz,2021-04-08,3,1,2,28,331,141,190,2.7
alenaschillerov,2021-04-07,4,3,1,40,502,428,74,20.8
AndrejBabis,2021-04-07,6,0,6,0,1112,220,892,40.9
general_pavel,2021-04-07,2,2,0,718,75,75,0,44.7
honzabartosek,2021-04-07,2,2,0,285,160,160,0,12.9
Jan_Skopecek,2021-04-07,2,2,0,1073,220,200,20,38.4
jana_cernochova,2021-04-07,2,2,0,53,236,223,13,9.2
JanLipavsky,2021-04-07,22,9,13,379,764,149,615,21.7
jhamacek,2021-04-07,5,5,0,384,268,218,50,33.1
kalousekm,2021-04-07,15,15,0,7836,1109,1090,19,571.5
KarelHavlicek_,2021-04-07,4,1,3,20,298,186,112,9.2
kducsl,2021-04-07,29,1,28,102,1760,144,1616,4.5
makupka,2021-04-07,1,1,0,1778,75,64,11,45.3
market_a,2021-04-07,3,3,0,7128,390,332,58,302.8
MartinBaxa2,2021-04-07,1,1,0,51,61,61,0,24.2
metnarl,2021-04-07,1,1,0,43,32,27,5,2.5
milionchvilek,2021-04-07,3,3,0,476,88,55,33,10.9
MJureka,2021-04-07,11,7,4,2335,627,531,96,91.4
ODScz,2021-04-07,28,10,18,2261,1437,456,981,55.6
olgarichterova,2021-04-07,1,1,0,118,332,330,2,23.8
P_Fiala,2021-04-07,4,4,0,2763,294,218,76,92
PavelSehnal64,2021-04-07,2,2,0,4,19,19,0,0.3
PiratskaStrana,2021-04-07,9,2,7,430,695,298,397,27.3
Pospisil_Jiri,2021-04-07,3,3,0,995,207,176,31,37.4
SpoluKoalice,2021-04-07,19,0,19,0,1016,109,907,20.5
STANcz,2021-04-07,5,1,4,22,325,93,232,4.8
TomasCzernin,2021-04-07,1,1,0,379,67,64,3,32.6
TomasZdechovsky,2021-04-07,19,15,4,1783,2447,1759,688,113.8
tomio_cz,2021-04-07,6,6,0,251,413,413,0,19
TOP09cz,2021-04-07,29,1,28,81,1325,49,1276,6.4
Vit_Rakusan,2021-04-07,4,4,0,737,82,71,11,43.8
volimtrikoloru,2021-04-07,2,2,0,39,55,53,2,2.3
vonpecka,2021-04-07,6,3,3,32,302,237,65,7.7
ZdenekHrib,2021-04-07,1,1,0,434,412,378,34,85
alenaschillerov,2021-04-06,8,7,1,178,498,425,73,20.8
AndrejBabis,2021-04-06,8,0,8,0,1106,220,886,40.9
general_pavel,2021-04-06,3,3,0,2641,73,73,0,44
Jan_Skopecek,2021-04-06,7,7,0,793,218,198,20,37.3
jana_cernochova,2021-04-06,1,1,0,461,234,221,13,9.1
JanLipavsky,2021-04-06,4,0,4,0,742,140,602,21.3
jhamacek,2021-04-06,2,2,0,284,263,213,50,32.7
kalousekm,2021-04-06,26,25,1,4748,1094,1075,19,563.7
KarelHavlicek_,2021-04-06,3,2,1,222,294,185,109,9.1
kducsl,2021-04-06,22,4,18,83,1731,143,1588,4.4
Kuba_Martin,2021-04-06,3,3,0,7,740,740,0,88.6
makupka,2021-04-06,1,1,0,353,74,63,11,43.6
market_a,2021-04-06,4,4,0,4484,387,329,58,295.6
MartinBaxa2,2021-04-06,3,3,0,812,60,60,0,24.2
milionchvilek,2021-04-06,4,3,1,1820,85,52,33,10.4
MJureka,2021-04-06,4,4,0,2343,616,524,92,89
ODScz,2021-04-06,23,8,15,358,1409,446,963,53.4
P_Fiala,2021-04-06,3,3,0,1460,290,214,76,89.3
PiratskaStrana,2021-04-06,5,2,3,776,686,296,390,26.9
Pospisil_Jiri,2021-04-06,2,2,0,417,204,173,31,36.4
SpoluKoalice,2021-04-06,27,0,27,0,997,109,888,20.5
STANcz,2021-04-06,6,0,6,0,320,92,228,4.8
TomasCzernin,2021-04-06,1,1,0,633,66,63,3,32.2
TomasZdechovsky,2021-04-06,20,16,4,3514,2428,1744,684,112
tomio_cz,2021-04-06,4,4,0,44,407,407,0,18.7
TOP09cz,2021-04-06,20,0,20,0,1296,48,1248,6.4
Vit_Rakusan,2021-04-06,3,3,0,1208,78,67,11,43.1
vojtafilip,2021-04-06,1,1,0,124,37,37,0,2.7
zeleni_cz,2021-04-06,1,0,1,0,328,140,188,2.7
alenaschillerov,2021-04-05,2,2,0,440,490,418,72,20.6
AndrejBabis,2021-04-05,4,3,1,179,1098,220,878,40.9
Jan_Skopecek,2021-04-05,1,1,0,92,211,191,20,36.5
jana_cernochova,2021-04-05,1,1,0,2,233,220,13,8.7
kalousekm,2021-04-05,18,18,0,2153,1068,1050,18,558.9
kducsl,2021-04-05,3,0,3,0,1709,139,1570,4.3
ODScz,2021-04-05,2,0,2,0,1386,438,948,53
SpoluKoalice,2021-04-05,4,0,4,0,970,109,861,20.5
STANcz,2021-04-05,1,0,1,0,314,92,222,4.8
TomasCzernin,2021-04-05,1,1,0,254,65,62,3,31.6
TomasZdechovsky,2021-04-05,19,15,4,1986,2408,1728,680,108.5
VeslavM,2021-04-05,6,6,0,1,166,160,6,3
vojtafilip,2021-04-05,1,1,0,178,36,36,0,2.6
zeleni_cz,2021-04-05,1,0,1,0,327,140,187,2.7
AndrejBabis,2021-04-04,1,1,0,166,1094,217,877,40.7
Jan_Skopecek,2021-04-04,2,2,0,983,210,190,20,36.4
jana_cernochova,2021-04-04,1,1,0,274,232,219,13,8.7
JanLipavsky,2021-04-04,1,0,1,0,738,140,598,21.3
jhamacek,2021-04-04,3,3,0,33,261,211,50,32.4
kalousekm,2021-04-04,7,7,0,541,1050,1032,18,556.8
kducsl,2021-04-04,5,0,5,0,1706,139,1567,4.3
ODScz,2021-04-04,2,1,1,1,1384,438,946,53
olgarichterova,2021-04-04,1,1,0,5,331,329,2,23.7
Pospisil_Jiri,2021-04-04,1,1,0,591,202,171,31,36
RobertSlachta,2021-04-04,1,1,0,14,76,58,18,2.1
SpoluKoalice,2021-04-04,3,0,3,0,966,109,857,20.5
TomasZdechovsky,2021-04-04,13,11,2,1336,2389,1713,676,106.5
tomio_cz,2021-04-04,4,4,0,435,403,403,0,18.7
TOP09cz,2021-04-04,23,0,23,0,1276,48,1228,6.4
VeslavM,2021-04-04,8,8,0,134,160,154,6,3
zeleni_cz,2021-04-04,1,0,1,0,326,140,186,2.7
alenaschillerov,2021-04-03,1,1,0,2,488,416,72,20.2
AndrejBabis,2021-04-03,4,3,1,1136,1093,216,877,40.5
Jan_Skopecek,2021-04-03,5,5,0,1773,208,188,20,35.4
jana_cernochova,2021-04-03,1,1,0,21,231,218,13,8.4
JanLipavsky,2021-04-03,16,1,15,90,737,140,597,21.3
jhamacek,2021-04-03,5,5,0,554,258,208,50,32.4
kalousekm,2021-04-03,4,4,0,137,1043,1025,18,556.2
kducsl,2021-04-03,11,0,11,0,1701,139,1562,4.3
market_a,2021-04-03,5,3,2,3067,383,325,58,291.1
milionchvilek,2021-04-03,3,1,2,121,81,49,32,8.6
MJureka,2021-04-03,5,5,0,4211,612,520,92,86.7
ODScz,2021-04-03,1,1,0,968,1382,437,945,53
RobertSlachta,2021-04-03,1,0,1,0,75,57,18,2
SpoluKoalice,2021-04-03,8,0,8,0,963,109,854,20.5
STANcz,2021-04-03,1,0,1,0,313,92,221,4.8
TomasZdechovsky,2021-04-03,13,10,3,3368,2376,1702,674,105.2
tomio_cz,2021-04-03,6,6,0,156,399,399,0,18.3
TOP09cz,2021-04-03,2,0,2,0,1253,48,1205,6.4
VeslavM,2021-04-03,4,4,0,3,152,146,6,2.8
volimtrikoloru,2021-04-03,1,1,0,32,53,51,2,2.2
alenaschillerov,2021-04-02,3,1,2,213,487,415,72,20.2
AndrejBabis,2021-04-02,12,8,4,2396,1089,213,876,39.4
czKSCM,2021-04-02,1,0,1,0,52,14,38,0.2
general_pavel,2021-04-02,1,1,0,1553,70,70,0,41.3
Jan_Skopecek,2021-04-02,1,1,0,2537,203,183,20,33.6
JanLipavsky,2021-04-02,19,4,15,633,721,139,582,21.3
jhamacek,2021-04-02,2,2,0,1740,253,203,50,31.8
kalousekm,2021-04-02,24,23,1,6069,1039,1021,18,556.1
KarelHavlicek_,2021-04-02,1,0,1,0,291,183,108,8.9
kducsl,2021-04-02,12,1,11,45,1690,139,1551,4.3
market_a,2021-04-02,4,3,1,4337,378,322,56,288.1
metnarl,2021-04-02,1,1,0,52,31,26,5,2.5
milionchvilek,2021-04-02,1,0,1,0,78,48,30,8.5
MJureka,2021-04-02,2,2,0,1635,607,515,92,82.5
ODScz,2021-04-02,10,2,8,984,1381,436,945,52
olgarichterova,2021-04-02,1,0,1,0,330,328,2,23.7
P_Fiala,2021-04-02,5,3,2,1343,287,211,76,87.8
PiratskaStrana,2021-04-02,3,2,1,785,681,294,387,26.1
Pospisil_Jiri,2021-04-02,2,2,0,620,201,170,31,35.4
RobertSlachta,2021-04-02,1,1,0,0,74,57,17,2
SpoluKoalice,2021-04-02,17,0,17,0,955,109,846,20.5
STANcz,2021-04-02,3,1,2,0,312,92,220,4.8
TomasCzernin,2021-04-02,1,1,0,660,64,61,3,31.3
TomasZdechovsky,2021-04-02,24,16,8,1984,2363,1692,671,101.8
tomio_cz,2021-04-02,1,1,0,28,393,393,0,18.1
TOP09cz,2021-04-02,2,0,2,0,1251,48,1203,6.4
vonpecka,2021-04-02,1,1,0,158,296,234,62,7.7
alenaschillerov,2021-04-01,9,6,3,110,484,414,70,19.9
AndrejBabis,2021-04-01,5,1,4,240,1077,205,872,37
czKSCM,2021-04-01,1,0,1,0,51,14,37,0.2
honzabartosek,2021-04-01,5,5,0,54,158,158,0,12.7
Jan_Skopecek,2021-04-01,4,3,1,1570,202,182,20,31.1
JanLipavsky,2021-04-01,14,1,13,24,702,135,567,20.6
jhamacek,2021-04-01,2,2,0,240,251,201,50,30.1
kalousekm,2021-04-01,13,13,0,10543,1015,998,17,550
KarelHavlicek_,2021-04-01,3,1,2,14,290,183,107,8.9
kducsl,2021-04-01,16,3,13,39,1678,138,1540,4.3
makupka,2021-04-01,1,1,0,1192,73,62,11,43.2
market_a,2021-04-01,10,8,2,4246,374,319,55,283.7
MartinBaxa2,2021-04-01,1,1,0,143,57,57,0,23.4
metnarl,2021-04-01,4,3,1,80,30,25,5,2.4
milionchvilek,2021-04-01,3,1,2,39,77,48,29,8.5
MJureka,2021-04-01,9,9,0,2537,605,513,92,80.8
ODScz,2021-04-01,20,5,15,14,1371,434,937,51
olgarichterova,2021-04-01,2,2,0,182,329,328,1,23.7
P_Fiala,2021-04-01,3,2,1,2483,282,208,74,86.5
PiratIvanBartos,2021-04-01,3,3,0,2862,261,244,17,114.4
PiratskaStrana,2021-04-01,8,3,5,358,678,292,386,25.3
Pospisil_Jiri,2021-04-01,1,1,0,274,199,168,31,34.8
SpoluKoalice,2021-04-01,11,3,8,737,938,109,829,20.5
STANcz,2021-04-01,2,2,0,31,309,91,218,4.8
TomasZdechovsky,2021-04-01,28,21,7,1818,2339,1676,663,99.8
tomio_cz,2021-04-01,4,4,0,208,392,392,0,18.1
TOP09cz,2021-04-01,22,1,21,54,1249,48,1201,6.4
volimtrikoloru,2021-04-01,2,2,0,322,52,50,2,2.2
vonpecka,2021-04-01,3,3,0,645,295,233,62,7.5
ZdenekHrib,2021-04-01,4,4,0,2911,411,377,34,84.6
zeleni_cz,2021-04-01,2,2,0,48,325,140,185,2.7
alenaschillerov,2021-03-31,8,7,1,287,475,408,67,19.8
AndrejBabis,2021-03-31,10,0,10,0,1072,204,868,36.7
czKSCM,2021-03-31,1,0,1,0,50,14,36,0.2
general_pavel,2021-03-31,1,1,0,820,69,69,0,39.8
honzabartosek,2021-03-31,3,3,0,26,153,153,0,12.6
Jan_Skopecek,2021-03-31,5,5,0,2471,198,179,19,29.5
jana_cernochova,2021-03-31,19,18,1,220,230,217,13,8.4
JanLipavsky,2021-03-31,12,1,11,15,688,134,554,20.6
kalousekm,2021-03-31,13,13,0,1724,1002,985,17,539.5
KarelHavlicek_,2021-03-31,1,0,1,0,287,182,105,8.9
kducsl,2021-03-31,15,3,12,52,1662,135,1527,4.2
makupka,2021-03-31,1,1,0,1830,72,61,11,42
market_a,2021-03-31,6,5,1,3376,364,311,53,279.5
MartinBaxa2,2021-03-31,1,1,0,200,56,56,0,23.2
MJureka,2021-03-31,5,4,1,145,596,504,92,78.3
ODScz,2021-03-31,16,2,14,1556,1351,429,922,51
P_Fiala,2021-03-31,3,0,3,0,279,206,73,84
PiratIvanBartos,2021-03-31,5,5,0,1914,258,241,17,111.6
PiratskaStrana,2021-03-31,8,3,5,467,670,289,381,25
Pospisil_Jiri,2021-03-31,1,1,0,202,198,167,31,34.5
RobertSlachta,2021-03-31,1,1,0,77,73,56,17,2
SpoluKoalice,2021-03-31,25,4,21,547,927,106,821,19.8
STANcz,2021-03-31,5,1,4,31,307,89,218,4.7
TomasZdechovsky,2021-03-31,10,4,6,47,2311,1655,656,98
tomio_cz,2021-03-31,4,4,0,298,388,388,0,17.9
TOP09cz,2021-03-31,23,3,20,113,1227,47,1180,6.3
VeslavM,2021-03-31,2,2,0,11,148,142,6,2.8
Vit_Rakusan,2021-03-31,3,3,0,937,75,64,11,41.9
volimtrikoloru,2021-03-31,1,1,0,100,50,48,2,1.9
vonpecka,2021-03-31,1,0,1,0,292,230,62,6.9
ZdenekHrib,2021-03-31,9,9,0,3402,407,373,34,81.7
alenaschillerov,2021-03-30,6,6,0,205,467,401,66,19.5
AndrejBabis,2021-03-30,6,0,6,0,1062,204,858,36.7
honzabartosek,2021-03-30,1,1,0,9,150,150,0,12.6
Jan_Skopecek,2021-03-30,2,2,0,413,193,174,19,27.1
jana_cernochova,2021-03-30,5,5,0,195,211,199,12,8.1
JanLipavsky,2021-03-30,17,8,9,835,676,133,543,20.6
kalousekm,2021-03-30,10,10,0,2852,989,972,17,537.8
KarelHavlicek_,2021-03-30,2,1,1,61,286,182,104,8.9
kducsl,2021-03-30,6,0,6,0,1647,132,1515,4.2
Kuba_Martin,2021-03-30,2,2,0,1,737,737,0,88.6
market_a,2021-03-30,7,6,1,1192,358,306,52,276.1
metnarl,2021-03-30,1,1,0,135,26,22,4,2.4
milionchvilek,2021-03-30,2,0,2,0,74,47,27,8.4
MJureka,2021-03-30,3,3,0,145,591,500,91,78.1
ODScz,2021-03-30,14,3,11,1,1335,427,908,49.5
P_Fiala,2021-03-30,3,2,1,1212,276,206,70,84
PiratIvanBartos,2021-03-30,2,2,0,3380,253,236,17,109.6
PiratskaStrana,2021-03-30,5,1,4,370,662,286,376,24.5
SpoluKoalice,2021-03-30,18,1,17,106,902,102,800,19.2
STANcz,2021-03-30,1,1,0,229,302,88,214,4.7
TomasZdechovsky,2021-03-30,13,10,3,1006,2301,1651,650,97.9
TOP09cz,2021-03-30,12,0,12,0,1204,44,1160,6.2
VeslavM,2021-03-30,1,1,0,0,146,140,6,2.8
vojtafilip,2021-03-30,1,1,0,60,35,35,0,2.4
volimtrikoloru,2021-03-30,1,1,0,36,49,47,2,1.8
vonpecka,2021-03-30,2,2,0,19,291,230,61,6.9
ZdenekHrib,2021-03-30,2,2,0,257,398,364,34,78.3
zeleni_cz,2021-03-30,1,1,0,20,323,138,185,2.6
alenaschillerov,2021-03-29,11,11,0,226,461,395,66,19.3
AndrejBabis,2021-03-29,14,1,13,1155,1056,204,852,36.7
czKSCM,2021-03-29,2,0,2,0,49,14,35,0.2
general_pavel,2021-03-29,1,1,0,646,68,68,0,39
honzabartosek,2021-03-29,2,2,0,867,149,149,0,12.6
Jan_Skopecek,2021-03-29,4,4,0,1250,191,172,19,26.7
JanLipavsky,2021-03-29,27,6,21,1084,659,125,534,19.7
jhamacek,2021-03-29,4,4,0,937,249,199,50,29.8
kalousekm,2021-03-29,19,19,0,5193,979,962,17,534.9
KarelHavlicek_,2021-03-29,3,1,2,5,284,181,103,8.8
kducsl,2021-03-29,15,0,15,0,1641,132,1509,4.2
Kuba_Martin,2021-03-29,3,3,0,2,735,735,0,88.6
makupka,2021-03-29,2,2,0,487,71,60,11,40.2
market_a,2021-03-29,6,6,0,4923,351,300,51,274.9
metnarl,2021-03-29,1,1,0,344,25,21,4,2.2
milionchvilek,2021-03-29,2,2,0,174,72,47,25,8.4
MJureka,2021-03-29,2,2,0,833,588,497,91,78
ODScz,2021-03-29,17,4,13,1976,1321,424,897,49.5
olgarichterova,2021-03-29,29,29,0,2477,327,326,1,23.5
P_Fiala,2021-03-29,2,2,0,2054,273,204,69,82.8
PiratIvanBartos,2021-03-29,8,8,0,2989,251,234,17,106.3
PiratskaStrana,2021-03-29,6,0,6,0,657,285,372,24.1
Pospisil_Jiri,2021-03-29,3,3,0,791,197,166,31,34.3
SpoluKoalice,2021-03-29,13,0,13,0,884,101,783,19.1
STANcz,2021-03-29,1,1,0,35,301,87,214,4.5
TomasCzernin,2021-03-29,2,2,0,726,63,60,3,30.6
TomasZdechovsky,2021-03-29,16,8,8,747,2288,1641,647,96.9
tomio_cz,2021-03-29,7,7,0,161,384,384,0,17.6
TOP09cz,2021-03-29,19,0,19,0,1192,44,1148,6.2
VeslavM,2021-03-29,1,1,0,18,145,139,6,2.8
vonpecka,2021-03-29,1,1,0,10,289,228,61,6.9
zeleni_cz,2021-03-29,1,0,1,0,322,137,185,2.6
alenaschillerov,2021-03-28,7,5,2,195,450,384,66,19.1
AndrejBabis,2021-03-28,7,5,2,695,1042,203,839,35.6
general_pavel,2021-03-28,2,2,0,2351,67,67,0,38.3
honzabartosek,2021-03-28,3,3,0,38,147,147,0,11.7
Jan_Skopecek,2021-03-28,2,2,0,367,187,168,19,25.4
jana_cernochova,2021-03-28,2,2,0,3,206,194,12,7.9
JanLipavsky,2021-03-28,5,0,5,0,632,119,513,18.7
jhamacek,2021-03-28,1,1,0,151,245,195,50,28.9
kalousekm,2021-03-28,9,9,0,5674,960,943,17,529.7
KarelHavlicek_,2021-03-28,1,0,1,0,281,180,101,8.8
kducsl,2021-03-28,10,0,10,0,1626,132,1494,4.2
Kuba_Martin,2021-03-28,2,2,0,1435,732,732,0,88.6
market_a,2021-03-28,2,2,0,874,345,294,51,270
ODScz,2021-03-28,12,3,9,351,1304,420,884,47.5
P_Fiala,2021-03-28,5,4,1,1071,271,202,69,80.7
PiratskaStrana,2021-03-28,1,1,0,96,651,285,366,24.1
Pospisil_Jiri,2021-03-28,2,2,0,669,194,163,31,33.5
RobertSlachta,2021-03-28,1,1,0,20,72,55,17,2
SpoluKoalice,2021-03-28,18,1,17,472,871,101,770,19.1
STANcz,2021-03-28,3,1,2,20,300,86,214,4.4
TomasZdechovsky,2021-03-28,19,17,2,2190,2272,1633,639,96.2
tomio_cz,2021-03-28,3,3,0,80,377,377,0,17.4
TOP09cz,2021-03-28,11,0,11,0,1173,44,1129,6.2
VeslavM,2021-03-28,5,5,0,0,144,138,6,2.8
vonpecka,2021-03-28,2,0,2,0,288,227,61,6.9
zeleni_cz,2021-03-28,1,0,1,0,321,137,184,2.6
alenaschillerov,2021-03-27,4,3,1,80,443,379,64,18.9
AndrejBabis,2021-03-27,4,1,3,623,1035,198,837,34.9
honzabartosek,2021-03-27,2,2,0,556,144,144,0,11.7
Jan_Skopecek,2021-03-27,6,6,0,1045,185,166,19,25
JanLipavsky,2021-03-27,17,3,14,898,627,119,508,18.7
kalousekm,2021-03-27,38,38,0,12149,951,934,17,524.1
KarelHavlicek_,2021-03-27,2,1,1,45,280,180,100,8.8
kducsl,2021-03-27,10,0,10,0,1616,132,1484,4.2
Kuba_Martin,2021-03-27,3,3,0,1892,730,730,0,87.2
makupka,2021-03-27,1,1,0,723,69,58,11,39.7
market_a,2021-03-27,7,7,0,2516,343,292,51,269.1
MJureka,2021-03-27,12,12,0,2751,586,495,91,77.2
ODScz,2021-03-27,6,1,5,987,1292,417,875,47.1
PiratskaStrana,2021-03-27,1,1,0,239,650,284,366,24
SpoluKoalice,2021-03-27,6,0,6,0,853,100,753,18.6
STANcz,2021-03-27,2,0,2,0,297,85,212,4.4
TomasZdechovsky,2021-03-27,22,20,2,725,2253,1616,637,94
tomio_cz,2021-03-27,7,7,0,233,374,374,0,17.3
TOP09cz,2021-03-27,6,0,6,0,1162,44,1118,6.2
VeslavM,2021-03-27,11,10,1,165,139,133,6,2.8
volimtrikoloru,2021-03-27,1,1,0,18,48,46,2,1.8
vonpecka,2021-03-27,2,1,1,100,286,227,59,6.9
ZdenekHrib,2021-03-27,1,1,0,119,396,362,34,78
zeleni_cz,2021-03-27,1,1,0,24,320,137,183,2.6
alenaschillerov,2021-03-26,5,4,1,336,439,376,63,18.8
AndrejBabis,2021-03-26,13,4,9,378,1031,197,834,34.3
czKSCM,2021-03-26,1,1,0,23,47,14,33,0.2
general_pavel,2021-03-26,1,1,0,1655,65,65,0,36
honzabartosek,2021-03-26,4,4,0,310,142,142,0,11.1
Jan_Skopecek,2021-03-26,3,3,0,703,179,160,19,24
JanLipavsky,2021-03-26,9,0,9,0,610,116,494,17.8
jhamacek,2021-03-26,3,3,0,260,244,194,50,28.8
kalousekm,2021-03-26,17,17,0,12581,913,896,17,511.9
KarelHavlicek_,2021-03-26,5,2,3,36,278,179,99,8.8
kducsl,2021-03-26,19,2,17,67,1606,132,1474,4.2
Kuba_Martin,2021-03-26,4,4,0,7,727,727,0,85.3
makupka,2021-03-26,2,1,1,306,68,57,11,39
market_a,2021-03-26,9,7,2,6562,336,285,51,266.6
MartinBaxa2,2021-03-26,1,1,0,994,55,55,0,23
milionchvilek,2021-03-26,4,2,2,146,70,45,25,8.3
MJureka,2021-03-26,16,16,0,2087,574,483,91,74.4
ODScz,2021-03-26,32,10,22,1198,1286,416,870,46.2
P_Fiala,2021-03-26,9,6,3,2843,266,198,68,79.7
PiratIvanBartos,2021-03-26,1,1,0,5,243,226,17,103.3
PiratskaStrana,2021-03-26,6,2,4,53,649,283,366,23.8
RobertSlachta,2021-03-26,1,1,0,52,71,54,17,1.9
SpoluKoalice,2021-03-26,28,6,22,1595,847,100,747,18.6
STANcz,2021-03-26,4,0,4,0,295,85,210,4.4
TomasCzernin,2021-03-26,1,1,0,349,61,58,3,29.9
TomasZdechovsky,2021-03-26,13,7,6,604,2231,1596,635,93.3
tomio_cz,2021-03-26,15,15,0,304,367,367,0,17.1
TOP09cz,2021-03-26,17,1,16,87,1156,44,1112,6.2
vojtafilip,2021-03-26,1,1,0,33,34,34,0,2.4
volimtrikoloru,2021-03-26,1,1,0,30,47,45,2,1.7
vonpecka,2021-03-26,4,4,0,75,284,226,58,6.8
zeleni_cz,2021-03-26,2,2,0,36,319,136,183,2.6
alenaschillerov,2021-03-25,7,7,0,131,434,372,62,18.5
AndrejBabis,2021-03-25,13,4,9,665,1018,193,825,33.9
general_pavel,2021-03-25,2,2,0,234,64,64,0,34.3
Jan_Skopecek,2021-03-25,2,2,0,334,176,157,19,23.3
jana_cernochova,2021-03-25,8,8,0,52,204,192,12,7.9
JanLipavsky,2021-03-25,12,6,6,3019,601,116,485,17.8
jhamacek,2021-03-25,2,2,0,247,241,191,50,28.5
kalousekm,2021-03-25,20,20,0,6291,896,879,17,499.3
KarelHavlicek_,2021-03-25,3,1,2,39,273,177,96,8.8
kducsl,2021-03-25,19,1,18,12,1587,130,1457,4.1
market_a,2021-03-25,9,7,2,3300,327,278,49,260
MartinBaxa2,2021-03-25,1,1,0,1202,54,54,0,22
milionchvilek,2021-03-25,3,2,1,313,66,43,23,8.1
MJureka,2021-03-25,8,6,2,2444,558,467,91,72.3
ODScz,2021-03-25,20,4,16,532,1254,406,848,45
olgarichterova,2021-03-25,4,4,0,137,298,297,1,21
P_Fiala,2021-03-25,3,3,0,746,257,192,65,76.8
PiratIvanBartos,2021-03-25,7,7,0,3621,242,225,17,103.3
PiratskaStrana,2021-03-25,8,1,7,57,643,281,362,23.7
Pospisil_Jiri,2021-03-25,2,2,0,2247,192,161,31,32.8
SpoluKoalice,2021-03-25,11,1,10,214,819,94,725,17
STANcz,2021-03-25,3,1,2,49,291,85,206,4.4
TomasCzernin,2021-03-25,1,1,0,870,60,57,3,29.6
TomasZdechovsky,2021-03-25,26,17,9,638,2218,1589,629,92.7
TOP09cz,2021-03-25,11,0,11,0,1139,43,1096,6.1
VeslavM,2021-03-25,1,1,0,4,128,123,5,2.6
Vit_Rakusan,2021-03-25,1,0,1,0,72,61,11,40.9
vonpecka,2021-03-25,6,5,1,40,280,222,58,6.7
ZdenekHrib,2021-03-25,8,8,0,914,395,361,34,77.9
zeleni_cz,2021-03-25,3,1,2,29,317,134,183,2.6
alenaschillerov,2021-03-24,15,15,0,364,427,365,62,18.4
AndrejBabis,2021-03-24,19,5,14,686,1005,189,816,33.2
czKSCM,2021-03-24,1,1,0,8,46,13,33,0.2
honzabartosek,2021-03-24,2,2,0,6,138,138,0,10.8
Jan_Skopecek,2021-03-24,2,2,0,221,174,155,19,23
jana_cernochova,2021-03-24,3,3,0,30,196,184,12,7.9
JanLipavsky,2021-03-24,7,1,6,3,589,110,479,14.7
jhamacek,2021-03-24,9,7,2,417,239,189,50,28.2
kalousekm,2021-03-24,12,12,0,3286,876,859,17,493
KarelHavlicek_,2021-03-24,2,1,1,34,270,176,94,8.7
kducsl,2021-03-24,26,3,23,122,1568,129,1439,4.1
Kuba_Martin,2021-03-24,4,4,0,948,723,723,0,85.3
makupka,2021-03-24,2,1,1,212,66,56,10,38.7
market_a,2021-03-24,6,5,1,6391,318,271,47,256.7
MartinBaxa2,2021-03-24,2,2,0,102,53,53,0,20.8
metnarl,2021-03-24,1,0,1,0,24,20,4,1.9
milionchvilek,2021-03-24,4,3,1,267,63,41,22,7.8
MJureka,2021-03-24,7,6,1,820,550,461,89,69.9
ODScz,2021-03-24,18,8,10,3,1234,402,832,44.4
olgarichterova,2021-03-24,2,2,0,337,294,293,1,20.9
P_Fiala,2021-03-24,3,2,1,535,254,189,65,76.1
PiratIvanBartos,2021-03-24,6,6,0,1929,235,218,17,99.6
PiratskaStrana,2021-03-24,8,2,6,201,635,280,355,23.7
Pospisil_Jiri,2021-03-24,2,2,0,196,190,159,31,30.6
SpoluKoalice,2021-03-24,11,4,7,548,808,93,715,16.8
STANcz,2021-03-24,6,1,5,4,288,84,204,4.4
TomasZdechovsky,2021-03-24,28,20,8,776,2192,1572,620,92
tomio_cz,2021-03-24,7,7,0,549,352,352,0,16.8
TOP09cz,2021-03-24,14,0,14,0,1128,43,1085,6.1
VeslavM,2021-03-24,1,1,0,27,127,122,5,2.6
vonpecka,2021-03-24,6,6,0,168,274,217,57,6.7
ZdenekHrib,2021-03-24,1,1,0,19,387,353,34,77
zeleni_cz,2021-03-24,1,0,1,0,314,133,181,2.5
alenaschillerov,2021-03-23,4,4,0,218,412,350,62,18
AndrejBabis,2021-03-23,8,1,7,106,986,184,802,32.5
Jan_Skopecek,2021-03-23,2,2,0,873,172,153,19,22.7
jana_cernochova,2021-03-23,2,2,0,237,193,181,12,7.9
JanLipavsky,2021-03-23,3,0,3,0,582,109,473,14.7
jhamacek,2021-03-23,6,6,0,645,230,182,48,27.8
kalousekm,2021-03-23,13,13,0,6678,864,847,17,489.8
KarelHavlicek_,2021-03-23,4,3,1,190,268,175,93,8.7
kducsl,2021-03-23,14,2,12,35,1542,126,1416,4
Kuba_Martin,2021-03-23,7,7,0,2076,719,719,0,84.3
makupka,2021-03-23,1,1,0,263,64,55,9,38.4
market_a,2021-03-23,3,3,0,6272,312,266,46,250.4
MartinBaxa2,2021-03-23,1,1,0,56,51,51,0,20.7
milionchvilek,2021-03-23,7,4,3,261,59,38,21,7.5
MJureka,2021-03-23,1,1,0,216,543,455,88,69.1
ODScz,2021-03-23,21,6,15,798,1216,394,822,44.4
olgarichterova,2021-03-23,1,1,0,556,292,291,1,20.5
P_Fiala,2021-03-23,9,4,5,1333,251,187,64,75.5
PiratIvanBartos,2021-03-23,1,1,0,466,229,212,17,97.7
PiratskaStrana,2021-03-23,8,2,6,137,627,278,349,23.5
Pospisil_Jiri,2021-03-23,2,2,0,352,188,157,31,30.4
SpoluKoalice,2021-03-23,13,2,11,254,797,89,708,16.3
STANcz,2021-03-23,6,1,5,32,282,83,199,4.4
TomasCzernin,2021-03-23,4,4,0,1590,59,56,3,28.7
TomasZdechovsky,2021-03-23,36,25,11,582,2164,1552,612,91.3
tomio_cz,2021-03-23,5,5,0,112,345,345,0,16.2
TOP09cz,2021-03-23,21,0,21,0,1114,43,1071,6.1
VeslavM,2021-03-23,2,2,0,58,126,121,5,2.6
Vit_Rakusan,2021-03-23,1,1,0,239,71,61,10,40.9
vonpecka,2021-03-23,4,4,0,90,268,211,57,6.5
ZdenekHrib,2021-03-23,2,2,0,1557,386,352,34,76.9
zeleni_cz,2021-03-23,4,2,2,42,313,133,180,2.5
alenaschillerov,2021-03-22,16,16,0,463,408,346,62,17.8
AndrejBabis,2021-03-22,24,5,19,605,978,183,795,32.4
czKSCM,2021-03-22,1,0,1,0,45,12,33,0.1
general_pavel,2021-03-22,1,1,0,365,62,62,0,34.1
honzabartosek,2021-03-22,2,2,0,35,136,136,0,10.8
Jan_Skopecek,2021-03-22,4,4,0,1423,170,151,19,21.9
jana_cernochova,2021-03-22,1,1,0,52,191,179,12,7.6
JanLipavsky,2021-03-22,9,1,8,120,579,109,470,14.7
jhamacek,2021-03-22,4,4,0,121,224,176,48,27.2
kalousekm,2021-03-22,13,13,0,7638,851,834,17,483.1
KarelHavlicek_,2021-03-22,4,3,1,119,264,172,92,8.5
kducsl,2021-03-22,20,0,20,0,1528,124,1404,3.9
Kuba_Martin,2021-03-22,6,6,0,2913,712,712,0,82.2
makupka,2021-03-22,1,1,0,1058,63,54,9,38.2
market_a,2021-03-22,4,3,1,6077,309,263,46,244.1
milionchvilek,2021-03-22,12,9,3,3399,52,34,18,7.3
MJureka,2021-03-22,5,5,0,1177,542,454,88,68.9
ODScz,2021-03-22,14,1,13,27,1195,388,807,43.6
P_Fiala,2021-03-22,3,3,0,1076,242,183,59,74.2
PiratIvanBartos,2021-03-22,4,4,0,2116,228,211,17,97.3
PiratskaStrana,2021-03-22,8,2,6,526,619,276,343,23.4
Pospisil_Jiri,2021-03-22,6,5,1,1561,186,155,31,30
SpoluKoalice,2021-03-22,18,0,18,0,784,87,697,16
STANcz,2021-03-22,1,0,1,0,276,82,194,4.3
TomasCzernin,2021-03-22,2,2,0,837,55,52,3,27.1
TomasZdechovsky,2021-03-22,30,26,4,1828,2128,1527,601,90.7
tomio_cz,2021-03-22,3,3,0,225,340,340,0,16.1
TOP09cz,2021-03-22,29,3,26,159,1093,43,1050,6.1
Vit_Rakusan,2021-03-22,1,1,0,495,70,60,10,40.7
vojtafilip,2021-03-22,1,1,0,112,33,33,0,2.3
volimtrikoloru,2021-03-22,5,5,0,195,46,44,2,1.7
vonpecka,2021-03-22,7,6,1,359,264,207,57,6.4
ZdenekHrib,2021-03-22,6,5,1,973,384,350,34,75.4
zeleni_cz,2021-03-22,3,1,2,26,309,131,178,2.5
alenaschillerov,2021-03-21,2,0,2,0,392,330,62,17.3
AndrejBabis,2021-03-21,8,5,3,647,954,178,776,31.8
Jan_Skopecek,2021-03-21,4,4,0,1515,166,147,19,20.4
jana_cernochova,2021-03-21,1,1,0,152,190,178,12,7.6
JanLipavsky,2021-03-21,3,0,3,0,570,108,462,14.6
kalousekm,2021-03-21,21,21,0,5860,838,821,17,475.4
KarelHavlicek_,2021-03-21,1,0,1,0,260,169,91,8.4
kducsl,2021-03-21,4,0,4,0,1508,124,1384,3.9
market_a,2021-03-21,1,1,0,312,305,260,45,238
milionchvilek,2021-03-21,2,1,1,813,40,25,15,3.9
MJureka,2021-03-21,4,4,0,38,537,449,88,67.7
ODScz,2021-03-21,8,6,2,856,1181,387,794,43.6
olgarichterova,2021-03-21,1,1,0,128,291,290,1,20
P_Fiala,2021-03-21,1,0,1,0,239,180,59,73.1
PiratskaStrana,2021-03-21,2,0,2,0,611,274,337,22.8
Pospisil_Jiri,2021-03-21,1,1,0,31,180,150,30,28.5
RobertSlachta,2021-03-21,1,1,0,22,70,53,17,1.9
SpoluKoalice,2021-03-21,6,0,6,0,766,87,679,16
STANcz,2021-03-21,1,0,1,0,275,82,193,4.3
TomasZdechovsky,2021-03-21,10,8,2,744,2098,1501,597,88.8
tomio_cz,2021-03-21,8,8,0,385,337,337,0,15.9
TOP09cz,2021-03-21,1,0,1,0,1064,40,1024,5.9
VeslavM,2021-03-21,2,2,0,1,124,119,5,2.6
vojtafilip,2021-03-21,1,1,0,31,32,32,0,2.2
vonpecka,2021-03-21,3,2,1,52,257,201,56,6
ZdenekHrib,2021-03-21,2,0,2,0,378,345,33,74.4
zeleni_cz,2021-03-21,1,0,1,0,306,130,176,2.5
alenaschillerov,2021-03-20,2,1,1,32,390,330,60,17.3
general_pavel,2021-03-20,1,1,0,435,61,61,0,33.7
Jan_Skopecek,2021-03-20,3,3,0,1149,162,143,19,18.9
jana_cernochova,2021-03-20,3,3,0,22,189,177,12,7.4
JanLipavsky,2021-03-20,1,0,1,0,567,108,459,14.6
jhamacek,2021-03-20,1,1,0,47,220,172,48,27.1
kalousekm,2021-03-20,9,9,0,2609,817,800,17,469.6
kducsl,2021-03-20,11,0,11,0,1504,124,1380,3.9
Kuba_Martin,2021-03-20,15,15,0,1552,706,706,0,79.3
market_a,2021-03-20,2,1,1,82,304,259,45,237.7
metnarl,2021-03-20,1,1,0,26,23,20,3,1.9
milionchvilek,2021-03-20,2,0,2,0,38,24,14,3.1
MJureka,2021-03-20,3,2,1,910,533,445,88,67.6
ODScz,2021-03-20,4,0,4,0,1173,381,792,42.7
olgarichterova,2021-03-20,2,2,0,907,290,289,1,19.8
P_Fiala,2021-03-20,1,1,0,947,238,180,58,73.1
PiratIvanBartos,2021-03-20,2,2,0,4854,224,207,17,95.1
PiratskaStrana,2021-03-20,3,0,3,0,609,274,335,22.8
SpoluKoalice,2021-03-20,8,0,8,0,760,87,673,16
TomasZdechovsky,2021-03-20,16,14,2,1447,2088,1493,595,88.1
tomio_cz,2021-03-20,2,2,0,91,329,329,0,15.5
VeslavM,2021-03-20,3,2,1,126,122,117,5,2.6
vonpecka,2021-03-20,1,1,0,2,254,199,55,6
alenaschillerov,2021-03-19,4,3,1,91,388,329,59,17.3
AndrejBabis,2021-03-19,7,2,5,191,946,173,773,31.2
general_pavel,2021-03-19,1,1,0,310,60,60,0,33.3
honzabartosek,2021-03-19,1,1,0,177,134,134,0,10.8
Jan_Skopecek,2021-03-19,5,2,3,65,159,140,19,17.8
jana_cernochova,2021-03-19,2,2,0,72,186,174,12,7.4
JanLipavsky,2021-03-19,6,1,5,448,566,108,458,14.6
jhamacek,2021-03-19,4,3,1,336,219,171,48,27
kalousekm,2021-03-19,13,13,0,9054,808,791,17,467
KarelHavlicek_,2021-03-19,2,2,0,54,259,169,90,8.4
kducsl,2021-03-19,9,1,8,52,1493,124,1369,3.9
market_a,2021-03-19,2,2,0,2545,302,258,44,237.6
milionchvilek,2021-03-19,1,1,0,118,36,24,12,3.1
MJureka,2021-03-19,4,1,3,0,530,443,87,66.7
ODScz,2021-03-19,15,3,12,7,1169,381,788,42.7
olgarichterova,2021-03-19,1,1,0,23,288,287,1,18.9
P_Fiala,2021-03-19,7,7,0,3091,237,179,58,72.2
PiratIvanBartos,2021-03-19,2,2,0,533,222,205,17,90.3
PiratskaStrana,2021-03-19,3,1,2,145,606,274,332,22.8
Pospisil_Jiri,2021-03-19,1,1,0,84,179,149,30,28.5
SpoluKoalice,2021-03-19,3,0,3,0,752,87,665,16
STANcz,2021-03-19,1,0,1,0,274,82,192,4.3
TomasZdechovsky,2021-03-19,6,4,2,316,2072,1479,593,86.7
tomio_cz,2021-03-19,4,4,0,155,327,327,0,15.4
TOP09cz,2021-03-19,6,0,6,0,1063,40,1023,5.9
VeslavM,2021-03-19,1,1,0,22,119,115,4,2.4
vonpecka,2021-03-19,5,4,1,2,253,198,55,6
Zbynek_Stanjura,2021-03-19,1,1,0,1902,6,6,0,7.7
ZdenekHrib,2021-03-19,2,2,0,78,376,345,31,74.4
zeleni_cz,2021-03-19,3,1,2,22,305,130,175,2.5
alenaschillerov,2021-03-18,3,3,0,98,384,326,58,17.2
AndrejBabis,2021-03-18,12,2,10,131,939,171,768,31
honzabartosek,2021-03-18,4,4,0,288,133,133,0,10.6
Jan_Skopecek,2021-03-18,6,6,0,547,154,138,16,17.7
jana_cernochova,2021-03-18,15,15,0,364,184,172,12,7.3
JanLipavsky,2021-03-18,11,6,5,289,560,107,453,14.2
jhamacek,2021-03-18,4,3,1,961,215,168,47,26.7
kalousekm,2021-03-18,19,19,0,5877,795,778,17,457.9
KarelHavlicek_,2021-03-18,3,2,1,96,257,167,90,8.3
kducsl,2021-03-18,11,0,11,0,1484,123,1361,3.9
Kuba_Martin,2021-03-18,1,1,0,22,691,691,0,77.8
makupka,2021-03-18,1,1,0,262,62,53,9,37.1
market_a,2021-03-18,5,5,0,3478,300,256,44,235.1
milionchvilek,2021-03-18,5,3,2,203,35,23,12,3
MJureka,2021-03-18,13,11,2,478,526,442,84,66.7
ODScz,2021-03-18,16,4,12,8,1154,378,776,42.7
olgarichterova,2021-03-18,3,3,0,4732,287,286,1,18.9
P_Fiala,2021-03-18,3,3,0,581,230,172,58,69.1
PiratIvanBartos,2021-03-18,3,3,0,701,220,203,17,89.8
PiratskaStrana,2021-03-18,5,1,4,119,603,273,330,22.7
Pospisil_Jiri,2021-03-18,1,1,0,81,178,148,30,28.4
SpoluKoalice,2021-03-18,20,2,18,102,749,87,662,16
STANcz,2021-03-18,7,1,6,29,273,82,191,4.3
TomasZdechovsky,2021-03-18,25,21,4,764,2066,1475,591,86.3
tomio_cz,2021-03-18,5,5,0,129,323,323,0,15.3
TOP09cz,2021-03-18,19,1,18,65,1057,40,1017,5.9
VeslavM,2021-03-18,1,1,0,55,118,114,4,2.4
vonpecka,2021-03-18,3,3,0,70,248,194,54,6
ZdenekHrib,2021-03-18,4,4,0,3237,374,343,31,74.3
zeleni_cz,2021-03-18,4,1,3,19,302,129,173,2.4
alenaschillerov,2021-03-17,5,3,2,86,381,323,58,17.1
AndrejBabis,2021-03-17,10,1,9,92,927,169,758,30.9
czKSCM,2021-03-17,1,0,1,0,44,12,32,0.1
honzabartosek,2021-03-17,1,1,0,55,129,129,0,10.3
Jan_Skopecek,2021-03-17,4,4,0,328,148,132,16,17.2
jana_cernochova,2021-03-17,7,7,0,157,169,157,12,7
JanLipavsky,2021-03-17,7,1,6,1391,549,101,448,13.9
jhamacek,2021-03-17,6,5,1,61,211,165,46,25.7
kalousekm,2021-03-17,10,9,1,3697,776,759,17,452
KarelHavlicek_,2021-03-17,1,1,0,81,254,165,89,8.2
kducsl,2021-03-17,26,2,24,11,1473,123,1350,3.9
Kuba_Martin,2021-03-17,4,4,0,1,690,690,0,77.8
makupka,2021-03-17,2,2,0,751,61,52,9,36.9
market_a,2021-03-17,8,7,1,4960,295,251,44,231.6
metnarl,2021-03-17,1,1,0,113,22,19,3,1.9
milionchvilek,2021-03-17,2,1,1,142,30,20,10,2.8
MJureka,2021-03-17,13,12,1,1148,513,431,82,66.2
ODScz,2021-03-17,31,9,22,61,1138,374,764,42.7
olgarichterova,2021-03-17,1,1,0,1,284,283,1,14.2
P_Fiala,2021-03-17,5,4,1,2035,227,169,58,68.5
PiratIvanBartos,2021-03-17,9,9,0,2448,217,200,17,89
PiratskaStrana,2021-03-17,14,3,11,615,598,272,326,22.6
Pospisil_Jiri,2021-03-17,1,1,0,119,177,147,30,28.3
RobertSlachta,2021-03-17,1,1,0,40,69,52,17,1.9
SpoluKoalice,2021-03-17,24,3,21,146,729,85,644,15.9
STANcz,2021-03-17,10,6,4,115,266,81,185,4.3
TomasCzernin,2021-03-17,1,1,0,592,53,50,3,26.3
TomasZdechovsky,2021-03-17,20,14,6,877,2041,1454,587,85.6
tomio_cz,2021-03-17,1,1,0,133,318,318,0,15.1
TOP09cz,2021-03-17,15,1,14,84,1038,39,999,5.9
VeslavM,2021-03-17,6,6,0,166,117,113,4,2.4
Vit_Rakusan,2021-03-17,1,1,0,330,69,59,10,40.2
vojtafilip,2021-03-17,2,2,0,60,31,31,0,2.2
vonpecka,2021-03-17,3,3,0,114,245,191,54,5.9
ZdenekHrib,2021-03-17,1,1,0,50,370,339,31,71.1
zeleni_cz,2021-03-17,3,1,2,16,298,128,170,2.4
alenaschillerov,2021-03-16,5,5,0,86,376,320,56,17
AndrejBabis,2021-03-16,16,7,9,790,917,168,749,30.8
honzabartosek,2021-03-16,2,2,0,80,128,128,0,10.2
Jan_Skopecek,2021-03-16,1,1,0,38,144,128,16,16.8
JanLipavsky,2021-03-16,9,0,9,0,542,100,442,12.5
jhamacek,2021-03-16,1,1,0,191,205,160,45,25.7
kalousekm,2021-03-16,22,22,0,10690,766,750,16,448.3
KarelHavlicek_,2021-03-16,3,1,2,30,253,164,89,8.1
kducsl,2021-03-16,21,0,21,0,1447,121,1326,3.9
Kuba_Martin,2021-03-16,5,5,0,111,686,686,0,77.8
market_a,2021-03-16,2,2,0,933,287,244,43,226.6
milionchvilek,2021-03-16,2,1,1,74,28,19,9,2.6
MJureka,2021-03-16,3,3,0,382,500,419,81,65.1
ODScz,2021-03-16,14,8,6,0,1107,365,742,42.7
olgarichterova,2021-03-16,4,4,0,209,283,282,1,14.2
P_Fiala,2021-03-16,1,1,0,408,222,165,57,66.5
PiratIvanBartos,2021-03-16,2,2,0,1674,208,191,17,86.6
PiratskaStrana,2021-03-16,7,1,6,215,584,269,315,21.9
Pospisil_Jiri,2021-03-16,1,1,0,122,176,146,30,28.2
SpoluKoalice,2021-03-16,4,0,4,0,705,82,623,15.8
STANcz,2021-03-16,4,0,4,0,256,75,181,4.2
TomasZdechovsky,2021-03-16,31,16,15,373,2021,1440,581,84.7
tomio_cz,2021-03-16,1,1,0,137,317,317,0,15
TOP09cz,2021-03-16,8,0,8,0,1023,38,985,5.8
vonpecka,2021-03-16,4,3,1,153,242,188,54,5.8
ZdenekHrib,2021-03-16,5,5,0,349,369,338,31,71
zeleni_cz,2021-03-16,1,0,1,0,295,127,168,2.4
alenaschillerov,2021-03-15,5,5,0,374,371,315,56,16.9
AndrejBabis,2021-03-15,13,0,13,0,901,161,740,30
czKSCM,2021-03-15,2,2,0,13,43,12,31,0.1
Jan_Skopecek,2021-03-15,1,1,0,310,143,127,16,16.8
JanLipavsky,2021-03-15,3,0,3,0,533,100,433,12.5
jhamacek,2021-03-15,2,1,1,19,204,159,45,25.5
kalousekm,2021-03-15,21,21,0,5406,744,728,16,437.6
KarelHavlicek_,2021-03-15,4,4,0,166,250,163,87,8.1
kducsl,2021-03-15,13,0,13,0,1426,121,1305,3.9
Kuba_Martin,2021-03-15,2,2,0,1,681,681,0,77.7
makupka,2021-03-15,3,3,0,928,59,50,9,36.1
market_a,2021-03-15,5,5,0,3907,285,242,43,225.7
milionchvilek,2021-03-15,1,1,0,155,26,18,8,2.5
MJureka,2021-03-15,4,3,1,281,497,416,81,64.7
ODScz,2021-03-15,10,5,5,347,1093,357,736,42.7
olgarichterova,2021-03-15,1,1,0,3,279,278,1,14
P_Fiala,2021-03-15,3,1,2,491,221,164,57,66.1
PiratIvanBartos,2021-03-15,2,2,0,516,206,189,17,84.9
PiratskaStrana,2021-03-15,2,0,2,0,577,268,309,21.7
Pospisil_Jiri,2021-03-15,1,1,0,110,175,145,30,28
RobertSlachta,2021-03-15,2,2,0,97,68,51,17,1.8
SpoluKoalice,2021-03-15,9,0,9,0,701,82,619,15.8
STANcz,2021-03-15,5,3,2,27,252,75,177,4.2
TomasCzernin,2021-03-15,3,3,0,1119,52,49,3,25.7
TomasZdechovsky,2021-03-15,40,31,9,1366,1990,1424,566,84.3
tomio_cz,2021-03-15,2,2,0,33,316,316,0,14.9
TOP09cz,2021-03-15,15,1,14,1,1015,38,977,5.8
VeslavM,2021-03-15,3,3,0,9,111,107,4,2.2
Vit_Rakusan,2021-03-15,1,0,1,0,68,58,10,39.9
vonpecka,2021-03-15,5,2,3,139,238,185,53,5.7
ZdenekHrib,2021-03-15,10,10,0,3015,364,333,31,70.7
zeleni_cz,2021-03-15,2,0,2,0,294,127,167,2.4
alenaschillerov,2021-03-14,5,4,1,92,366,310,56,16.6
AndrejBabis,2021-03-14,3,1,2,420,888,161,727,30
honzabartosek,2021-03-14,1,1,0,46,126,126,0,10.2
Jan_Skopecek,2021-03-14,1,1,0,901,142,126,16,16.5
JanLipavsky,2021-03-14,5,0,5,0,530,100,430,12.5
kalousekm,2021-03-14,4,4,0,507,723,707,16,432.2
KarelHavlicek_,2021-03-14,2,1,1,60,246,159,87,7.9
kducsl,2021-03-14,4,0,4,0,1413,121,1292,3.9
Kuba_Martin,2021-03-14,1,1,0,81,679,679,0,77.6
market_a,2021-03-14,4,3,1,1496,280,237,43,221.8
milionchvilek,2021-03-14,1,0,1,0,25,17,8,2.4
MJureka,2021-03-14,2,2,0,191,493,413,80,64.4
ODScz,2021-03-14,21,12,9,1049,1083,352,731,42.3
P_Fiala,2021-03-14,3,2,1,724,218,163,55,65.6
PiratIvanBartos,2021-03-14,1,1,0,2492,204,187,17,84.4
PiratskaStrana,2021-03-14,4,2,2,387,575,268,307,21.7
RobertSlachta,2021-03-14,2,2,0,21,66,49,17,1.7
SpoluKoalice,2021-03-14,13,0,13,0,692,82,610,15.8
STANcz,2021-03-14,5,1,4,540,247,72,175,4.2
TomasCzernin,2021-03-14,1,1,0,503,49,46,3,24.6
TomasZdechovsky,2021-03-14,20,17,3,644,1950,1393,557,83
tomio_cz,2021-03-14,5,5,0,258,314,314,0,14.8
TOP09cz,2021-03-14,4,0,4,0,1000,37,963,5.8
VeslavM,2021-03-14,8,7,1,42,108,104,4,2.2
Vit_Rakusan,2021-03-14,1,1,0,776,67,58,9,39.9
zeleni_cz,2021-03-14,1,0,1,0,292,127,165,2.4
alenaschillerov,2021-03-13,2,0,2,0,361,306,55,16.5
AndrejBabis,2021-03-13,13,7,6,748,885,160,725,29.6
general_pavel,2021-03-13,1,1,0,1033,59,59,0,33
Jan_Skopecek,2021-03-13,2,2,0,222,141,125,16,15.6
jana_cernochova,2021-03-13,5,5,0,187,162,150,12,6.8
JanLipavsky,2021-03-13,2,0,2,0,525,100,425,12.5
jhamacek,2021-03-13,5,4,1,58,202,158,44,25.4
kalousekm,2021-03-13,26,26,0,5340,719,703,16,431.7
KarelHavlicek_,2021-03-13,4,2,2,169,244,158,86,7.9
kducsl,2021-03-13,9,0,9,0,1409,121,1288,3.9
Kuba_Martin,2021-03-13,3,3,0,3,678,678,0,77.6
MJureka,2021-03-13,5,5,0,483,491,411,80,64.2
ODScz,2021-03-13,6,0,6,0,1062,340,722,41.3
olgarichterova,2021-03-13,3,3,0,5,278,277,1,14
P_Fiala,2021-03-13,1,0,1,0,215,161,54,64.8
PiratskaStrana,2021-03-13,1,1,0,289,571,266,305,21.3
RobertSlachta,2021-03-13,1,1,0,67,64,47,17,1.7
SpoluKoalice,2021-03-13,9,1,8,68,679,82,597,15.8
STANcz,2021-03-13,2,0,2,0,242,71,171,3.6
TomasZdechovsky,2021-03-13,24,20,4,1445,1930,1376,554,82.3
tomio_cz,2021-03-13,3,3,0,574,309,309,0,14.6
TOP09cz,2021-03-13,5,0,5,0,996,37,959,5.8
VeslavM,2021-03-13,3,3,0,16,100,97,3,2.1
ZdenekHrib,2021-03-13,18,18,0,2287,354,323,31,67.7
alenaschillerov,2021-03-12,8,8,0,318,359,306,53,16.5
AndrejBabis,2021-03-12,11,4,7,732,872,153,719,28.8
czKSCM,2021-03-12,1,0,1,0,41,10,31,0.1
general_pavel,2021-03-12,3,3,0,3407,58,58,0,31.9
honzabartosek,2021-03-12,1,1,0,2,125,125,0,10.1
Jan_Skopecek,2021-03-12,2,2,0,284,139,123,16,15.4
jana_cernochova,2021-03-12,1,1,0,411,157,145,12,6.6
JanLipavsky,2021-03-12,11,4,7,305,523,100,423,12.5
jhamacek,2021-03-12,1,1,0,302,197,154,43,25.4
kalousekm,2021-03-12,8,8,0,4338,693,677,16,426.4
KarelHavlicek_,2021-03-12,5,4,1,280,240,156,84,7.7
kducsl,2021-03-12,27,3,24,51,1400,121,1279,3.9
Kuba_Martin,2021-03-12,8,8,0,1743,675,675,0,77.6
makupka,2021-03-12,1,1,0,1513,56,47,9,35.2
market_a,2021-03-12,2,2,0,775,276,234,42,220.3
metnarl,2021-03-12,1,1,0,143,21,18,3,1.7
milionchvilek,2021-03-12,3,1,2,161,24,17,7,2.4
MJureka,2021-03-12,10,10,0,680,486,406,80,63.8
ODScz,2021-03-12,13,6,7,1536,1056,340,716,41.3
olgarichterova,2021-03-12,3,3,0,172,275,274,1,14
P_Fiala,2021-03-12,3,2,1,946,214,161,53,64.8
PiratIvanBartos,2021-03-12,3,3,0,505,203,186,17,81.9
PiratskaStrana,2021-03-12,22,13,9,999,570,265,305,21.1
Pospisil_Jiri,2021-03-12,4,3,1,692,174,144,30,27.9
SpoluKoalice,2021-03-12,20,0,20,0,670,81,589,15.7
STANcz,2021-03-12,3,0,3,0,240,71,169,3.6
TomasCzernin,2021-03-12,1,1,0,178,48,45,3,24.1
TomasZdechovsky,2021-03-12,33,27,6,3595,1906,1356,550,80.9
tomio_cz,2021-03-12,4,4,0,477,306,306,0,14
TOP09cz,2021-03-12,13,2,11,827,991,37,954,5.8
VeslavM,2021-03-12,6,6,0,18,97,94,3,2.1
Vit_Rakusan,2021-03-12,3,3,0,479,66,57,9,39.1
vojtafilip,2021-03-12,1,1,0,119,29,29,0,2.1
volimtrikoloru,2021-03-12,1,1,0,66,41,39,2,1.5
vonpecka,2021-03-12,6,5,1,96,233,183,50,5.5
ZdenekHrib,2021-03-12,3,2,1,850,336,305,31,65.4
zeleni_cz,2021-03-12,2,1,1,67,291,127,164,2.4
alenaschillerov,2021-03-11,5,4,1,1238,351,298,53,16.1
AndrejBabis,2021-03-11,13,4,9,449,861,149,712,28.1
general_pavel,2021-03-11,1,1,0,321,55,55,0,28.5
honzabartosek,2021-03-11,3,3,0,290,124,124,0,10.1
Jan_Skopecek,2021-03-11,4,4,0,1039,137,121,16,15.1
JanLipavsky,2021-03-11,6,0,6,0,512,96,416,12.2
kalousekm,2021-03-11,7,7,0,2881,685,669,16,422.1
KarelHavlicek_,2021-03-11,2,2,0,53,235,152,83,7.4
kducsl,2021-03-11,19,0,19,0,1373,118,1255,3.8
Kuba_Martin,2021-03-11,3,3,0,650,667,667,0,75.8
makupka,2021-03-11,1,1,0,2,55,46,9,33.7
market_a,2021-03-11,3,3,0,3130,274,232,42,219.5
MJureka,2021-03-11,2,1,1,936,476,396,80,63.1
ODScz,2021-03-11,19,5,14,33,1043,334,709,39.7
olgarichterova,2021-03-11,3,3,0,4,272,271,1,13.8
P_Fiala,2021-03-11,3,3,0,2178,211,159,52,63.9
PiratskaStrana,2021-03-11,10,3,7,267,548,252,296,20.1
Pospisil_Jiri,2021-03-11,2,2,0,174,170,141,29,27.2
SpoluKoalice,2021-03-11,13,1,12,164,650,81,569,15.7
STANcz,2021-03-11,2,0,2,0,237,71,166,3.6
TomasZdechovsky,2021-03-11,38,26,12,684,1873,1329,544,77.3
tomio_cz,2021-03-11,2,2,0,88,302,302,0,13.5
TOP09cz,2021-03-11,10,0,10,0,978,35,943,5
VeslavM,2021-03-11,2,2,0,22,91,88,3,2.1
Vit_Rakusan,2021-03-11,1,0,1,0,63,54,9,38.6
vonpecka,2021-03-11,3,2,1,61,227,178,49,5.4
zeleni_cz,2021-03-11,2,1,1,17,289,126,163,2.3
alenaschillerov,2021-03-10,8,7,1,291,346,294,52,14.9
AndrejBabis,2021-03-10,15,5,10,1306,848,145,703,27.6
general_pavel,2021-03-10,2,2,0,1794,54,54,0,28.2
honzabartosek,2021-03-10,5,5,0,632,121,121,0,9.8
Jan_Skopecek,2021-03-10,1,1,0,148,133,117,16,14
JanLipavsky,2021-03-10,11,2,9,1756,506,96,410,12.2
jhamacek,2021-03-10,1,0,1,0,196,153,43,25.1
kalousekm,2021-03-10,3,3,0,6246,678,662,16,419.2
KarelHavlicek_,2021-03-10,6,3,3,126,233,150,83,7.4
kducsl,2021-03-10,38,4,34,115,1354,118,1236,3.8
Kuba_Martin,2021-03-10,4,4,0,7053,664,664,0,75.2
makupka,2021-03-10,2,1,1,1526,54,45,9,33.7
market_a,2021-03-10,5,5,0,9282,271,229,42,216.4
MartinBaxa2,2021-03-10,3,3,0,811,50,50,0,20.7
metnarl,2021-03-10,2,1,1,33,20,17,3,1.6
milionchvilek,2021-03-10,1,0,1,0,21,16,5,2.2
MJureka,2021-03-10,17,15,2,2669,474,395,79,62.1
ODScz,2021-03-10,35,11,24,1884,1024,329,695,39.7
olgarichterova,2021-03-10,6,6,0,218,269,268,1,13.8
P_Fiala,2021-03-10,10,4,6,3310,208,156,52,61.7
PiratIvanBartos,2021-03-10,1,1,0,3615,200,183,17,81.4
PiratskaStrana,2021-03-10,10,3,7,705,538,249,289,19.8
Pospisil_Jiri,2021-03-10,2,2,0,829,168,139,29,27.1
SpoluKoalice,2021-03-10,23,6,17,1130,637,80,557,15.5
STANcz,2021-03-10,8,3,5,122,235,71,164,3.6
TomasCzernin,2021-03-10,5,5,0,3816,47,44,3,23.9
TomasZdechovsky,2021-03-10,37,25,12,1347,1835,1303,532,76.6
tomio_cz,2021-03-10,9,9,0,342,300,300,0,13.4
TOP09cz,2021-03-10,22,1,21,82,968,35,933,5
VeslavM,2021-03-10,1,1,0,38,89,86,3,2.1
Vit_Rakusan,2021-03-10,2,1,1,1894,62,54,8,38.6
ZdenekHrib,2021-03-10,2,1,1,120,333,303,30,64.5
zeleni_cz,2021-03-10,6,2,4,104,287,125,162,2.3
alenaschillerov,2021-03-09,7,4,3,93,338,287,51,14.6
AndrejBabis,2021-03-09,16,8,8,1671,833,140,693,26.3
honzabartosek,2021-03-09,2,2,0,163,116,116,0,9.2
Jan_Skopecek,2021-03-09,9,9,0,352,132,116,16,13.9
jana_cernochova,2021-03-09,2,2,0,58,156,144,12,6.2
JanLipavsky,2021-03-09,6,0,6,0,495,94,401,10.4
jhamacek,2021-03-09,3,2,1,364,195,153,42,25.1
kalousekm,2021-03-09,12,12,0,3796,675,659,16,412.9
KarelHavlicek_,2021-03-09,5,3,2,140,227,147,80,7.3
kducsl,2021-03-09,27,6,21,270,1316,114,1202,3.7
Kuba_Martin,2021-03-09,4,4,0,379,660,660,0,68.1
market_a,2021-03-09,6,6,0,4427,266,224,42,207.1
MartinBaxa2,2021-03-09,1,1,0,186,47,47,0,19.9
MJureka,2021-03-09,3,2,1,26,457,380,77,59.5
ODScz,2021-03-09,23,7,16,1905,989,318,671,37.8
olgarichterova,2021-03-09,11,11,0,142,263,262,1,13.6
P_Fiala,2021-03-09,2,2,0,1708,198,152,46,58.4
PiratskaStrana,2021-03-09,7,0,7,0,528,246,282,19.1
Pospisil_Jiri,2021-03-09,2,2,0,221,166,137,29,26.2
RobertSlachta,2021-03-09,1,0,1,0,63,46,17,1.6
SpoluKoalice,2021-03-09,18,2,16,3,614,74,540,14.4
STANcz,2021-03-09,2,1,1,40,227,68,159,3.5
TomasCzernin,2021-03-09,1,1,0,214,42,39,3,20.1
TomasZdechovsky,2021-03-09,23,13,10,1161,1798,1278,520,75.2
tomio_cz,2021-03-09,6,6,0,146,291,291,0,13.1
TOP09cz,2021-03-09,19,0,19,0,946,34,912,4.9
vojtafilip,2021-03-09,1,1,0,107,28,28,0,2
volimtrikoloru,2021-03-09,2,2,0,50,40,38,2,1.4
vonpecka,2021-03-09,1,1,0,31,224,176,48,5.4
ZdenekHrib,2021-03-09,12,12,0,1424,331,302,29,64.4
zeleni_cz,2021-03-09,2,0,2,0,281,123,158,2.2
alenaschillerov,2021-03-08,7,7,0,364,331,283,48,14.5
AndrejBabis,2021-03-08,17,2,15,792,817,132,685,24.7
czKSCM,2021-03-08,1,0,1,0,40,10,30,0.1
general_pavel,2021-03-08,1,1,0,172,52,52,0,26.4
Jan_Skopecek,2021-03-08,2,2,0,211,123,107,16,13.5
JanLipavsky,2021-03-08,5,0,5,0,489,94,395,10.4
jhamacek,2021-03-08,2,2,0,398,192,151,41,24.7
kalousekm,2021-03-08,13,13,0,7181,663,647,16,409.1
KarelHavlicek_,2021-03-08,5,4,1,161,222,144,78,7.1
kducsl,2021-03-08,17,1,16,21,1289,108,1181,3.4
Kuba_Martin,2021-03-08,7,7,0,2362,656,656,0,67.7
makupka,2021-03-08,1,1,0,1373,52,44,8,32.1
market_a,2021-03-08,2,2,0,767,260,218,42,202.7
MJureka,2021-03-08,6,5,1,874,454,378,76,59.5
ODScz,2021-03-08,9,3,6,0,966,311,655,35.9
P_Fiala,2021-03-08,4,1,3,528,196,150,46,56.7
PiratIvanBartos,2021-03-08,5,5,0,1019,199,182,17,77.8
PiratskaStrana,2021-03-08,7,3,4,197,521,246,275,19.1
Pospisil_Jiri,2021-03-08,2,1,1,60,164,135,29,26
SpoluKoalice,2021-03-08,11,2,9,971,596,72,524,14.4
STANcz,2021-03-08,2,0,2,0,225,67,158,3.5
TomasCzernin,2021-03-08,2,0,2,0,41,38,3,19.9
TomasZdechovsky,2021-03-08,17,11,6,557,1775,1265,510,74.1
tomio_cz,2021-03-08,13,13,0,680,285,285,0,13
TOP09cz,2021-03-08,35,0,35,0,927,34,893,4.9
Vit_Rakusan,2021-03-08,1,0,1,0,60,53,7,36.7
vojtafilip,2021-03-08,1,1,0,82,27,27,0,1.9
vonpecka,2021-03-08,3,1,2,15,223,175,48,5.3
ZdenekHrib,2021-03-08,3,3,0,508,319,290,29,63
zeleni_cz,2021-03-08,5,0,5,0,279,123,156,2.2
alenaschillerov,2021-03-07,4,4,0,382,324,276,48,14.2
AndrejBabis,2021-03-07,8,2,6,490,800,130,670,23.9
czKSCM,2021-03-07,1,1,0,7,39,10,29,0.1
honzabartosek,2021-03-07,1,1,0,56,114,114,0,9
Jan_Skopecek,2021-03-07,1,1,0,100,121,105,16,13.3
JanLipavsky,2021-03-07,5,0,5,0,484,94,390,10.4
jhamacek,2021-03-07,4,2,2,1267,190,149,41,24.3
kalousekm,2021-03-07,14,14,0,13618,650,634,16,402
KarelHavlicek_,2021-03-07,3,2,1,100,217,140,77,7
kducsl,2021-03-07,21,7,14,312,1272,107,1165,3.4
Kuba_Martin,2021-03-07,6,6,0,12,649,649,0,65.4
market_a,2021-03-07,2,2,0,5132,258,216,42,201.9
MartinBaxa2,2021-03-07,1,1,0,2245,46,46,0,19.7
ODScz,2021-03-07,10,7,3,171,957,308,649,35.9
olgarichterova,2021-03-07,1,1,0,233,252,251,1,13.4
P_Fiala,2021-03-07,1,1,0,394,192,149,43,56.2
Pospisil_Jiri,2021-03-07,2,1,1,259,162,134,28,26
RobertSlachta,2021-03-07,1,1,0,20,62,46,16,1.6
SpoluKoalice,2021-03-07,8,0,8,0,585,70,515,13.4
TomasZdechovsky,2021-03-07,22,16,6,723,1758,1254,504,73.5
tomio_cz,2021-03-07,3,3,0,283,272,272,0,12.3
TOP09cz,2021-03-07,2,0,2,0,892,34,858,4.9
vojtafilip,2021-03-07,1,1,0,35,26,26,0,1.8
AndrejBabis,2021-03-06,2,1,1,144,792,128,664,23.4
general_pavel,2021-03-06,2,2,0,1208,51,51,0,26.3
jana_cernochova,2021-03-06,31,29,2,527,154,142,12,6.1
JanLipavsky,2021-03-06,1,0,1,0,479,94,385,10.4
jhamacek,2021-03-06,3,1,2,12,186,147,39,23.1
kalousekm,2021-03-06,3,3,0,67,636,620,16,388.3
kducsl,2021-03-06,15,0,15,0,1251,100,1151,3.1
Kuba_Martin,2021-03-06,12,12,0,378,643,643,0,65.4
metnarl,2021-03-06,1,1,0,43,18,16,2,1.6
MJureka,2021-03-06,5,5,0,454,448,373,75,58.6
ODScz,2021-03-06,8,3,5,9,947,301,646,35.7
P_Fiala,2021-03-06,4,4,0,1708,191,148,43,55.8
PiratskaStrana,2021-03-06,1,1,0,127,514,243,271,18.9
Pospisil_Jiri,2021-03-06,1,1,0,213,160,133,27,25.7
SpoluKoalice,2021-03-06,8,0,8,0,577,70,507,13.4
TomasZdechovsky,2021-03-06,19,15,4,928,1736,1238,498,72.8
tomio_cz,2021-03-06,3,3,0,267,269,269,0,12
VeslavM,2021-03-06,1,1,0,12,88,85,3,2
ZdenekHrib,2021-03-06,7,7,0,1226,316,287,29,62.5
zeleni_cz,2021-03-06,1,0,1,0,274,123,151,2.2
alenaschillerov,2021-03-05,5,4,1,78,320,272,48,13.8
AndrejBabis,2021-03-05,11,4,7,327,790,127,663,23.2
general_pavel,2021-03-05,3,3,0,2148,49,49,0,25
honzabartosek,2021-03-05,4,4,0,281,113,113,0,9
Jan_Skopecek,2021-03-05,1,1,0,137,120,104,16,13.2
JanLipavsky,2021-03-05,9,0,9,0,478,94,384,10.4
jhamacek,2021-03-05,2,1,1,114,183,146,37,23
kalousekm,2021-03-05,4,4,0,8491,633,617,16,388.3
KarelHavlicek_,2021-03-05,7,7,0,95,214,138,76,6.9
kducsl,2021-03-05,24,3,21,170,1236,100,1136,3.1
Kuba_Martin,2021-03-05,11,11,0,3582,631,631,0,65
market_a,2021-03-05,5,4,1,4451,256,214,42,196.8
MartinBaxa2,2021-03-05,1,1,0,181,45,45,0,17.4
MJureka,2021-03-05,11,10,1,539,443,368,75,58.1
ODScz,2021-03-05,9,0,9,0,939,298,641,35.7
olgarichterova,2021-03-05,4,4,0,239,251,250,1,13.2
P_Fiala,2021-03-05,4,0,4,0,187,144,43,54.1
PiratIvanBartos,2021-03-05,2,1,1,345,194,177,17,76.8
PiratskaStrana,2021-03-05,13,10,3,1023,513,242,271,18.8
Pospisil_Jiri,2021-03-05,1,1,0,113,159,132,27,25.5
SpoluKoalice,2021-03-05,9,1,8,170,569,70,499,13.4
STANcz,2021-03-05,7,1,6,104,223,67,156,3.5
TomasCzernin,2021-03-05,1,1,0,198,39,38,1,19.9
TomasZdechovsky,2021-03-05,30,18,12,1106,1717,1223,494,71.9
tomio_cz,2021-03-05,7,7,0,253,266,266,0,11.7
TOP09cz,2021-03-05,18,0,18,0,890,34,856,4.9
VeslavM,2021-03-05,10,10,0,6,87,84,3,2
Vit_Rakusan,2021-03-05,1,1,0,196,59,53,6,36.7
vonpecka,2021-03-05,2,2,0,255,220,174,46,5.3
ZdenekHrib,2021-03-05,1,1,0,84,309,280,29,61.3
zeleni_cz,2021-03-05,2,1,1,27,273,123,150,2.2
alenaschillerov,2021-03-04,7,7,0,127,315,268,47,13.7
AndrejBabis,2021-03-04,12,2,10,488,779,123,656,22.9
czKSCM,2021-03-04,1,0,1,0,38,9,29,0.1
general_pavel,2021-03-04,1,1,0,1200,46,46,0,22.9
honzabartosek,2021-03-04,1,1,0,51,109,109,0,8.7
Jan_Skopecek,2021-03-04,1,1,0,1268,119,103,16,13.1
JanLipavsky,2021-03-04,5,0,5,0,469,94,375,10.4
jhamacek,2021-03-04,2,1,1,147,181,145,36,22.9
kalousekm,2021-03-04,5,5,0,1252,629,613,16,379.8
KarelHavlicek_,2021-03-04,3,2,1,94,207,131,76,6.8
kducsl,2021-03-04,31,3,28,70,1212,97,1115,2.9
Kuba_Martin,2021-03-04,5,5,0,17,620,620,0,61.4
makupka,2021-03-04,1,1,0,1094,51,43,8,30.8
market_a,2021-03-04,6,5,1,5991,251,210,41,192.3
MartinBaxa2,2021-03-04,1,1,0,46,44,44,0,17.3
milionchvilek,2021-03-04,2,1,1,491,20,16,4,2.2
MJureka,2021-03-04,7,6,1,1152,432,358,74,57.6
ODScz,2021-03-04,21,8,13,14,930,298,632,35.7
olgarichterova,2021-03-04,8,8,0,647,247,246,1,13
P_Fiala,2021-03-04,8,8,0,2223,183,144,39,54.1
PavelSehnal64,2021-03-04,1,1,0,17,17,17,0,0.3
PiratIvanBartos,2021-03-04,7,7,0,3757,192,176,16,76.4
PiratskaStrana,2021-03-04,9,1,8,181,500,232,268,17.7
Pospisil_Jiri,2021-03-04,3,2,1,404,158,131,27,25.4
SpoluKoalice,2021-03-04,21,4,17,239,560,69,491,13.3
STANcz,2021-03-04,3,1,2,229,216,66,150,3.4
TomasZdechovsky,2021-03-04,32,19,13,1003,1687,1205,482,70.8
tomio_cz,2021-03-04,9,9,0,489,259,259,0,11.5
TOP09cz,2021-03-04,19,0,19,0,872,34,838,4.9
VeslavM,2021-03-04,2,2,0,12,77,74,3,2
volimtrikoloru,2021-03-04,7,7,0,581,38,36,2,1.4
vonpecka,2021-03-04,10,8,2,78,218,172,46,5.1
ZdenekHrib,2021-03-04,2,2,0,1092,308,279,29,61.2
zeleni_cz,2021-03-04,2,1,1,16,271,122,149,2.2
alenaschillerov,2021-03-03,6,6,0,108,308,261,47,13.6
AndrejBabis,2021-03-03,14,3,11,1447,767,121,646,22.4
general_pavel,2021-03-03,4,4,0,5696,45,45,0,21.7
honzabartosek,2021-03-03,10,10,0,176,108,108,0,8.6
jana_cernochova,2021-03-03,3,3,0,107,123,113,10,5.6
JanLipavsky,2021-03-03,15,4,11,153,464,94,370,10.4
jhamacek,2021-03-03,3,3,0,775,179,144,35,22.8
kalousekm,2021-03-03,15,15,0,10934,624,608,16,378.5
KarelHavlicek_,2021-03-03,5,2,3,162,204,129,75,6.7
kducsl,2021-03-03,25,3,22,10,1181,94,1087,2.9
Kuba_Martin,2021-03-03,7,7,0,63,615,615,0,61.4
makupka,2021-03-03,1,1,0,1999,50,42,8,29.7
market_a,2021-03-03,7,6,1,2999,245,205,40,186.3
MartinBaxa2,2021-03-03,2,2,0,2360,43,43,0,17.2
milionchvilek,2021-03-03,2,1,1,178,18,15,3,1.7
MJureka,2021-03-03,6,5,1,1792,425,352,73,56.4
ODScz,2021-03-03,25,11,14,19,909,290,619,35.7
olgarichterova,2021-03-03,6,6,0,45,239,238,1,12.3
P_Fiala,2021-03-03,4,3,1,1787,175,136,39,51.9
PiratskaStrana,2021-03-03,14,7,7,189,491,231,260,17.6
Pospisil_Jiri,2021-03-03,1,1,0,614,155,129,26,25
SpoluKoalice,2021-03-03,18,2,16,195,539,65,474,13
STANcz,2021-03-03,3,0,3,0,213,65,148,3.1
TomasCzernin,2021-03-03,1,1,0,97,38,37,1,19.7
TomasZdechovsky,2021-03-03,33,25,8,1454,1655,1186,469,69.8
tomio_cz,2021-03-03,6,6,0,69,250,250,0,11
TOP09cz,2021-03-03,24,1,23,11,853,34,819,4.9
Vit_Rakusan,2021-03-03,2,2,0,222,58,52,6,36.5
volimtrikoloru,2021-03-03,1,0,1,0,31,29,2,0.8
vonpecka,2021-03-03,5,5,0,26,208,164,44,5
ZdenekHrib,2021-03-03,3,2,1,228,306,277,29,60.1
zeleni_cz,2021-03-03,5,2,3,55,269,121,148,2.2
alenaschillerov,2021-03-02,10,8,2,159,302,255,47,13.5
AndrejBabis,2021-03-02,16,1,15,352,753,118,635,21
honzabartosek,2021-03-02,5,5,0,205,98,98,0,8.5
Jan_Skopecek,2021-03-02,4,3,1,1008,118,102,16,11.8
jana_cernochova,2021-03-02,4,4,0,234,120,110,10,5.5
JanLipavsky,2021-03-02,6,1,5,579,449,90,359,10.3
jhamacek,2021-03-02,3,1,2,197,176,141,35,22
kalousekm,2021-03-02,17,16,1,9019,609,593,16,367.6
KarelHavlicek_,2021-03-02,1,1,0,200,199,127,72,6.5
kducsl,2021-03-02,27,6,21,281,1156,91,1065,2.9
Kuba_Martin,2021-03-02,6,6,0,26,608,608,0,61.3
makupka,2021-03-02,2,2,0,866,49,41,8,27.7
market_a,2021-03-02,5,5,0,2821,238,199,39,183.3
MartinBaxa2,2021-03-02,2,2,0,680,41,41,0,14.8
metnarl,2021-03-02,1,1,0,40,17,15,2,1.5
milionchvilek,2021-03-02,1,1,0,158,16,14,2,1.6
MJureka,2021-03-02,10,10,0,1477,419,347,72,54.6
ODScz,2021-03-02,14,0,14,0,884,279,605,35.7
olgarichterova,2021-03-02,6,6,0,625,233,232,1,12.3
P_Fiala,2021-03-02,3,2,1,463,171,133,38,50.1
PavelSehnal64,2021-03-02,1,1,0,213,16,16,0,0.2
PiratIvanBartos,2021-03-02,2,2,0,18,185,169,16,72.7
PiratskaStrana,2021-03-02,40,36,4,449,477,224,253,17.4
Pospisil_Jiri,2021-03-02,5,5,0,690,154,128,26,24.4
SpoluKoalice,2021-03-02,25,0,25,0,521,63,458,12.8
STANcz,2021-03-02,4,0,4,0,210,65,145,3.1
TomasCzernin,2021-03-02,2,2,0,1051,37,36,1,19.6
TomasZdechovsky,2021-03-02,67,50,17,1425,1622,1161,461,68.3
tomio_cz,2021-03-02,12,12,0,404,244,244,0,10.9
TOP09cz,2021-03-02,14,1,13,9,829,33,796,4.9
Vit_Rakusan,2021-03-02,2,2,0,427,56,50,6,36.3
vonpecka,2021-03-02,6,6,0,156,203,159,44,4.9
ZdenekHrib,2021-03-02,5,5,0,704,303,275,28,59.9
zeleni_cz,2021-03-02,1,1,0,34,264,119,145,2.1
alenaschillerov,2021-03-01,6,6,0,175,292,247,45,13.3
AndrejBabis,2021-03-01,19,5,14,528,737,117,620,20.6
honzabartosek,2021-03-01,8,8,0,246,93,93,0,8.2
Jan_Skopecek,2021-03-01,3,3,0,390,114,99,15,10.8
jana_cernochova,2021-03-01,5,5,0,879,116,106,10,5.3
JanLipavsky,2021-03-01,2,0,2,0,443,89,354,9.7
jhamacek,2021-03-01,5,3,2,250,173,140,33,21.8
kalousekm,2021-03-01,12,11,1,4847,592,577,15,358.6
KarelHavlicek_,2021-03-01,2,1,1,162,198,126,72,6.3
kducsl,2021-03-01,25,2,23,36,1129,85,1044,2.6
Kuba_Martin,2021-03-01,11,11,0,8,602,602,0,61.3
makupka,2021-03-01,2,1,1,3374,47,39,8,26.8
market_a,2021-03-01,2,2,0,5655,233,194,39,180.5
MartinBaxa2,2021-03-01,1,1,0,426,39,39,0,14.2
MJureka,2021-03-01,10,10,0,858,409,337,72,53.2
ODScz,2021-03-01,21,9,12,94,870,279,591,35.7
olgarichterova,2021-03-01,6,6,0,173,227,226,1,11.6
P_Fiala,2021-03-01,2,2,0,2587,168,131,37,49.6
PiratIvanBartos,2021-03-01,13,12,1,1534,183,167,16,72.7
PiratskaStrana,2021-03-01,6,1,5,199,437,188,249,16.9
Pospisil_Jiri,2021-03-01,1,1,0,247,149,123,26,23.7
SpoluKoalice,2021-03-01,15,1,14,136,496,63,433,12.8
STANcz,2021-03-01,3,1,2,28,206,65,141,3.1
TomasCzernin,2021-03-01,1,1,0,97,35,34,1,18.5
TomasZdechovsky,2021-03-01,33,22,11,1260,1555,1111,444,66.9
tomio_cz,2021-03-01,1,1,0,11,232,232,0,10.5
TOP09cz,2021-03-01,2,0,2,0,815,32,783,4.9
Vit_Rakusan,2021-03-01,4,3,1,528,54,48,6,35.9
vonpecka,2021-03-01,4,3,1,33,197,153,44,4.8
ZdenekHrib,2021-03-01,2,2,0,3,298,270,28,59.2
zeleni_cz,2021-03-01,2,2,0,83,263,118,145,2.1
alenaschillerov,2021-02-28,6,4,2,85,286,241,45,13.1
AndrejBabis,2021-02-28,6,3,3,790,718,112,606,20.1
honzabartosek,2021-02-28,1,1,0,31,85,85,0,8
Jan_Skopecek,2021-02-28,2,2,0,104,111,96,15,10.4
jhamacek,2021-02-28,4,3,1,178,168,137,31,21.6
kalousekm,2021-02-28,15,15,0,20451,580,566,14,353.7
kducsl,2021-02-28,18,3,15,49,1104,83,1021,2.5
Kuba_Martin,2021-02-28,1,1,0,537,591,591,0,61.3
makupka,2021-02-28,1,0,1,0,45,38,7,23.4
market_a,2021-02-28,3,3,0,1916,231,192,39,174.9
MJureka,2021-02-28,6,6,0,1060,399,327,72,52.3
ODScz,2021-02-28,25,20,5,2061,849,270,579,35.6
olgarichterova,2021-02-28,2,2,0,61,221,220,1,11.5
PiratskaStrana,2021-02-28,1,1,0,77,431,187,244,16.7
Pospisil_Jiri,2021-02-28,4,4,0,1179,148,122,26,23.4
RobertSlachta,2021-02-28,3,3,0,237,61,45,16,1.6
SpoluKoalice,2021-02-28,13,0,13,0,481,62,419,12.7
STANcz,2021-02-28,2,0,2,0,203,64,139,3.1
TomasCzernin,2021-02-28,1,1,0,254,34,33,1,18.4
TomasZdechovsky,2021-02-28,23,16,7,5965,1522,1089,433,65.6
tomio_cz,2021-02-28,2,2,0,89,231,231,0,10.5
TOP09cz,2021-02-28,12,1,11,286,813,32,781,4.9
vonpecka,2021-02-28,2,0,2,0,193,150,43,4.8
ZdenekHrib,2021-02-28,6,6,0,201,296,268,28,59.2
zeleni_cz,2021-02-28,2,0,2,0,261,116,145,2
alenaschillerov,2021-02-27,3,3,0,151,280,237,43,13
AndrejBabis,2021-02-27,12,3,9,302,712,109,603,19.3
czKSCM,2021-02-27,1,1,0,9,37,9,28,0.1
honzabartosek,2021-02-27,2,2,0,438,84,84,0,8
Jan_Skopecek,2021-02-27,9,9,0,531,109,94,15,10.3
jana_cernochova,2021-02-27,20,20,0,81,111,101,10,4.4
JanLipavsky,2021-02-27,8,1,7,14,441,89,352,9.7
jhamacek,2021-02-27,3,2,1,937,164,134,30,21.4
kalousekm,2021-02-27,11,11,0,8966,565,551,14,333.3
KarelHavlicek_,2021-02-27,2,2,0,231,196,125,71,6.1
kducsl,2021-02-27,15,0,15,0,1086,80,1006,2.5
Kuba_Martin,2021-02-27,1,1,0,810,590,590,0,60.8
market_a,2021-02-27,3,3,0,1598,228,189,39,172.9
MartinBaxa2,2021-02-27,1,1,0,567,38,38,0,13.7
MJureka,2021-02-27,7,7,0,650,393,321,72,51.2
ODScz,2021-02-27,9,0,9,0,824,250,574,33.5
olgarichterova,2021-02-27,4,4,0,297,219,218,1,11.4
P_Fiala,2021-02-27,3,3,0,2098,166,129,37,47
PiratskaStrana,2021-02-27,3,2,1,196,430,186,244,16.6
SpoluKoalice,2021-02-27,10,0,10,0,468,62,406,12.7
STANcz,2021-02-27,2,1,1,23,201,64,137,3.1
TomasZdechovsky,2021-02-27,17,11,6,1328,1499,1073,426,59.7
tomio_cz,2021-02-27,8,8,0,361,229,229,0,10.4
TOP09cz,2021-02-27,10,0,10,0,801,31,770,4.6
VeslavM,2021-02-27,1,1,0,15,75,72,3,2
vonpecka,2021-02-27,1,1,0,8,191,150,41,4.8
ZdenekHrib,2021-02-27,5,4,1,1465,290,262,28,59
zeleni_cz,2021-02-27,1,0,1,0,259,116,143,2
alenaschillerov,2021-02-26,8,8,0,219,277,234,43,12.9
AndrejBabis,2021-02-26,13,1,12,209,700,106,594,19
czKSCM,2021-02-26,1,0,1,0,36,8,28,0.1
general_pavel,2021-02-26,1,1,0,200,41,41,0,16
honzabartosek,2021-02-26,7,7,0,651,82,82,0,7.5
Jan_Skopecek,2021-02-26,6,5,1,526,100,85,15,9.8
jana_cernochova,2021-02-26,5,4,1,73,91,81,10,4.3
JanLipavsky,2021-02-26,7,0,7,0,433,88,345,9.7
jhamacek,2021-02-26,3,1,2,621,161,132,29,20.4
kalousekm,2021-02-26,6,6,0,7883,554,540,14,324.3
KarelHavlicek_,2021-02-26,5,4,1,138,194,123,71,5.9
kducsl,2021-02-26,34,5,29,488,1071,80,991,2.5
Kuba_Martin,2021-02-26,1,1,0,0,589,589,0,59.9
makupka,2021-02-26,1,1,0,2498,44,38,6,23.4
market_a,2021-02-26,7,5,2,4441,225,186,39,171.3
metnarl,2021-02-26,1,0,1,0,16,14,2,1.5
MJureka,2021-02-26,21,20,1,4860,386,314,72,50.6
ODScz,2021-02-26,33,13,20,26,815,250,565,33.5
olgarichterova,2021-02-26,2,2,0,52,215,214,1,11.1
P_Fiala,2021-02-26,7,7,0,2444,163,126,37,44.9
PiratIvanBartos,2021-02-26,13,13,0,4225,170,155,15,71.1
PiratskaStrana,2021-02-26,11,1,10,85,427,184,243,16.4
Pospisil_Jiri,2021-02-26,2,2,0,729,144,118,26,22.2
RobertSlachta,2021-02-26,1,1,0,61,58,42,16,1.4
SpoluKoalice,2021-02-26,29,1,28,148,458,62,396,12.7
STANcz,2021-02-26,2,0,2,0,199,63,136,3.1
TomasZdechovsky,2021-02-26,15,10,5,3369,1482,1062,420,58.3
tomio_cz,2021-02-26,3,3,0,123,221,221,0,10
TOP09cz,2021-02-26,21,1,20,1031,791,31,760,4.6
Vit_Rakusan,2021-02-26,2,2,0,3679,50,45,5,35.3
Zbynek_Stanjura,2021-02-26,1,1,0,2312,5,5,0,5.8
ZdenekHrib,2021-02-26,3,3,0,1193,285,258,27,57.5
zeleni_cz,2021-02-26,1,0,1,0,258,116,142,2
alenaschillerov,2021-02-25,4,4,0,73,269,226,43,12.7
AndrejBabis,2021-02-25,13,3,10,704,687,105,582,18.8
general_pavel,2021-02-25,1,1,0,205,40,40,0,15.8
honzabartosek,2021-02-25,5,5,0,100,75,75,0,6.9
Jan_Skopecek,2021-02-25,3,3,0,224,94,80,14,9.3
jhamacek,2021-02-25,2,1,1,74,158,131,27,19.8
kalousekm,2021-02-25,4,4,0,3725,548,534,14,316.4
KarelHavlicek_,2021-02-25,4,3,1,147,189,119,70,5.8
kducsl,2021-02-25,26,7,19,144,1037,75,962,2
Kuba_Martin,2021-02-25,1,1,0,0,588,588,0,59.9
makupka,2021-02-25,1,0,1,0,43,37,6,20.9
market_a,2021-02-25,3,3,0,6856,218,181,37,166.9
metnarl,2021-02-25,1,1,0,113,15,14,1,1.5
MJureka,2021-02-25,10,9,1,2071,365,294,71,45.7
ODScz,2021-02-25,27,14,13,561,782,237,545,33.5
olgarichterova,2021-02-25,8,8,0,55,213,212,1,11.1
P_Fiala,2021-02-25,3,3,0,1433,156,119,37,42.5
PavelSehnal64,2021-02-25,3,3,0,9,15,15,0,0
PiratskaStrana,2021-02-25,6,2,4,191,416,183,233,16.4
Pospisil_Jiri,2021-02-25,2,1,1,289,142,116,26,21.5
RobertSlachta,2021-02-25,1,1,0,42,57,41,16,1.3
SpoluKoalice,2021-02-25,16,1,15,523,429,61,368,12.5
STANcz,2021-02-25,1,1,0,19,197,63,134,3.1
TomasZdechovsky,2021-02-25,22,15,7,962,1467,1052,415,55
tomio_cz,2021-02-25,2,2,0,120,218,218,0,9.9
TOP09cz,2021-02-25,10,0,10,0,770,30,740,3.6
vonpecka,2021-02-25,8,8,0,252,190,149,41,4.8
ZdenekHrib,2021-02-25,1,1,0,34,282,255,27,56.3
zeleni_cz,2021-02-25,3,2,1,16,257,116,141,2
alenaschillerov,2021-02-24,5,5,0,135,265,222,43,12.6
AndrejBabis,2021-02-24,12,0,12,0,674,102,572,18.1
Jan_Skopecek,2021-02-24,1,1,0,228,91,77,14,9
jana_cernochova,2021-02-24,1,1,0,308,86,77,9,4.2
JanLipavsky,2021-02-24,5,0,5,0,426,88,338,9.7
jhamacek,2021-02-24,1,1,0,231,156,130,26,19.8
kalousekm,2021-02-24,18,18,0,4967,544,530,14,312.7
KarelHavlicek_,2021-02-24,3,2,1,284,185,116,69,5.6
kducsl,2021-02-24,23,2,21,38,1011,68,943,1.9
Kuba_Martin,2021-02-24,23,23,0,2125,587,587,0,59.9
makupka,2021-02-24,1,1,0,915,42,37,5,20.9
market_a,2021-02-24,2,1,1,1541,215,178,37,160.1
milionchvilek,2021-02-24,1,1,0,223,15,13,2,1.4
MJureka,2021-02-24,12,10,2,1777,355,285,70,43.7
ODScz,2021-02-24,22,10,12,540,755,223,532,33
P_Fiala,2021-02-24,5,4,1,1360,153,116,37,41
PavelSehnal64,2021-02-24,1,1,0,3,12,12,0,0
PiratIvanBartos,2021-02-24,5,5,0,629,157,142,15,66.9
PiratskaStrana,2021-02-24,6,2,4,111,410,181,229,16.2
Pospisil_Jiri,2021-02-24,1,1,0,99,140,115,25,21.2
SpoluKoalice,2021-02-24,18,0,18,0,413,60,353,12
STANcz,2021-02-24,3,2,1,65,196,62,134,3.1
TomasCzernin,2021-02-24,1,1,0,334,33,32,1,18.2
TomasZdechovsky,2021-02-24,32,18,14,1067,1445,1037,408,54
tomio_cz,2021-02-24,5,5,0,49,216,216,0,9.8
TOP09cz,2021-02-24,14,1,13,96,760,30,730,3.6
VeslavM,2021-02-24,1,1,0,4,74,71,3,2
Vit_Rakusan,2021-02-24,2,2,0,432,48,43,5,31.7
ZdenekHrib,2021-02-24,2,1,1,1618,281,254,27,56.3
zeleni_cz,2021-02-24,1,0,1,0,254,114,140,2
alenaschillerov,2021-02-23,14,13,1,168,260,217,43,12.5
AndrejBabis,2021-02-23,17,6,11,394,662,102,560,18.1
general_pavel,2021-02-23,1,1,0,694,39,39,0,15.6
honzabartosek,2021-02-23,1,1,0,89,70,70,0,6.8
jana_cernochova,2021-02-23,7,7,0,110,85,76,9,3.9
JanLipavsky,2021-02-23,3,0,3,0,421,88,333,9.7
jhamacek,2021-02-23,2,1,1,2235,155,129,26,19.5
kalousekm,2021-02-23,5,5,0,7879,526,512,14,307.7
KarelHavlicek_,2021-02-23,3,3,0,104,182,114,68,5.3
kducsl,2021-02-23,26,3,23,107,988,66,922,1.8
Kuba_Martin,2021-02-23,6,6,0,420,564,564,0,57.8
makupka,2021-02-23,1,1,0,1419,41,36,5,20
market_a,2021-02-23,5,5,0,2583,213,177,36,158.5
MartinBaxa2,2021-02-23,1,1,0,245,37,37,0,13.2
MJureka,2021-02-23,6,6,0,437,343,275,68,41.9
ODScz,2021-02-23,29,17,12,1036,733,213,520,32.4
P_Fiala,2021-02-23,4,4,0,532,148,112,36,39.7
PiratIvanBartos,2021-02-23,1,1,0,226,152,137,15,66.3
PiratskaStrana,2021-02-23,7,0,7,0,404,179,225,16.1
Pospisil_Jiri,2021-02-23,1,1,0,487,139,114,25,21.1
RobertSlachta,2021-02-23,3,3,0,77,56,40,16,1.3
SpoluKoalice,2021-02-23,17,3,14,244,395,60,335,12
STANcz,2021-02-23,2,2,0,38,193,60,133,3
TomasZdechovsky,2021-02-23,42,29,13,1082,1413,1019,394,52.9
tomio_cz,2021-02-23,3,3,0,229,211,211,0,9.8
TOP09cz,2021-02-23,20,1,19,43,746,29,717,3.5
VeslavM,2021-02-23,4,4,0,62,73,70,3,2
ZdenekHrib,2021-02-23,1,0,1,0,279,253,26,54.6
zeleni_cz,2021-02-23,2,0,2,0,253,114,139,2
alenaschillerov,2021-02-22,1,1,0,17,246,204,42,12.3
AndrejBabis,2021-02-22,12,1,11,521,645,96,549,17.7
czKSCM,2021-02-22,1,0,1,0,35,8,27,0.1
honzabartosek,2021-02-22,1,1,0,28,69,69,0,6.7
Jan_Skopecek,2021-02-22,1,1,0,60,90,76,14,8.8
jana_cernochova,2021-02-22,5,5,0,21,78,69,9,3.8
JanLipavsky,2021-02-22,3,2,1,43,418,88,330,9.7
jhamacek,2021-02-22,6,3,3,593,153,128,25,17.3
kalousekm,2021-02-22,3,3,0,464,521,507,14,299.9
KarelHavlicek_,2021-02-22,4,2,2,86,179,111,68,5.2
kducsl,2021-02-22,26,1,25,34,962,63,899,1.7
Kuba_Martin,2021-02-22,3,3,0,60,558,558,0,57.4
market_a,2021-02-22,3,3,0,3139,208,172,36,155.9
MartinBaxa2,2021-02-22,1,1,0,220,36,36,0,12.9
metnarl,2021-02-22,1,1,0,58,14,13,1,1.4
MJureka,2021-02-22,8,8,0,1212,337,269,68,41.5
ODScz,2021-02-22,20,12,8,37,704,196,508,31.4
olgarichterova,2021-02-22,6,6,0,730,205,204,1,11
P_Fiala,2021-02-22,2,2,0,1603,144,108,36,39.1
PiratskaStrana,2021-02-22,7,3,4,154,397,179,218,16.1
Pospisil_Jiri,2021-02-22,3,3,0,416,138,113,25,20.6
SpoluKoalice,2021-02-22,15,0,15,0,378,57,321,11.8
STANcz,2021-02-22,1,1,0,14,191,58,133,2.9
TomasZdechovsky,2021-02-22,41,35,6,2343,1371,990,381,51.9
tomio_cz,2021-02-22,3,3,0,144,208,208,0,9.5
TOP09cz,2021-02-22,11,0,11,0,726,28,698,3.4
VeslavM,2021-02-22,4,4,0,40,69,66,3,1.9
vojtafilip,2021-02-22,1,1,0,71,25,25,0,1.8
vonpecka,2021-02-22,2,2,0,38,182,141,41,4.5
ZdenekHrib,2021-02-22,3,0,3,0,278,253,25,54.6
zeleni_cz,2021-02-22,3,1,2,30,251,114,137,2
alenaschillerov,2021-02-21,2,1,1,47,245,203,42,12.3
AndrejBabis,2021-02-21,4,1,3,147,633,95,538,17.2
czKSCM,2021-02-21,1,1,0,3,34,8,26,0.1
Jan_Skopecek,2021-02-21,1,1,0,340,89,75,14,8.8
JanLipavsky,2021-02-21,11,3,8,139,415,86,329,9.6
kalousekm,2021-02-21,11,11,0,4725,518,504,14,299.4
KarelHavlicek_,2021-02-21,1,0,1,0,175,109,66,5.2
kducsl,2021-02-21,23,7,16,127,936,62,874,1.7
Kuba_Martin,2021-02-21,3,3,0,1144,555,555,0,57.3
market_a,2021-02-21,2,1,1,1824,205,169,36,152.8
MJureka,2021-02-21,7,7,0,864,329,261,68,40.2
ODScz,2021-02-21,18,12,6,289,684,184,500,31.3
P_Fiala,2021-02-21,1,1,0,244,142,106,36,37.5
PavelSehnal64,2021-02-21,2,2,0,6,11,11,0,0
Pospisil_Jiri,2021-02-21,2,2,0,2242,135,110,25,20.2
RobertSlachta,2021-02-21,1,1,0,16,53,37,16,1.2
SpoluKoalice,2021-02-21,10,0,10,0,363,57,306,11.8
STANcz,2021-02-21,1,0,1,0,190,57,133,2.9
TomasZdechovsky,2021-02-21,21,18,3,741,1330,955,375,49.5
TOP09cz,2021-02-21,6,0,6,0,715,28,687,3.4
VeslavM,2021-02-21,4,3,1,5,65,62,3,1.9
vojtafilip,2021-02-21,2,2,0,108,24,24,0,1.7
vonpecka,2021-02-21,1,1,0,1,180,139,41,4.5
zeleni_cz,2021-02-21,3,1,2,58,248,113,135,2
alenaschillerov,2021-02-20,5,3,2,884,243,202,41,12.2
AndrejBabis,2021-02-20,6,1,5,191,629,94,535,17
general_pavel,2021-02-20,2,2,0,1008,38,38,0,14.9
JanLipavsky,2021-02-20,7,4,3,308,404,83,321,9.5
jhamacek,2021-02-20,6,6,0,703,147,125,22,16.7
kalousekm,2021-02-20,3,3,0,2913,507,493,14,294.7
KarelHavlicek_,2021-02-20,2,1,1,55,174,109,65,5.2
kducsl,2021-02-20,7,0,7,0,913,55,858,1.6
Kuba_Martin,2021-02-20,20,20,0,508,552,552,0,56.2
makupka,2021-02-20,1,1,0,586,40,35,5,18.6
market_a,2021-02-20,4,3,1,3006,203,168,35,151
MartinBaxa2,2021-02-20,1,1,0,329,35,35,0,12.7
MJureka,2021-02-20,3,3,0,588,322,254,68,39.4
ODScz,2021-02-20,8,2,6,0,666,172,494,31.1
olgarichterova,2021-02-20,9,9,0,24,199,198,1,10.3
P_Fiala,2021-02-20,1,1,0,216,141,105,36,37.3
PiratskaStrana,2021-02-20,1,1,0,72,390,176,214,15.9
Pospisil_Jiri,2021-02-20,1,0,1,0,133,108,25,18
SpoluKoalice,2021-02-20,10,0,10,0,353,57,296,11.8
STANcz,2021-02-20,4,1,3,11,189,57,132,2.9
TomasZdechovsky,2021-02-20,11,6,5,2565,1309,937,372,48.8
tomio_cz,2021-02-20,6,6,0,161,205,205,0,9.4
TOP09cz,2021-02-20,3,0,3,0,709,28,681,3.4
VeslavM,2021-02-20,2,2,0,13,61,59,2,1.9
vonpecka,2021-02-20,4,4,0,4,179,138,41,4.5
zeleni_cz,2021-02-20,1,1,0,76,245,112,133,1.9
alenaschillerov,2021-02-19,3,2,1,59,238,199,39,11.4
AndrejBabis,2021-02-19,4,0,4,0,623,93,530,16.8
honzabartosek,2021-02-19,4,4,0,39,68,68,0,6.7
jana_cernochova,2021-02-19,1,1,0,3,73,64,9,3.8
JanLipavsky,2021-02-19,8,3,5,352,397,79,318,9.2
jhamacek,2021-02-19,4,4,0,387,141,119,22,16
kalousekm,2021-02-19,10,10,0,2423,504,490,14,291.8
KarelHavlicek_,2021-02-19,5,3,2,169,172,108,64,5.1
kducsl,2021-02-19,15,0,15,0,906,55,851,1.6
Kuba_Martin,2021-02-19,10,10,0,109,532,532,0,55.7
market_a,2021-02-19,4,3,1,708,199,165,34,148
MartinBaxa2,2021-02-19,3,3,0,914,34,34,0,12.4
MJureka,2021-02-19,4,2,2,43,319,251,68,38.8
ODScz,2021-02-19,11,2,9,3,658,170,488,31.1
olgarichterova,2021-02-19,2,2,0,245,190,189,1,10.2
P_Fiala,2021-02-19,1,1,0,706,140,104,36,37.1
PiratIvanBartos,2021-02-19,1,1,0,417,151,136,15,66
PiratskaStrana,2021-02-19,15,14,1,640,389,175,214,15.8
Pospisil_Jiri,2021-02-19,1,1,0,249,132,108,24,18
SpoluKoalice,2021-02-19,8,1,7,146,343,57,286,11.8
STANcz,2021-02-19,1,1,0,29,185,56,129,2.9
TomasCzernin,2021-02-19,1,1,0,967,32,31,1,17.8
TomasZdechovsky,2021-02-19,25,20,5,1086,1298,931,367,46.2
TOP09cz,2021-02-19,34,2,32,103,706,28,678,3.4
vonpecka,2021-02-19,9,6,3,54,175,134,41,4.5
ZdenekHrib,2021-02-19,14,14,0,4736,275,253,22,54.6
alenaschillerov,2021-02-18,9,8,1,417,235,197,38,11.3
AndrejBabis,2021-02-18,19,0,19,0,619,93,526,16.8
czKSCM,2021-02-18,4,0,4,0,33,7,26,0.1
honzabartosek,2021-02-18,4,4,0,131,64,64,0,6.6
Jan_Skopecek,2021-02-18,3,3,0,666,88,74,14,8.4
JanLipavsky,2021-02-18,10,3,7,295,389,76,313,8.8
jhamacek,2021-02-18,5,5,0,366,137,115,22,15.6
kalousekm,2021-02-18,21,20,1,9148,494,480,14,289.3
KarelHavlicek_,2021-02-18,2,2,0,78,167,105,62,4.9
kducsl,2021-02-18,43,3,40,81,891,55,836,1.6
Kuba_Martin,2021-02-18,29,29,0,101,522,522,0,55.6
makupka,2021-02-18,2,2,0,251,39,34,5,18
market_a,2021-02-18,7,6,1,5546,195,162,33,147.3
MartinBaxa2,2021-02-18,1,1,0,797,31,31,0,11.5
metnarl,2021-02-18,1,1,0,48,13,12,1,1.3
MJureka,2021-02-18,8,7,1,1986,315,249,66,38.7
ODScz,2021-02-18,28,14,14,62,647,168,479,31.1
olgarichterova,2021-02-18,2,2,0,151,188,187,1,10
P_Fiala,2021-02-18,9,5,4,1442,139,103,36,36.4
PavelSehnal64,2021-02-18,2,2,0,2,9,9,0,0
PiratIvanBartos,2021-02-18,12,11,1,1336,150,135,15,65.6
PiratskaStrana,2021-02-18,16,1,15,61,374,161,213,15.2
Pospisil_Jiri,2021-02-18,3,3,0,402,131,107,24,17.7
RobertSlachta,2021-02-18,5,5,0,230,52,36,16,1.2
SpoluKoalice,2021-02-18,24,2,22,431,335,56,279,11.6
STANcz,2021-02-18,4,3,1,57,184,55,129,2.9
TomasCzernin,2021-02-18,1,1,0,127,31,30,1,16.9
TomasZdechovsky,2021-02-18,20,10,10,466,1273,911,362,45.1
tomio_cz,2021-02-18,8,8,0,210,199,199,0,9.2
TOP09cz,2021-02-18,23,0,23,0,672,26,646,3.3
VeslavM,2021-02-18,1,1,0,4,59,57,2,1.9
vojtafilip,2021-02-18,1,1,0,82,22,22,0,1.6
volimtrikoloru,2021-02-18,2,2,0,130,30,29,1,0.8
vonpecka,2021-02-18,3,2,1,18,166,128,38,4.4
ZdenekHrib,2021-02-18,2,0,2,0,261,239,22,49.9
zeleni_cz,2021-02-18,4,1,3,28,244,111,133,1.8
alenaschillerov,2021-02-17,4,3,1,100,226,189,37,10.9
AndrejBabis,2021-02-17,11,0,11,0,600,93,507,16.8
general_pavel,2021-02-17,1,1,0,269,36,36,0,13.9
honzabartosek,2021-02-17,2,2,0,184,60,60,0,6.5
Jan_Skopecek,2021-02-17,2,2,0,68,85,71,14,7.7
JanLipavsky,2021-02-17,13,2,11,30,379,73,306,8.6
jhamacek,2021-02-17,2,2,0,19,132,110,22,15.2
kalousekm,2021-02-17,6,6,0,6420,473,460,13,280.2
KarelHavlicek_,2021-02-17,7,3,4,109,165,103,62,4.8
kducsl,2021-02-17,15,1,14,13,848,52,796,1.5
Kuba_Martin,2021-02-17,23,23,0,812,493,493,0,55.5
makupka,2021-02-17,1,1,0,106,37,32,5,17.8
market_a,2021-02-17,6,5,1,3286,188,156,32,141.7
metnarl,2021-02-17,1,1,0,71,12,11,1,1.3
MJureka,2021-02-17,8,7,1,1690,307,242,65,36.8
ODScz,2021-02-17,24,8,16,31,619,154,465,31
olgarichterova,2021-02-17,1,1,0,79,186,185,1,9.8
P_Fiala,2021-02-17,10,6,4,339,130,98,32,34.9
PiratIvanBartos,2021-02-17,5,4,1,746,138,124,14,64.3
PiratskaStrana,2021-02-17,12,3,9,69,358,160,198,15.1
Pospisil_Jiri,2021-02-17,1,1,0,125,128,104,24,17.3
RobertSlachta,2021-02-17,1,1,0,4,47,31,16,1
SpoluKoalice,2021-02-17,16,0,16,0,311,54,257,11.2
STANcz,2021-02-17,3,1,2,27,180,52,128,2.8
TomasCzernin,2021-02-17,1,1,0,268,30,29,1,16.7
TomasZdechovsky,2021-02-17,23,14,9,661,1253,901,352,44.7
tomio_cz,2021-02-17,7,7,0,151,191,191,0,9
TOP09cz,2021-02-17,14,0,14,0,649,26,623,3.3
VeslavM,2021-02-17,2,2,0,7,58,56,2,1.9
volimtrikoloru,2021-02-17,6,6,0,96,28,27,1,0.7
vonpecka,2021-02-17,5,3,2,93,163,126,37,4.4
ZdenekHrib,2021-02-17,2,0,2,0,259,239,20,49.9
alenaschillerov,2021-02-16,6,6,0,261,222,186,36,10.8
AndrejBabis,2021-02-16,11,1,10,286,589,93,496,16.8
Jan_Skopecek,2021-02-16,1,1,0,292,83,69,14,7.7
jana_cernochova,2021-02-16,3,3,0,427,72,63,9,3.8
JanLipavsky,2021-02-16,21,9,12,2286,366,71,295,8.5
jhamacek,2021-02-16,5,5,0,250,130,108,22,15.2
kalousekm,2021-02-16,14,14,0,8910,467,454,13,273.8
KarelHavlicek_,2021-02-16,5,4,1,335,158,100,58,4.7
kducsl,2021-02-16,20,0,20,0,833,51,782,1.5
Kuba_Martin,2021-02-16,26,26,0,131,470,470,0,54.7
makupka,2021-02-16,1,0,1,0,36,31,5,17.7
market_a,2021-02-16,6,4,2,2274,182,151,31,138.4
MJureka,2021-02-16,8,4,4,617,299,235,64,35.1
ODScz,2021-02-16,24,13,11,2865,595,146,449,31
P_Fiala,2021-02-16,11,5,6,1019,120,92,28,34.6
PavelSehnal64,2021-02-16,4,4,0,9,7,7,0,0
PiratIvanBartos,2021-02-16,9,9,0,2938,133,120,13,63.5
PiratskaStrana,2021-02-16,11,1,10,365,346,157,189,15.1
Pospisil_Jiri,2021-02-16,3,3,0,219,127,103,24,17.2
SpoluKoalice,2021-02-16,23,2,21,351,295,54,241,11.2
STANcz,2021-02-16,5,3,2,227,177,51,126,2.8
TomasZdechovsky,2021-02-16,21,17,4,1209,1230,887,343,44
tomio_cz,2021-02-16,3,3,0,43,184,184,0,8.9
TOP09cz,2021-02-16,21,1,20,3,635,26,609,3.3
Vit_Rakusan,2021-02-16,1,1,0,1958,46,41,5,31.2
volimtrikoloru,2021-02-16,9,9,0,121,22,21,1,0.6
vonpecka,2021-02-16,2,2,0,23,158,123,35,4.3
ZdenekHrib,2021-02-16,17,17,0,2430,257,239,18,49.9
zeleni_cz,2021-02-16,6,1,5,155,240,110,130,1.8
alenaschillerov,2021-02-15,10,9,1,389,216,180,36,10.5
AndrejBabis,2021-02-15,14,1,13,399,578,92,486,16.5
czKSCM,2021-02-15,1,0,1,0,29,7,22,0.1
honzabartosek,2021-02-15,1,1,0,3,58,58,0,6.3
Jan_Skopecek,2021-02-15,3,3,0,568,82,68,14,7.4
JanLipavsky,2021-02-15,6,1,5,35,345,62,283,6.2
jhamacek,2021-02-15,3,3,0,488,125,103,22,15
KarelHavlicek_,2021-02-15,4,4,0,91,153,96,57,4.4
kducsl,2021-02-15,7,0,7,0,813,51,762,1.5
Kuba_Martin,2021-02-15,17,17,0,132,444,444,0,54.5
market_a,2021-02-15,5,4,1,6025,176,147,29,136.1
MJureka,2021-02-15,5,2,3,648,291,231,60,34.5
ODScz,2021-02-15,7,3,4,1077,571,133,438,28.1
olgarichterova,2021-02-15,8,8,0,243,185,184,1,9.8
P_Fiala,2021-02-15,2,0,2,0,109,87,22,33.6
PavelSehnal64,2021-02-15,1,1,0,2,3,3,0,0
PiratIvanBartos,2021-02-15,1,1,0,1126,124,111,13,60.6
PiratskaStrana,2021-02-15,4,1,3,530,335,156,179,14.7
Pospisil_Jiri,2021-02-15,3,3,0,362,124,100,24,17
RobertSlachta,2021-02-15,1,0,1,0,46,30,16,1
SpoluKoalice,2021-02-15,7,1,6,197,272,52,220,10.8
STANcz,2021-02-15,1,0,1,0,172,48,124,2.6
TomasZdechovsky,2021-02-15,15,10,5,437,1209,870,339,42.8
tomio_cz,2021-02-15,4,4,0,189,181,181,0,8.8
TOP09cz,2021-02-15,9,0,9,0,614,25,589,3.3
VeslavM,2021-02-15,1,0,1,0,56,54,2,1.9
vojtafilip,2021-02-15,1,1,0,53,21,21,0,1.5
volimtrikoloru,2021-02-15,2,1,1,31,13,12,1,0.5
vonpecka,2021-02-15,1,1,0,51,156,121,35,4.3
ZdenekHrib,2021-02-15,2,2,0,95,240,222,18,47.5
zeleni_cz,2021-02-15,2,0,2,0,234,109,125,1.6
alenaschillerov,2021-02-14,3,2,1,398,206,171,35,10.1
AndrejBabis,2021-02-14,12,2,10,470,564,91,473,16.1
general_pavel,2021-02-14,3,3,0,338,35,35,0,13.6
JanLipavsky,2021-02-14,17,0,17,0,339,61,278,6.2
jhamacek,2021-02-14,15,13,2,942,122,100,22,14.5
kalousekm,2021-02-14,22,22,0,20134,453,440,13,264.9
KarelHavlicek_,2021-02-14,1,0,1,0,149,92,57,4.3
kducsl,2021-02-14,38,2,36,265,806,51,755,1.5
Kuba_Martin,2021-02-14,72,72,0,2759,427,427,0,54.4
market_a,2021-02-14,3,2,1,3023,171,143,28,130.1
MartinBaxa2,2021-02-14,2,2,0,625,30,30,0,10.7
MJureka,2021-02-14,23,13,10,2578,286,229,57,33.8
ODScz,2021-02-14,23,5,18,394,564,130,434,27
olgarichterova,2021-02-14,2,2,0,50,177,176,1,9.5
P_Fiala,2021-02-14,6,6,0,744,107,87,20,33.6
PiratIvanBartos,2021-02-14,2,2,0,2000,123,110,13,59.5
PiratskaStrana,2021-02-14,12,3,9,1276,331,155,176,14.2
Pospisil_Jiri,2021-02-14,3,1,2,115,121,97,24,16.6
RobertSlachta,2021-02-14,2,2,0,80,45,30,15,1
SpoluKoalice,2021-02-14,33,12,21,2723,265,51,214,10.7
STANcz,2021-02-14,4,2,2,568,171,48,123,2.6
TomasZdechovsky,2021-02-14,31,19,12,1784,1194,860,334,42.3
tomio_cz,2021-02-14,5,5,0,337,177,177,0,8.6
TOP09cz,2021-02-14,10,1,9,68,605,25,580,3.3
VeslavM,2021-02-14,6,6,0,14,55,54,1,1.9
Vit_Rakusan,2021-02-14,2,2,0,4539,45,40,5,29.3
vojtafilip,2021-02-14,2,2,0,187,20,20,0,1.5
vonpecka,2021-02-14,1,1,0,129,155,120,35,4.2
ZdenekHrib,2021-02-14,5,4,1,4157,238,220,18,47.4
AndrejBabis,2021-02-13,4,3,1,558,552,89,463,15.7
honzabartosek,2021-02-13,2,2,0,139,57,57,0,6.3
Jan_Skopecek,2021-02-13,1,1,0,375,79,65,14,6.8
jana_cernochova,2021-02-13,12,12,0,320,69,60,9,3.4
JanLipavsky,2021-02-13,9,1,8,14,322,61,261,6.2
jhamacek,2021-02-13,4,4,0,61,107,87,20,13.5
kalousekm,2021-02-13,5,4,1,5118,431,418,13,244.7
kducsl,2021-02-13,21,0,21,0,768,49,719,1.2
Kuba_Martin,2021-02-13,8,8,0,921,355,355,0,51.6
makupka,2021-02-13,1,0,1,0,35,31,4,17.7
market_a,2021-02-13,7,6,1,6240,168,141,27,127.1
MartinBaxa2,2021-02-13,1,1,0,1177,28,28,0,10
milionchvilek,2021-02-13,3,3,0,209,14,12,2,1.2
MJureka,2021-02-13,7,6,1,1064,263,216,47,31.2
ODScz,2021-02-13,4,0,4,0,541,125,416,26.6
P_Fiala,2021-02-13,1,0,1,0,101,81,20,32.8
PiratskaStrana,2021-02-13,2,0,2,0,319,152,167,12.9
SpoluKoalice,2021-02-13,12,0,12,0,232,39,193,7.9
STANcz,2021-02-13,1,0,1,0,167,46,121,2
TomasZdechovsky,2021-02-13,23,18,5,1465,1163,841,322,40.6
tomio_cz,2021-02-13,8,8,0,286,172,172,0,8.3
TOP09cz,2021-02-13,7,0,7,0,595,24,571,3.2
VeslavM,2021-02-13,6,6,0,1113,49,48,1,1.9
vonpecka,2021-02-13,2,2,0,48,154,119,35,4.1
ZdenekHrib,2021-02-13,3,3,0,3490,233,216,17,43.2
alenaschillerov,2021-02-12,8,5,3,488,203,169,34,9.7
AndrejBabis,2021-02-12,9,2,7,209,548,86,462,15.1
general_pavel,2021-02-12,5,5,0,366,32,32,0,13.3
jana_cernochova,2021-02-12,1,1,0,234,57,48,9,3.1
JanLipavsky,2021-02-12,24,3,21,35,313,60,253,6.2
jhamacek,2021-02-12,9,9,0,972,103,83,20,13.5
kalousekm,2021-02-12,13,13,0,11080,426,414,12,239.6
KarelHavlicek_,2021-02-12,1,1,0,52,148,92,56,4.3
kducsl,2021-02-12,16,3,13,36,747,49,698,1.2
Kuba_Martin,2021-02-12,12,12,0,75,347,347,0,50.7
makupka,2021-02-12,1,1,0,785,34,31,3,17.7
market_a,2021-02-12,3,3,0,1772,161,135,26,120.9
metnarl,2021-02-12,2,2,0,441,11,10,1,1.2
milionchvilek,2021-02-12,1,1,0,112,11,9,2,1
MJureka,2021-02-12,14,12,2,2241,256,210,46,30.2
ODScz,2021-02-12,25,13,12,32,537,125,412,26.6
P_Fiala,2021-02-12,5,4,1,821,100,81,19,32.8
PiratskaStrana,2021-02-12,11,5,6,1091,317,152,165,12.9
Pospisil_Jiri,2021-02-12,1,1,0,48,118,96,22,16.5
SpoluKoalice,2021-02-12,12,3,9,582,220,39,181,7.9
STANcz,2021-02-12,4,3,1,37,166,46,120,2
TomasZdechovsky,2021-02-12,26,20,6,1907,1140,823,317,39.1
tomio_cz,2021-02-12,7,7,0,248,164,164,0,8
TOP09cz,2021-02-12,15,2,13,535,588,24,564,3.2
Vit_Rakusan,2021-02-12,1,1,0,669,43,38,5,24.7
vonpecka,2021-02-12,4,4,0,871,152,117,35,4
ZdenekHrib,2021-02-12,4,4,0,7869,230,213,17,39.7
zeleni_cz,2021-02-12,4,1,3,20,232,109,123,1.6
alenaschillerov,2021-02-11,7,6,1,687,195,164,31,9.2
AndrejBabis,2021-02-11,10,1,9,1004,539,84,455,14.9
general_pavel,2021-02-11,4,4,0,1363,27,27,0,12.9
Jan_Skopecek,2021-02-11,2,2,0,160,78,64,14,6.4
JanLipavsky,2021-02-11,19,2,17,26,289,57,232,6.2
jhamacek,2021-02-11,7,5,2,1519,94,74,20,12.5
kalousekm,2021-02-11,19,19,0,22073,413,401,12,228.5
KarelHavlicek_,2021-02-11,2,2,0,89,147,91,56,4.3
kducsl,2021-02-11,28,2,26,68,731,46,685,1.2
Kuba_Martin,2021-02-11,32,32,0,2256,335,335,0,50.6
market_a,2021-02-11,14,12,2,10424,158,132,26,119.1
MartinBaxa2,2021-02-11,1,1,0,387,27,27,0,8.9
MJureka,2021-02-11,12,10,2,1715,242,198,44,27.9
ODScz,2021-02-11,21,6,15,4149,512,112,400,26.6
olgarichterova,2021-02-11,6,6,0,446,175,174,1,9.5
P_Fiala,2021-02-11,2,2,0,2512,95,77,18,32
PiratIvanBartos,2021-02-11,7,7,0,2501,121,108,13,57.5
PiratskaStrana,2021-02-11,16,5,11,300,306,147,159,11.8
Pospisil_Jiri,2021-02-11,2,2,0,433,117,95,22,16.5
RobertSlachta,2021-02-11,3,3,0,158,43,28,15,0.9
SpoluKoalice,2021-02-11,22,3,19,1046,208,36,172,7.3
STANcz,2021-02-11,4,1,3,103,162,43,119,2
TomasCzernin,2021-02-11,2,2,0,1062,29,28,1,16.5
TomasZdechovsky,2021-02-11,30,19,11,1182,1114,803,311,37.2
tomio_cz,2021-02-11,2,2,0,74,157,157,0,7.8
TOP09cz,2021-02-11,30,1,29,143,573,22,551,2.7
VeslavM,2021-02-11,4,4,0,55,43,42,1,0.7
volimtrikoloru,2021-02-11,1,1,0,60,11,11,0,0.4
vonpecka,2021-02-11,3,3,0,106,148,113,35,3.2
ZdenekHrib,2021-02-11,5,4,1,1260,226,209,17,31.9
zeleni_cz,2021-02-11,2,1,1,18,228,108,120,1.6
alenaschillerov,2021-02-10,4,3,1,100,188,158,30,8.6
AndrejBabis,2021-02-10,9,3,6,265,529,83,446,13.9
czKSCM,2021-02-10,1,0,1,0,28,7,21,0.1
general_pavel,2021-02-10,1,1,0,58,23,23,0,11.6
honzabartosek,2021-02-10,1,1,0,67,55,55,0,6.2
Jan_Skopecek,2021-02-10,1,0,1,0,76,62,14,6.3
JanLipavsky,2021-02-10,14,7,7,602,270,55,215,6.1
jhamacek,2021-02-10,4,3,1,395,87,69,18,11
kalousekm,2021-02-10,10,9,1,8654,394,382,12,206.4
KarelHavlicek_,2021-02-10,2,1,1,24,145,89,56,4.2
kducsl,2021-02-10,39,1,38,28,703,44,659,1.1
makupka,2021-02-10,1,1,0,1570,33,30,3,16.9
market_a,2021-02-10,7,6,1,9205,144,120,24,108.7
MartinBaxa2,2021-02-10,1,1,0,350,26,26,0,8.5
milionchvilek,2021-02-10,1,1,0,35,10,8,2,0.8
MJureka,2021-02-10,11,9,2,3708,230,188,42,26.2
ODScz,2021-02-10,30,16,14,953,491,106,385,22.4
olgarichterova,2021-02-10,4,4,0,38,169,168,1,9
P_Fiala,2021-02-10,7,7,0,3154,93,75,18,29.5
PiratIvanBartos,2021-02-10,8,7,1,7650,114,101,13,55
PiratskaStrana,2021-02-10,13,1,12,125,290,142,148,11.5
Pospisil_Jiri,2021-02-10,3,3,0,902,115,93,22,16
SpoluKoalice,2021-02-10,22,3,19,667,186,33,153,6.3
STANcz,2021-02-10,6,1,5,9,158,42,116,1.9
TomasCzernin,2021-02-10,2,1,1,1394,27,26,1,15.4
TomasZdechovsky,2021-02-10,31,17,14,993,1084,784,300,36
tomio_cz,2021-02-10,3,3,0,31,155,155,0,7.7
TOP09cz,2021-02-10,21,1,20,97,543,21,522,2.6
Vit_Rakusan,2021-02-10,1,1,0,898,42,37,5,24.1
vojtafilip,2021-02-10,2,2,0,168,18,18,0,1.3
vonpecka,2021-02-10,2,2,0,1,145,110,35,3.1
ZdenekHrib,2021-02-10,16,15,1,736,221,205,16,30.6
alenaschillerov,2021-02-09,8,7,1,2309,184,155,29,8.5
AndrejBabis,2021-02-09,10,0,10,0,520,80,440,13.6
czKSCM,2021-02-09,1,1,0,14,27,7,20,0.1
honzabartosek,2021-02-09,2,2,0,233,54,54,0,6.1
Jan_Skopecek,2021-02-09,1,1,0,54,75,62,13,6.3
JanLipavsky,2021-02-09,12,3,9,357,256,48,208,5.5
jhamacek,2021-02-09,5,5,0,103,83,66,17,10.6
kalousekm,2021-02-09,2,2,0,87,384,373,11,197.8
KarelHavlicek_,2021-02-09,7,7,0,235,143,88,55,4.1
kducsl,2021-02-09,14,0,14,0,664,43,621,1.1
Kuba_Martin,2021-02-09,7,7,0,100,303,303,0,48.4
market_a,2021-02-09,3,3,0,959,137,114,23,99.5
MartinBaxa2,2021-02-09,1,1,0,207,25,25,0,8.1
MJureka,2021-02-09,7,7,0,581,219,179,40,22.5
ODScz,2021-02-09,14,3,11,6,461,90,371,21.5
olgarichterova,2021-02-09,2,2,0,65,165,164,1,9
P_Fiala,2021-02-09,1,1,0,357,86,68,18,26.3
PiratIvanBartos,2021-02-09,2,2,0,685,106,94,12,47.3
PiratskaStrana,2021-02-09,10,4,6,430,277,141,136,11.4
Pospisil_Jiri,2021-02-09,5,4,1,443,112,90,22,15.1
RobertSlachta,2021-02-09,1,1,0,78,40,25,15,0.7
SpoluKoalice,2021-02-09,14,5,9,412,164,30,134,5.6
STANcz,2021-02-09,14,6,8,145,152,41,111,1.9
TomasZdechovsky,2021-02-09,17,11,6,553,1053,767,286,35
tomio_cz,2021-02-09,8,8,0,256,152,152,0,7.7
TOP09cz,2021-02-09,18,1,17,49,522,20,502,2.5
Vit_Rakusan,2021-02-09,2,2,0,881,41,36,5,23.2
volimtrikoloru,2021-02-09,3,3,0,55,10,10,0,0.4
vonpecka,2021-02-09,6,1,5,1,143,108,35,3.1
ZdenekHrib,2021-02-09,3,3,0,3749,205,190,15,29.9
zeleni_cz,2021-02-09,4,1,3,30,226,107,119,1.6
alenaschillerov,2021-02-08,7,7,0,261,176,148,28,6.1
AndrejBabis,2021-02-08,19,1,18,202,510,80,430,13.6
general_pavel,2021-02-08,1,1,0,272,22,22,0,11.5
honzabartosek,2021-02-08,1,1,0,4,52,52,0,5.9
Jan_Skopecek,2021-02-08,1,1,0,67,74,61,13,6.2
jana_cernochova,2021-02-08,1,1,0,1,56,47,9,2.8
JanLipavsky,2021-02-08,6,0,6,0,244,45,199,5.2
jhamacek,2021-02-08,4,3,1,77,78,61,17,10.5
kalousekm,2021-02-08,8,8,0,2008,382,371,11,197.7
KarelHavlicek_,2021-02-08,6,5,1,140,136,81,55,3.9
kducsl,2021-02-08,16,0,16,0,650,43,607,1.1
Kuba_Martin,2021-02-08,2,2,0,613,296,296,0,48.3
makupka,2021-02-08,1,1,0,316,32,29,3,15.3
market_a,2021-02-08,5,2,3,812,134,111,23,98.5
MartinBaxa2,2021-02-08,1,1,0,169,24,24,0,7.9
MJureka,2021-02-08,1,1,0,28,212,172,40,21.9
ODScz,2021-02-08,17,9,8,8,447,87,360,21.5
olgarichterova,2021-02-08,5,5,0,66,163,162,1,8.9
P_Fiala,2021-02-08,1,1,0,294,85,67,18,26
PiratIvanBartos,2021-02-08,6,6,0,245,104,92,12,46.6
PiratskaStrana,2021-02-08,8,1,7,130,267,137,130,10.9
Pospisil_Jiri,2021-02-08,1,1,0,474,107,86,21,14.7
SpoluKoalice,2021-02-08,5,2,3,191,150,25,125,5.2
STANcz,2021-02-08,5,2,3,36,138,35,103,1.7
TomasCzernin,2021-02-08,1,1,0,0,25,25,0,14
TomasZdechovsky,2021-02-08,21,14,7,758,1036,756,280,34.5
tomio_cz,2021-02-08,2,2,0,143,144,144,0,7.4
TOP09cz,2021-02-08,19,1,18,8,504,19,485,2.4
VeslavM,2021-02-08,1,1,0,0,39,38,1,0.7
Vit_Rakusan,2021-02-08,4,3,1,1092,39,34,5,22.3
volimtrikoloru,2021-02-08,1,1,0,65,7,7,0,0.3
vonpecka,2021-02-08,3,2,1,40,137,107,30,3.1
ZdenekHrib,2021-02-08,11,11,0,1076,202,187,15,26.1
alenaschillerov,2021-02-07,1,0,1,0,169,141,28,5.9
AndrejBabis,2021-02-07,3,2,1,424,491,79,412,13.4
Jan_Skopecek,2021-02-07,8,2,6,669,73,60,13,6.2
JanLipavsky,2021-02-07,8,1,7,9,238,45,193,5.2
kalousekm,2021-02-07,3,3,0,5176,374,363,11,195.7
KarelHavlicek_,2021-02-07,1,0,1,0,130,76,54,3.8
kducsl,2021-02-07,22,0,22,0,634,43,591,1.1
Kuba_Martin,2021-02-07,64,64,0,2412,294,294,0,47.7
market_a,2021-02-07,1,1,0,3566,129,109,20,97.7
MJureka,2021-02-07,6,6,0,260,211,171,40,21.9
ODScz,2021-02-07,18,9,9,1300,430,78,352,21.5
olgarichterova,2021-02-07,5,5,0,44,158,157,1,8.9
P_Fiala,2021-02-07,1,1,0,291,84,66,18,25.7
PiratIvanBartos,2021-02-07,5,5,0,1527,98,86,12,46.4
PiratskaStrana,2021-02-07,1,0,1,0,259,136,123,10.8
Pospisil_Jiri,2021-02-07,3,3,0,314,106,85,21,14.2
RobertSlachta,2021-02-07,1,1,0,9,39,24,15,0.6
SpoluKoalice,2021-02-07,4,0,4,0,145,23,122,5
STANcz,2021-02-07,4,1,3,26,133,33,100,1.7
TomasCzernin,2021-02-07,1,1,0,1139,24,24,0,14
TomasZdechovsky,2021-02-07,27,22,5,1629,1015,742,273,33.7
tomio_cz,2021-02-07,2,2,0,103,142,142,0,7.3
TOP09cz,2021-02-07,14,0,14,0,485,18,467,2.4
VeslavM,2021-02-07,2,2,0,22,38,37,1,0.7
Vit_Rakusan,2021-02-07,2,2,0,2453,35,31,4,21.2
vonpecka,2021-02-07,1,0,1,0,134,105,29,3
zeleni_cz,2021-02-07,1,1,0,19,222,106,116,1.6
alenaschillerov,2021-02-06,6,6,0,583,168,141,27,5.9
AndrejBabis,2021-02-06,4,0,4,0,488,77,411,13
Jan_Skopecek,2021-02-06,1,0,1,0,65,58,7,5.5
jana_cernochova,2021-02-06,3,3,0,60,55,46,9,2.8
jhamacek,2021-02-06,3,2,1,13,74,58,16,10.4
kalousekm,2021-02-06,9,8,1,7905,371,360,11,190.5
KarelHavlicek_,2021-02-06,1,1,0,492,129,76,53,3.8
kducsl,2021-02-06,13,0,13,0,612,43,569,1.1
Kuba_Martin,2021-02-06,84,84,0,127,230,230,0,45.3
market_a,2021-02-06,1,0,1,0,128,108,20,94.1
MJureka,2021-02-06,1,1,0,173,205,165,40,21.6
ODScz,2021-02-06,8,5,3,22,412,69,343,20.2
olgarichterova,2021-02-06,7,7,0,334,153,152,1,8.8
P_Fiala,2021-02-06,1,1,0,1303,83,65,18,25.4
Pospisil_Jiri,2021-02-06,1,1,0,65,103,82,21,13.9
SpoluKoalice,2021-02-06,4,1,3,226,141,23,118,5
STANcz,2021-02-06,3,0,3,0,129,32,97,1.7
TomasZdechovsky,2021-02-06,27,23,4,2688,988,720,268,32.1
tomio_cz,2021-02-06,4,4,0,306,140,140,0,7.2
vonpecka,2021-02-06,2,2,0,16,133,105,28,3
ZdenekHrib,2021-02-06,17,17,0,1786,191,176,15,25
zeleni_cz,2021-02-06,2,0,2,0,221,105,116,1.6
alenaschillerov,2021-02-05,8,4,4,243,162,135,27,5.3
AndrejBabis,2021-02-05,14,3,11,688,484,77,407,13
general_pavel,2021-02-05,1,1,0,1034,21,21,0,11.2
honzabartosek,2021-02-05,2,2,0,185,51,51,0,5.9
Jan_Skopecek,2021-02-05,1,1,0,364,64,58,6,5.5
jana_cernochova,2021-02-05,1,1,0,58,52,43,9,2.8
JanLipavsky,2021-02-05,8,0,8,0,230,44,186,5.2
jhamacek,2021-02-05,2,2,0,732,71,56,15,10.4
kalousekm,2021-02-05,9,9,0,8099,362,352,10,182.6
KarelHavlicek_,2021-02-05,6,6,0,160,128,75,53,3.3
kducsl,2021-02-05,28,0,28,0,599,43,556,1.1
Kuba_Martin,2021-02-05,5,5,0,4107,146,146,0,45.1
makupka,2021-02-05,1,1,0,462,31,28,3,15
market_a,2021-02-05,5,5,0,4191,127,108,19,94.1
MartinBaxa2,2021-02-05,1,1,0,150,23,23,0,7.8
MJureka,2021-02-05,6,5,1,1468,204,164,40,21.5
ODScz,2021-02-05,18,8,10,496,404,64,340,20.2
P_Fiala,2021-02-05,4,3,1,1556,82,64,18,24.1
PiratIvanBartos,2021-02-05,3,2,1,1142,93,81,12,44.9
PiratskaStrana,2021-02-05,9,3,6,241,258,136,122,10.8
Pospisil_Jiri,2021-02-05,4,3,1,490,102,81,21,13.8
RobertSlachta,2021-02-05,4,4,0,109,38,23,15,0.6
SpoluKoalice,2021-02-05,8,0,8,0,137,22,115,4.8
STANcz,2021-02-05,4,0,4,0,126,32,94,1.7
TomasCzernin,2021-02-05,1,1,0,242,23,23,0,12.9
TomasZdechovsky,2021-02-05,22,15,7,2217,961,697,264,29.4
tomio_cz,2021-02-05,5,5,0,244,136,136,0,6.8
TOP09cz,2021-02-05,16,0,16,0,471,18,453,2.4
Vit_Rakusan,2021-02-05,3,3,0,1193,33,29,4,18.7
vonpecka,2021-02-05,1,1,0,4,131,103,28,3
ZdenekHrib,2021-02-05,3,3,0,202,174,159,15,23.3
zeleni_cz,2021-02-05,3,2,1,84,219,105,114,1.6
alenaschillerov,2021-02-04,4,3,1,126,154,131,23,5.1
AndrejBabis,2021-02-04,19,4,15,202,470,74,396,12.3
general_pavel,2021-02-04,1,1,0,73,20,20,0,10.2
honzabartosek,2021-02-04,2,2,0,154,49,49,0,5.7
Jan_Skopecek,2021-02-04,2,2,0,130,63,57,6,5.1
JanLipavsky,2021-02-04,8,1,7,341,222,44,178,5.2
jhamacek,2021-02-04,1,1,0,48,69,54,15,9.7
kalousekm,2021-02-04,11,10,1,4871,353,343,10,174.5
KarelHavlicek_,2021-02-04,6,5,1,215,122,69,53,3.1
kducsl,2021-02-04,25,0,25,0,571,43,528,1.1
Kuba_Martin,2021-02-04,11,11,0,270,141,141,0,41
makupka,2021-02-04,1,1,0,1741,30,27,3,14.5
market_a,2021-02-04,5,3,2,2652,122,103,19,89.9
MJureka,2021-02-04,12,10,2,2108,198,159,39,20
ODScz,2021-02-04,17,10,7,91,386,56,330,19.7
olgarichterova,2021-02-04,1,1,0,174,146,145,1,8.5
P_Fiala,2021-02-04,3,3,0,1463,78,61,17,22.5
PiratskaStrana,2021-02-04,7,3,4,327,249,133,116,10.6
Pospisil_Jiri,2021-02-04,4,3,1,313,98,78,20,13.3
SpoluKoalice,2021-02-04,8,0,8,0,129,22,107,4.8
STANcz,2021-02-04,3,1,2,9,122,32,90,1.7
TomasCzernin,2021-02-04,2,2,0,742,22,22,0,12.6
TomasZdechovsky,2021-02-04,12,8,4,1379,939,682,257,27.2
tomio_cz,2021-02-04,9,9,0,372,131,131,0,6.6
TOP09cz,2021-02-04,10,0,10,0,455,18,437,2.4
VeslavM,2021-02-04,2,2,0,17,36,35,1,0.7
Vit_Rakusan,2021-02-04,1,1,0,2401,30,26,4,17.5
volimtrikoloru,2021-02-04,1,1,0,23,6,6,0,0.3
ZdenekHrib,2021-02-04,5,4,1,413,171,156,15,23.1
zeleni_cz,2021-02-04,6,0,6,0,216,103,113,1.5
alenaschillerov,2021-02-03,9,7,2,124,150,128,22,4.9
AndrejBabis,2021-02-03,11,2,9,566,451,70,381,12.1
czKSCM,2021-02-03,2,0,2,0,26,6,20,0.1
general_pavel,2021-02-03,1,1,0,588,19,19,0,10.1
honzabartosek,2021-02-03,4,4,0,268,47,47,0,5.5
Jan_Skopecek,2021-02-03,4,4,0,233,61,55,6,5
JanLipavsky,2021-02-03,9,5,4,143,214,43,171,4.8
jhamacek,2021-02-03,1,1,0,281,68,53,15,9.6
kalousekm,2021-02-03,8,7,1,4352,342,333,9,169.6
KarelHavlicek_,2021-02-03,4,1,3,30,116,64,52,2.9
kducsl,2021-02-03,31,0,31,0,546,43,503,1.1
Kuba_Martin,2021-02-03,3,3,0,490,130,130,0,40.8
makupka,2021-02-03,3,1,2,75,29,26,3,12.8
market_a,2021-02-03,8,5,3,9090,117,100,17,87.3
MJureka,2021-02-03,16,15,1,3540,186,149,37,17.9
ODScz,2021-02-03,21,3,18,1009,369,46,323,19.6
olgarichterova,2021-02-03,29,29,0,2024,145,144,1,8.3
P_Fiala,2021-02-03,5,5,0,1296,75,58,17,21.1
PiratIvanBartos,2021-02-03,4,3,1,2661,90,79,11,43.7
PiratskaStrana,2021-02-03,27,12,15,1673,242,130,112,10.2
Pospisil_Jiri,2021-02-03,5,5,0,841,94,75,19,13
RobertSlachta,2021-02-03,4,4,0,87,34,19,15,0.5
SpoluKoalice,2021-02-03,14,3,11,578,121,22,99,4.8
STANcz,2021-02-03,19,6,13,194,119,31,88,1.7
TomasCzernin,2021-02-03,2,2,0,2189,20,20,0,11.9
TomasZdechovsky,2021-02-03,36,25,11,1327,927,674,253,25.8
tomio_cz,2021-02-03,5,5,0,61,122,122,0,6.2
TOP09cz,2021-02-03,26,0,26,0,445,18,427,2.4
VeslavM,2021-02-03,1,0,1,0,34,33,1,0.6
Vit_Rakusan,2021-02-03,5,5,0,5768,29,25,4,15.1
vonpecka,2021-02-03,8,7,1,113,130,102,28,3
ZdenekHrib,2021-02-03,9,9,0,620,166,152,14,22.6
zeleni_cz,2021-02-03,7,1,6,36,210,103,107,1.5
alenaschillerov,2021-02-02,10,8,2,212,141,121,20,4.8
AndrejBabis,2021-02-02,15,2,13,255,440,68,372,11.6
czKSCM,2021-02-02,2,0,2,0,24,6,18,0.1
general_pavel,2021-02-02,1,1,0,358,18,18,0,9.5
honzabartosek,2021-02-02,3,3,0,271,43,43,0,5.3
Jan_Skopecek,2021-02-02,2,1,1,56,57,51,6,4.8
JanLipavsky,2021-02-02,11,0,11,0,205,38,167,4.7
jhamacek,2021-02-02,1,0,1,0,67,52,15,9.3
kalousekm,2021-02-02,18,18,0,8442,334,326,8,165.3
KarelHavlicek_,2021-02-02,3,2,1,71,112,63,49,2.9
kducsl,2021-02-02,19,0,19,0,515,43,472,1.1
makupka,2021-02-02,1,1,0,1137,26,25,1,12.7
market_a,2021-02-02,3,3,0,3282,109,95,14,78.2
MartinBaxa2,2021-02-02,2,2,0,132,22,22,0,7.6
metnarl,2021-02-02,1,1,0,45,9,8,1,0.7
milionchvilek,2021-02-02,1,0,1,0,9,7,2,0.8
MJureka,2021-02-02,2,2,0,226,170,134,36,14.3
ODScz,2021-02-02,18,4,14,41,348,43,305,18.6
P_Fiala,2021-02-02,1,1,0,631,70,53,17,19.8
PiratIvanBartos,2021-02-02,6,5,1,2123,86,76,10,41.1
PiratskaStrana,2021-02-02,22,14,8,1683,215,118,97,8.6
Pospisil_Jiri,2021-02-02,3,1,2,137,89,70,19,12.2
RobertSlachta,2021-02-02,2,2,0,1,30,15,15,0.4
SpoluKoalice,2021-02-02,6,1,5,146,107,19,88,4.2
STANcz,2021-02-02,8,6,2,749,100,25,75,1.5
TomasCzernin,2021-02-02,1,1,0,219,18,18,0,9.7
TomasZdechovsky,2021-02-02,24,20,4,624,891,649,242,24.5
tomio_cz,2021-02-02,1,1,0,68,117,117,0,6.2
TOP09cz,2021-02-02,12,0,12,0,419,18,401,2.4
VeslavM,2021-02-02,4,4,0,11,33,33,0,0.6
Vit_Rakusan,2021-02-02,2,1,1,633,24,20,4,9.4
vojtafilip,2021-02-02,1,1,0,88,16,16,0,1.1
vonpecka,2021-02-02,2,1,1,8,122,95,27,2.9
zeleni_cz,2021-02-02,2,0,2,0,203,102,101,1.4
alenaschillerov,2021-02-01,11,9,2,288,131,113,18,4.6
AndrejBabis,2021-02-01,15,2,13,469,425,66,359,11.3
czKSCM,2021-02-01,1,0,1,0,22,6,16,0.1
Jan_Skopecek,2021-02-01,3,3,0,358,55,50,5,4.7
jana_cernochova,2021-02-01,6,6,0,183,51,42,9,2.7
JanLipavsky,2021-02-01,5,0,5,0,194,38,156,4.7
jhamacek,2021-02-01,2,1,1,19,66,52,14,9.3
kalousekm,2021-02-01,6,6,0,3199,316,308,8,156.9
KarelHavlicek_,2021-02-01,1,0,1,0,109,61,48,2.8
kducsl,2021-02-01,19,0,19,0,496,43,453,1.1
Kuba_Martin,2021-02-01,2,2,0,5,127,127,0,40.3
makupka,2021-02-01,2,1,1,1160,25,24,1,11.6
market_a,2021-02-01,6,6,0,2654,106,92,14,74.9
MartinBaxa2,2021-02-01,1,1,0,427,20,20,0,7.5
ODScz,2021-02-01,8,0,8,0,330,39,291,18.5
PiratIvanBartos,2021-02-01,1,0,1,0,80,71,9,38.9
PiratskaStrana,2021-02-01,7,5,2,39,193,104,89,6.9
Pospisil_Jiri,2021-02-01,3,3,0,123,86,69,17,12
RobertSlachta,2021-02-01,1,1,0,1,28,13,15,0.4
SpoluKoalice,2021-02-01,4,1,3,293,101,18,83,4.1
STANcz,2021-02-01,4,3,1,75,92,19,73,0.7
TomasCzernin,2021-02-01,1,1,0,528,17,17,0,9.5
TomasZdechovsky,2021-02-01,22,17,5,820,867,629,238,23.8
tomio_cz,2021-02-01,4,4,0,229,116,116,0,6.1
TOP09cz,2021-02-01,34,2,32,27,407,18,389,2.4
VeslavM,2021-02-01,1,1,0,0,29,29,0,0.6
vonpecka,2021-02-01,1,1,0,21,120,94,26,2.9
zeleni_cz,2021-02-01,4,1,3,51,201,102,99,1.4
alenaschillerov,2021-01-31,1,1,0,34,120,104,16,4.3
AndrejBabis,2021-01-31,5,3,2,1035,410,64,346,10.8
general_pavel,2021-01-31,1,1,0,490,17,17,0,9.2
Jan_Skopecek,2021-01-31,3,3,0,737,52,47,5,4.4
JanLipavsky,2021-01-31,7,2,5,309,189,38,151,4.7
jhamacek,2021-01-31,1,1,0,61,64,51,13,9.3
kalousekm,2021-01-31,1,1,0,650,310,302,8,153.7
KarelHavlicek_,2021-01-31,1,0,1,0,108,61,47,2.8
kducsl,2021-01-31,10,0,10,0,477,43,434,1.1
ODScz,2021-01-31,4,4,0,256,322,39,283,18.5
PiratIvanBartos,2021-01-31,1,1,0,567,79,71,8,38.9
Pospisil_Jiri,2021-01-31,1,1,0,171,83,66,17,11.9
RobertSlachta,2021-01-31,1,1,0,34,27,12,15,0.4
SpoluKoalice,2021-01-31,1,0,1,0,97,17,80,3.8
STANcz,2021-01-31,3,0,3,0,88,16,72,0.6
TomasZdechovsky,2021-01-31,18,14,4,1402,845,612,233,23
tomio_cz,2021-01-31,9,9,0,689,112,112,0,5.9
VeslavM,2021-01-31,1,1,0,30,28,28,0,0.6
vonpecka,2021-01-31,2,1,1,12,119,93,26,2.9
ZdenekHrib,2021-01-31,13,13,0,5,157,143,14,22
zeleni_cz,2021-01-31,10,4,6,11,197,101,96,1.4
alenaschillerov,2021-01-30,3,3,0,68,119,103,16,4.3
AndrejBabis,2021-01-30,7,0,7,0,405,61,344,9.8
czKSCM,2021-01-30,1,1,0,27,21,6,15,0.1
honzabartosek,2021-01-30,1,1,0,120,40,40,0,5
jana_cernochova,2021-01-30,1,1,0,129,45,36,9,2.5
JanLipavsky,2021-01-30,5,0,5,0,182,36,146,4.4
jhamacek,2021-01-30,1,1,0,108,63,50,13,9.3
kalousekm,2021-01-30,4,4,0,6198,309,301,8,153
KarelHavlicek_,2021-01-30,4,4,0,155,107,61,46,2.8
kducsl,2021-01-30,10,0,10,0,467,43,424,1.1
Kuba_Martin,2021-01-30,1,1,0,20,125,125,0,40.3
market_a,2021-01-30,1,0,1,0,100,86,14,72.3
MartinBaxa2,2021-01-30,1,1,0,79,19,19,0,7
MJureka,2021-01-30,1,1,0,161,168,132,36,14.1
ODScz,2021-01-30,4,1,3,1161,318,35,283,18.3
olgarichterova,2021-01-30,3,3,0,34,116,115,1,6.3
P_Fiala,2021-01-30,1,1,0,767,69,52,17,19.2
Pospisil_Jiri,2021-01-30,2,1,1,275,82,65,17,11.8
SpoluKoalice,2021-01-30,2,0,2,0,96,17,79,3.8
TomasZdechovsky,2021-01-30,8,5,3,253,827,598,229,21.6
tomio_cz,2021-01-30,2,2,0,38,103,103,0,5.2
TOP09cz,2021-01-30,2,0,2,0,373,16,357,2.4
VeslavM,2021-01-30,1,1,0,12,27,27,0,0.6
Zbynek_Stanjura,2021-01-30,1,1,0,1085,4,4,0,3.5
ZdenekHrib,2021-01-30,8,8,0,805,144,130,14,22
zeleni_cz,2021-01-30,129,81,48,721,187,97,90,1.4
alenaschillerov,2021-01-29,3,1,2,8,116,100,16,4.2
AndrejBabis,2021-01-29,9,0,9,0,398,61,337,9.8
czKSCM,2021-01-29,3,1,2,4,20,5,15,0.1
honzabartosek,2021-01-29,4,4,0,72,39,39,0,4.9
Jan_Skopecek,2021-01-29,2,2,0,269,49,44,5,3.6
JanLipavsky,2021-01-29,5,1,4,15,177,36,141,4.4
jhamacek,2021-01-29,1,0,1,0,62,49,13,9.1
kalousekm,2021-01-29,4,4,0,2736,305,297,8,146.8
KarelHavlicek_,2021-01-29,4,3,1,115,103,57,46,2.7
kducsl,2021-01-29,13,0,13,0,457,43,414,1.1
makupka,2021-01-29,1,1,0,364,23,23,0,10.4
market_a,2021-01-29,6,4,2,2079,99,86,13,72.3
MartinBaxa2,2021-01-29,1,1,0,128,18,18,0,7
milionchvilek,2021-01-29,1,0,1,0,8,7,1,0.8
MJureka,2021-01-29,7,7,0,978,167,131,36,14
ODScz,2021-01-29,13,0,13,0,314,34,280,17.1
olgarichterova,2021-01-29,2,2,0,21,113,112,1,6.3
P_Fiala,2021-01-29,3,3,0,862,68,51,17,18.4
PiratIvanBartos,2021-01-29,2,2,0,831,78,70,8,38.4
PiratskaStrana,2021-01-29,8,4,4,498,186,99,87,6.9
Pospisil_Jiri,2021-01-29,6,5,1,972,80,64,16,11.5
RobertSlachta,2021-01-29,4,2,2,62,26,11,15,0.4
SpoluKoalice,2021-01-29,4,0,4,0,94,17,77,3.8
STANcz,2021-01-29,2,0,2,0,85,16,69,0.6
TomasZdechovsky,2021-01-29,25,15,10,829,819,593,226,21.4
tomio_cz,2021-01-29,5,5,0,203,101,101,0,5.1
TOP09cz,2021-01-29,14,0,14,0,371,16,355,2.4
VeslavM,2021-01-29,1,1,0,0,26,26,0,0.6
Vit_Rakusan,2021-01-29,1,1,0,826,22,19,3,8.7
vojtafilip,2021-01-29,2,2,0,160,15,15,0,1
vonpecka,2021-01-29,5,5,0,190,117,92,25,2.8
Zbynek_Stanjura,2021-01-29,1,1,0,419,3,3,0,2.4
ZdenekHrib,2021-01-29,7,6,1,3403,136,122,14,21.2
zeleni_cz,2021-01-29,2,1,1,38,58,16,42,0.7
alenaschillerov,2021-01-28,6,4,2,94,113,99,14,4.2
AndrejBabis,2021-01-28,14,1,13,326,389,61,328,9.8
czKSCM,2021-01-28,1,0,1,0,17,4,13,0.1
general_pavel,2021-01-28,1,1,0,192,16,16,0,8.7
honzabartosek,2021-01-28,1,1,0,145,35,35,0,4.8
Jan_Skopecek,2021-01-28,3,3,0,230,47,42,5,3.3
jana_cernochova,2021-01-28,1,0,1,0,44,35,9,2.4
JanLipavsky,2021-01-28,3,1,2,8,172,35,137,4.3
jhamacek,2021-01-28,2,1,1,50,61,49,12,9.1
kalousekm,2021-01-28,16,15,1,12743,301,293,8,144.1
KarelHavlicek_,2021-01-28,4,3,1,80,99,54,45,2.5
kducsl,2021-01-28,26,4,22,116,444,43,401,1.1
Kuba_Martin,2021-01-28,12,12,0,2414,124,124,0,40.2
makupka,2021-01-28,3,3,0,196,22,22,0,10.1
market_a,2021-01-28,6,5,1,5703,93,82,11,70.2
MartinBaxa2,2021-01-28,1,1,0,25,17,17,0,6.8
MJureka,2021-01-28,19,16,3,1098,160,124,36,13
ODScz,2021-01-28,11,1,10,899,301,34,267,17.1
P_Fiala,2021-01-28,4,2,2,406,65,48,17,17.5
PiratIvanBartos,2021-01-28,2,2,0,2354,76,68,8,37.6
PiratskaStrana,2021-01-28,2,0,2,0,178,95,83,6.4
Pospisil_Jiri,2021-01-28,6,4,2,292,74,59,15,10.5
RobertSlachta,2021-01-28,2,0,2,0,22,9,13,0.3
SpoluKoalice,2021-01-28,13,2,11,508,90,17,73,3.8
STANcz,2021-01-28,8,1,7,11,83,16,67,0.6
TomasCzernin,2021-01-28,2,2,0,2843,16,16,0,8.9
TomasZdechovsky,2021-01-28,27,20,7,1417,794,578,216,20.5
tomio_cz,2021-01-28,1,1,0,189,96,96,0,4.9
TOP09cz,2021-01-28,21,2,19,56,357,16,341,2.4
VeslavM,2021-01-28,3,3,0,76,25,25,0,0.6
vonpecka,2021-01-28,3,0,3,0,112,87,25,2.7
ZdenekHrib,2021-01-28,3,3,0,641,129,116,13,17.8
zeleni_cz,2021-01-28,3,1,2,36,56,15,41,0.6
alenaschillerov,2021-01-27,7,6,1,137,107,95,12,4.1
AndrejBabis,2021-01-27,11,2,9,228,375,60,315,9.5
czKSCM,2021-01-27,1,0,1,0,16,4,12,0.1
general_pavel,2021-01-27,2,2,0,990,15,15,0,8.5
honzabartosek,2021-01-27,7,7,0,439,34,34,0,4.7
Jan_Skopecek,2021-01-27,4,4,0,241,44,39,5,3.1
jana_cernochova,2021-01-27,1,1,0,67,43,35,8,2.4
JanLipavsky,2021-01-27,21,12,9,1018,169,34,135,4.3
jhamacek,2021-01-27,11,8,3,2366,59,48,11,9.1
KarelHavlicek_,2021-01-27,1,0,1,0,95,51,44,2.5
kducsl,2021-01-27,33,3,30,53,418,39,379,0.9
Kuba_Martin,2021-01-27,6,6,0,1019,112,112,0,37.8
makupka,2021-01-27,1,1,0,536,19,19,0,9.9
market_a,2021-01-27,6,5,1,4601,87,77,10,64.5
MartinBaxa2,2021-01-27,2,2,0,241,16,16,0,6.8
metnarl,2021-01-27,1,1,0,108,8,7,1,0.7
MJureka,2021-01-27,7,4,3,398,141,108,33,11.9
ODScz,2021-01-27,17,1,16,606,290,33,257,16.2
olgarichterova,2021-01-27,1,1,0,0,111,110,1,6.2
P_Fiala,2021-01-27,1,1,0,505,61,46,15,17.1
PiratIvanBartos,2021-01-27,6,6,0,962,74,66,8,35.2
PiratskaStrana,2021-01-27,4,3,1,175,176,95,81,6.4
Pospisil_Jiri,2021-01-27,3,2,1,386,68,55,13,10.2
RobertSlachta,2021-01-27,9,1,8,32,20,9,11,0.3
SpoluKoalice,2021-01-27,8,3,5,803,77,15,62,3.3
STANcz,2021-01-27,4,1,3,86,75,15,60,0.6
TomasCzernin,2021-01-27,1,1,0,254,14,14,0,6.1
TomasZdechovsky,2021-01-27,26,19,7,954,767,558,209,19.1
tomio_cz,2021-01-27,2,2,0,212,95,95,0,4.8
TOP09cz,2021-01-27,14,1,13,99,336,14,322,2.3
Vit_Rakusan,2021-01-27,2,1,1,127,21,18,3,7.9
vojtafilip,2021-01-27,2,2,0,93,13,13,0,0.9
vonpecka,2021-01-27,5,4,1,21,109,87,22,2.7
ZdenekHrib,2021-01-27,17,9,8,428,126,113,13,17.2
zeleni_cz,2021-01-27,5,0,5,0,53,14,39,0.6
alenaschillerov,2021-01-26,5,4,1,276,100,89,11,4
AndrejBabis,2021-01-26,13,3,10,97,364,58,306,9.2
czKSCM,2021-01-26,1,0,1,0,15,4,11,0.1
honzabartosek,2021-01-26,1,1,0,10,27,27,0,4.2
Jan_Skopecek,2021-01-26,1,1,0,115,40,35,5,2.9
JanLipavsky,2021-01-26,2,0,2,0,148,22,126,3.3
jhamacek,2021-01-26,2,2,0,175,48,40,8,6.7
kalousekm,2021-01-26,14,14,0,7190,285,278,7,131.3
KarelHavlicek_,2021-01-26,3,1,2,43,94,51,43,2.5
kducsl,2021-01-26,13,5,8,38,385,36,349,0.9
Kuba_Martin,2021-01-26,2,2,0,3,106,106,0,36.8
makupka,2021-01-26,1,1,0,204,18,18,0,9.3
market_a,2021-01-26,5,4,1,4818,81,72,9,59.9
MartinBaxa2,2021-01-26,1,1,0,1450,14,14,0,6.6
milionchvilek,2021-01-26,3,3,0,338,7,7,0,0.8
MJureka,2021-01-26,4,4,0,79,134,104,30,11.5
ODScz,2021-01-26,13,2,11,723,273,32,241,15.6
olgarichterova,2021-01-26,46,46,0,407,110,109,1,6.2
P_Fiala,2021-01-26,2,1,1,690,60,45,15,16.6
PiratIvanBartos,2021-01-26,5,5,0,2210,68,60,8,34.2
PiratskaStrana,2021-01-26,16,14,2,581,172,92,80,6.2
Pospisil_Jiri,2021-01-26,3,2,1,353,65,53,12,9.8
RobertSlachta,2021-01-26,2,1,1,139,11,8,3,0.3
SpoluKoalice,2021-01-26,4,0,4,0,69,12,57,2.5
STANcz,2021-01-26,4,0,4,0,71,14,57,0.5
TomasZdechovsky,2021-01-26,41,34,7,622,741,539,202,18.2
tomio_cz,2021-01-26,4,4,0,111,93,93,0,4.5
TOP09cz,2021-01-26,19,1,18,36,322,13,309,2.2
volimtrikoloru,2021-01-26,1,1,0,13,5,5,0,0.2
vonpecka,2021-01-26,2,2,0,27,104,83,21,2.6
ZdenekHrib,2021-01-26,27,26,1,829,109,104,5,16.7
alenaschillerov,2021-01-25,2,2,0,53,95,85,10,3.7
AndrejBabis,2021-01-25,16,4,12,468,351,55,296,9.1
czKSCM,2021-01-25,2,0,2,0,14,4,10,0.1
general_pavel,2021-01-25,1,1,0,867,13,13,0,7.5
honzabartosek,2021-01-25,1,1,0,70,26,26,0,4.2
Jan_Skopecek,2021-01-25,2,2,0,471,39,34,5,2.8
JanLipavsky,2021-01-25,6,0,6,0,146,22,124,3.3
jhamacek,2021-01-25,3,1,2,495,46,38,8,6.6
kalousekm,2021-01-25,4,4,0,2048,271,264,7,124.1
KarelHavlicek_,2021-01-25,3,2,1,642,91,50,41,2.4
kducsl,2021-01-25,17,1,16,21,372,31,341,0.9
Kuba_Martin,2021-01-25,10,10,0,1752,104,104,0,36.8
makupka,2021-01-25,1,1,0,400,17,17,0,9.1
market_a,2021-01-25,2,2,0,2180,76,68,8,55
MartinBaxa2,2021-01-25,1,1,0,141,13,13,0,5.1
MJureka,2021-01-25,3,2,1,152,130,100,30,11.4
ODScz,2021-01-25,11,1,10,2425,260,30,230,14.9
olgarichterova,2021-01-25,2,2,0,384,64,63,1,5.8
PiratIvanBartos,2021-01-25,3,3,0,4375,63,55,8,32
PiratskaStrana,2021-01-25,7,4,3,135,156,78,78,5.6
Pospisil_Jiri,2021-01-25,4,4,0,808,62,51,11,9.5
SpoluKoalice,2021-01-25,3,0,3,0,65,12,53,2.5
STANcz,2021-01-25,2,1,1,7,67,14,53,0.5
TomasCzernin,2021-01-25,1,1,0,294,13,13,0,5.8
TomasZdechovsky,2021-01-25,31,25,6,1017,700,505,195,17.5
TOP09cz,2021-01-25,18,0,18,0,303,12,291,2.2
Vit_Rakusan,2021-01-25,2,2,0,1023,19,17,2,7.8
vojtafilip,2021-01-25,3,3,0,60,11,11,0,0.8
vonpecka,2021-01-25,4,3,1,45,102,81,21,2.6
ZdenekHrib,2021-01-25,12,12,0,605,82,78,4,15.9
zeleni_cz,2021-01-25,1,0,1,0,48,14,34,0.6
alenaschillerov,2021-01-24,4,4,0,145,93,83,10,3.6
AndrejBabis,2021-01-24,11,3,8,496,335,51,284,8.7
Jan_Skopecek,2021-01-24,1,1,0,231,37,32,5,2.3
JanLipavsky,2021-01-24,14,6,8,632,140,22,118,3.3
jhamacek,2021-01-24,1,1,0,115,43,37,6,6.1
kalousekm,2021-01-24,12,11,1,2597,267,260,7,122.1
KarelHavlicek_,2021-01-24,5,2,3,76,88,48,40,1.8
kducsl,2021-01-24,8,0,8,0,355,30,325,0.8
market_a,2021-01-24,1,1,0,1573,74,66,8,52.9
MartinBaxa2,2021-01-24,2,2,0,184,12,12,0,5
MJureka,2021-01-24,1,1,0,88,127,98,29,11.2
ODScz,2021-01-24,11,2,9,385,249,29,220,12.4
olgarichterova,2021-01-24,5,5,0,376,62,61,1,5.4
Pospisil_Jiri,2021-01-24,2,1,1,82,58,47,11,8.7
SpoluKoalice,2021-01-24,4,0,4,0,62,12,50,2.5
STANcz,2021-01-24,2,0,2,0,65,13,52,0.5
TomasZdechovsky,2021-01-24,18,14,4,476,669,480,189,16.5
tomio_cz,2021-01-24,5,5,0,229,89,89,0,4.4
TOP09cz,2021-01-24,4,0,4,0,285,12,273,2.2
zeleni_cz,2021-01-24,1,1,0,42,47,14,33,0.6
alenaschillerov,2021-01-23,2,2,0,76,89,79,10,3.5
AndrejBabis,2021-01-23,6,0,6,0,324,48,276,8.2
general_pavel,2021-01-23,3,3,0,1621,12,12,0,6.6
honzabartosek,2021-01-23,1,1,0,1970,25,25,0,4.1
Jan_Skopecek,2021-01-23,1,1,0,64,36,31,5,2.1
JanLipavsky,2021-01-23,12,0,12,0,126,16,110,2.7
jhamacek,2021-01-23,1,1,0,46,42,36,6,5.9
kalousekm,2021-01-23,2,2,0,2438,255,249,6,119.5
KarelHavlicek_,2021-01-23,4,2,2,89,83,46,37,1.7
kducsl,2021-01-23,13,1,12,15,347,30,317,0.8
Kuba_Martin,2021-01-23,1,1,0,0,94,94,0,35.1
market_a,2021-01-23,5,4,1,2009,73,65,8,51.3
MJureka,2021-01-23,4,3,1,1053,126,97,29,11.2
ODScz,2021-01-23,8,0,8,0,238,27,211,12.1
olgarichterova,2021-01-23,2,2,0,135,57,56,1,5.1
P_Fiala,2021-01-23,2,1,1,167,58,44,14,15.9
Pospisil_Jiri,2021-01-23,2,2,0,159,56,46,10,8.6
SpoluKoalice,2021-01-23,3,0,3,0,58,12,46,2.5
TomasZdechovsky,2021-01-23,9,5,4,297,651,466,185,16.1
tomio_cz,2021-01-23,14,14,0,351,84,84,0,4.2
TOP09cz,2021-01-23,7,0,7,0,281,12,269,2.2
vonpecka,2021-01-23,1,1,0,21,98,78,20,2.6
ZdenekHrib,2021-01-23,6,6,0,414,70,66,4,15.3
zeleni_cz,2021-01-23,1,1,0,80,46,13,33,0.5
alenaschillerov,2021-01-22,6,6,0,256,87,77,10,3.4
AndrejBabis,2021-01-22,20,1,19,82,318,48,270,8.2
czKSCM,2021-01-22,1,1,0,9,12,4,8,0.1
honzabartosek,2021-01-22,1,1,0,67,24,24,0,2.2
Jan_Skopecek,2021-01-22,1,1,0,102,35,30,5,2
jana_cernochova,2021-01-22,2,1,1,4,42,34,8,2.3
JanLipavsky,2021-01-22,3,1,2,14,114,16,98,2.7
jhamacek,2021-01-22,19,19,0,485,41,35,6,5.9
kalousekm,2021-01-22,4,4,0,1894,253,247,6,117.1
KarelHavlicek_,2021-01-22,5,2,3,65,79,44,35,1.6
kducsl,2021-01-22,20,1,19,20,334,29,305,0.8
Kuba_Martin,2021-01-22,4,4,0,137,93,93,0,35.1
market_a,2021-01-22,8,7,1,1889,68,61,7,49.3
MartinBaxa2,2021-01-22,1,1,0,85,10,10,0,4.8
metnarl,2021-01-22,2,2,0,109,7,6,1,0.6
MJureka,2021-01-22,11,8,3,931,122,94,28,10.1
ODScz,2021-01-22,11,0,11,0,230,27,203,12.1
P_Fiala,2021-01-22,1,1,0,829,56,43,13,15.8
PiratIvanBartos,2021-01-22,1,0,1,0,60,52,8,27.6
PiratskaStrana,2021-01-22,3,3,0,300,149,74,75,5.5
Pospisil_Jiri,2021-01-22,1,1,0,206,54,44,10,8.4
RobertSlachta,2021-01-22,1,1,0,67,9,7,2,0.2
SpoluKoalice,2021-01-22,10,3,7,679,55,12,43,2.5
STANcz,2021-01-22,4,1,3,7,63,13,50,0.5
TomasZdechovsky,2021-01-22,21,14,7,499,642,461,181,15.8
tomio_cz,2021-01-22,1,1,0,9,70,70,0,3.9
TOP09cz,2021-01-22,17,2,15,424,274,12,262,2.2
vonpecka,2021-01-22,5,0,5,0,97,77,20,2.5
zeleni_cz,2021-01-22,3,0,3,0,45,12,33,0.5
alenaschillerov,2021-01-21,1,1,0,26,81,71,10,3.2
AndrejBabis,2021-01-21,11,2,9,559,298,47,251,8.1
czKSCM,2021-01-21,1,0,1,0,11,3,8,0.1
general_pavel,2021-01-21,1,1,0,449,9,9,0,5
honzabartosek,2021-01-21,5,5,0,236,23,23,0,2.1
Jan_Skopecek,2021-01-21,3,3,0,145,34,29,5,1.9
jana_cernochova,2021-01-21,19,13,6,1300,40,33,7,2.3
JanLipavsky,2021-01-21,8,0,8,0,111,15,96,2.7
jhamacek,2021-01-21,6,6,0,2749,22,16,6,5.4
kalousekm,2021-01-21,8,8,0,6917,249,243,6,115.2
KarelHavlicek_,2021-01-21,2,1,1,18,74,42,32,1.5
kducsl,2021-01-21,32,1,31,83,314,28,286,0.8
Kuba_Martin,2021-01-21,2,2,0,19,89,89,0,34.9
makupka,2021-01-21,2,2,0,382,16,16,0,8.7
market_a,2021-01-21,4,4,0,4411,60,54,6,47.4
MartinBaxa2,2021-01-21,1,1,0,141,9,9,0,4.7
metnarl,2021-01-21,1,1,0,187,5,4,1,0.5
milionchvilek,2021-01-21,1,1,0,202,4,4,0,0.5
MJureka,2021-01-21,17,13,4,2125,111,86,25,9.2
ODScz,2021-01-21,22,1,21,436,219,27,192,12.1
olgarichterova,2021-01-21,3,3,0,204,55,54,1,4.9
P_Fiala,2021-01-21,4,3,1,943,55,42,13,14.9
PiratIvanBartos,2021-01-21,6,5,1,3454,59,52,7,27.6
PiratskaStrana,2021-01-21,19,11,8,628,146,71,75,5.2
Pospisil_Jiri,2021-01-21,7,7,0,785,53,43,10,8.2
SpoluKoalice,2021-01-21,13,4,9,1132,45,9,36,1.8
STANcz,2021-01-21,8,2,6,80,59,12,47,0.5
TomasCzernin,2021-01-21,1,1,0,196,12,12,0,5.6
TomasZdechovsky,2021-01-21,24,12,12,570,621,447,174,15.3
tomio_cz,2021-01-21,2,2,0,156,69,69,0,3.8
TOP09cz,2021-01-21,33,3,30,508,257,10,247,1.8
VeslavM,2021-01-21,3,3,0,18,22,22,0,0.5
Vit_Rakusan,2021-01-21,2,2,0,1076,17,15,2,6.8
vonpecka,2021-01-21,5,5,0,0,92,77,15,2.5
ZdenekHrib,2021-01-21,2,2,0,407,64,60,4,14.9
zeleni_cz,2021-01-21,2,2,0,43,42,12,30,0.5
alenaschillerov,2021-01-20,7,7,0,288,80,70,10,3.1
AndrejBabis,2021-01-20,22,5,17,542,287,45,242,7.5
general_pavel,2021-01-20,1,1,0,531,8,8,0,4.6
honzabartosek,2021-01-20,7,7,0,312,18,18,0,1.9
Jan_Skopecek,2021-01-20,2,2,0,472,31,26,5,1.7
jana_cernochova,2021-01-20,9,9,0,191,21,20,1,1
JanLipavsky,2021-01-20,11,0,11,0,103,15,88,2.7
jhamacek,2021-01-20,3,2,1,184,16,10,6,2.7
kalousekm,2021-01-20,15,15,0,14746,241,235,6,108.2
KarelHavlicek_,2021-01-20,9,7,2,222,72,41,31,1.5
kducsl,2021-01-20,24,0,24,0,282,27,255,0.7
Kuba_Martin,2021-01-20,6,6,0,1734,87,87,0,34.9
makupka,2021-01-20,1,1,0,639,14,14,0,8.3
market_a,2021-01-20,6,5,1,3462,56,50,6,43
MartinBaxa2,2021-01-20,1,1,0,409,8,8,0,4.6
MJureka,2021-01-20,7,5,2,573,94,73,21,7.1
ODScz,2021-01-20,29,1,28,1483,197,26,171,11.6
olgarichterova,2021-01-20,7,6,1,1034,52,51,1,4.7
P_Fiala,2021-01-20,5,2,3,634,51,39,12,14
PiratIvanBartos,2021-01-20,8,8,0,841,53,47,6,24.2
PiratskaStrana,2021-01-20,21,17,4,913,127,60,67,4.5
Pospisil_Jiri,2021-01-20,4,3,1,302,46,36,10,7.4
RobertSlachta,2021-01-20,2,2,0,33,8,6,2,0.1
SpoluKoalice,2021-01-20,7,1,6,147,32,5,27,0.7
STANcz,2021-01-20,3,2,1,12,51,10,41,0.4
TomasCzernin,2021-01-20,2,2,0,992,11,11,0,5.4
TomasZdechovsky,2021-01-20,26,19,7,523,597,435,162,14.7
tomio_cz,2021-01-20,7,7,0,235,67,67,0,3.7
TOP09cz,2021-01-20,33,0,33,0,224,7,217,1.3
VeslavM,2021-01-20,2,2,0,205,19,19,0,0.5
vonpecka,2021-01-20,35,34,1,1728,87,72,15,2.5
zeleni_cz,2021-01-20,4,2,2,67,40,10,30,0.4
alenaschillerov,2021-01-19,5,4,1,134,73,63,10,2.8
AndrejBabis,2021-01-19,14,2,12,158,265,40,225,7
czKSCM,2021-01-19,1,0,1,0,10,3,7,0.1
honzabartosek,2021-01-19,3,3,0,100,11,11,0,1.5
JanLipavsky,2021-01-19,10,5,5,243,92,15,77,2.7
jhamacek,2021-01-19,2,2,0,1506,13,8,5,2.5
kalousekm,2021-01-19,45,42,3,14737,226,220,6,93.5
KarelHavlicek_,2021-01-19,6,5,1,161,63,34,29,1.3
kducsl,2021-01-19,29,6,23,147,258,27,231,0.7
Kuba_Martin,2021-01-19,2,2,0,59,81,81,0,33.2
market_a,2021-01-19,5,5,0,3328,50,45,5,39.5
MartinBaxa2,2021-01-19,1,1,0,237,7,7,0,4.2
MJureka,2021-01-19,6,1,5,358,87,68,19,6.5
ODScz,2021-01-19,9,1,8,258,168,25,143,10.1
olgarichterova,2021-01-19,2,2,0,119,45,45,0,3.7
P_Fiala,2021-01-19,1,1,0,1149,46,37,9,13.4
PiratIvanBartos,2021-01-19,7,7,0,2477,45,39,6,23.4
PiratskaStrana,2021-01-19,6,1,5,0,106,43,63,3.6
Pospisil_Jiri,2021-01-19,3,2,1,1019,42,33,9,7.1
SpoluKoalice,2021-01-19,7,2,5,204,25,4,21,0.5
STANcz,2021-01-19,4,1,3,42,48,8,40,0.4
TomasZdechovsky,2021-01-19,30,21,9,721,571,416,155,14.2
tomio_cz,2021-01-19,2,2,0,26,60,60,0,3.5
TOP09cz,2021-01-19,25,1,24,9,191,7,184,1.3
vojtafilip,2021-01-19,1,1,0,44,8,8,0,0.7
volimtrikoloru,2021-01-19,3,3,0,99,4,4,0,0.2
vonpecka,2021-01-19,2,2,0,116,52,38,14,0.8
ZdenekHrib,2021-01-19,3,0,3,0,62,58,4,14.5
zeleni_cz,2021-01-19,5,0,5,0,36,8,28,0.3
alenaschillerov,2021-01-18,6,4,2,170,68,59,9,2.7
AndrejBabis,2021-01-18,28,4,24,350,251,38,213,6.8
jana_cernochova,2021-01-18,1,1,0,48,12,11,1,0.8
JanLipavsky,2021-01-18,8,1,7,26,82,10,72,2.4
jhamacek,2021-01-18,1,0,1,0,11,6,5,1
kalousekm,2021-01-18,23,22,1,6991,181,178,3,78.8
KarelHavlicek_,2021-01-18,4,4,0,149,57,29,28,1.1
kducsl,2021-01-18,14,0,14,0,229,21,208,0.6
Kuba_Martin,2021-01-18,5,5,0,3624,79,79,0,33.1
makupka,2021-01-18,1,1,0,1173,13,13,0,7.7
market_a,2021-01-18,3,2,1,2273,45,40,5,36.2
MJureka,2021-01-18,1,0,1,0,81,67,14,6.1
ODScz,2021-01-18,7,1,6,421,159,24,135,9.9
olgarichterova,2021-01-18,4,4,0,80,43,43,0,3.6
P_Fiala,2021-01-18,1,0,1,0,45,36,9,12.2
PiratIvanBartos,2021-01-18,4,4,0,3310,38,32,6,20.9
PiratskaStrana,2021-01-18,12,3,9,438,100,42,58,3.6
Pospisil_Jiri,2021-01-18,2,2,0,166,39,31,8,6.1
SpoluKoalice,2021-01-18,5,1,4,119,18,2,16,0.3
STANcz,2021-01-18,1,0,1,0,44,7,37,0.4
TomasCzernin,2021-01-18,1,1,0,390,9,9,0,4.4
TomasZdechovsky,2021-01-18,23,16,7,385,541,395,146,13.4
tomio_cz,2021-01-18,5,5,0,321,58,58,0,3.4
TOP09cz,2021-01-18,20,0,20,0,166,6,160,1.2
VeslavM,2021-01-18,1,1,0,2,17,17,0,0.3
vonpecka,2021-01-18,2,2,0,8,50,36,14,0.7
ZdenekHrib,2021-01-18,8,8,0,831,59,58,1,14.5
zeleni_cz,2021-01-18,4,0,4,0,31,8,23,0.3
alenaschillerov,2021-01-17,3,3,0,212,62,55,7,2.5
AndrejBabis,2021-01-17,5,3,2,931,223,34,189,6.5
czKSCM,2021-01-17,1,0,1,0,9,3,6,0.1
general_pavel,2021-01-17,1,1,0,51,7,7,0,4
JanLipavsky,2021-01-17,11,0,11,0,74,9,65,2.4
jhamacek,2021-01-17,2,2,0,101,10,6,4,1
kalousekm,2021-01-17,5,5,0,1075,158,156,2,71.8
KarelHavlicek_,2021-01-17,3,2,1,16,53,25,28,1
kducsl,2021-01-17,7,0,7,0,215,21,194,0.6
Kuba_Martin,2021-01-17,1,1,0,3,74,74,0,29.5
market_a,2021-01-17,1,1,0,2689,42,38,4,33.9
MJureka,2021-01-17,3,2,1,513,80,67,13,6.1
ODScz,2021-01-17,5,3,2,1460,152,23,129,9.5
olgarichterova,2021-01-17,3,3,0,34,39,39,0,3.5
P_Fiala,2021-01-17,1,1,0,532,44,36,8,12.2
PiratskaStrana,2021-01-17,1,0,1,0,88,39,49,3.2
Pospisil_Jiri,2021-01-17,6,4,2,353,37,29,8,5.9
SpoluKoalice,2021-01-17,3,0,3,0,13,1,12,0.2
STANcz,2021-01-17,2,0,2,0,43,7,36,0.4
TomasCzernin,2021-01-17,1,1,0,385,8,8,0,4
TomasZdechovsky,2021-01-17,13,8,5,298,518,379,139,13.1
tomio_cz,2021-01-17,3,3,0,225,53,53,0,3.1
TOP09cz,2021-01-17,1,0,1,0,146,6,140,1.2
vojtafilip,2021-01-17,1,1,0,170,7,7,0,0.7
ZdenekHrib,2021-01-17,5,5,0,4052,51,50,1,13.7
zeleni_cz,2021-01-17,2,0,2,0,27,8,19,0.3
alenaschillerov,2021-01-16,1,1,0,241,59,52,7,2.3
AndrejBabis,2021-01-16,3,1,2,263,218,31,187,5.6
czKSCM,2021-01-16,1,1,0,10,8,3,5,0.1
honzabartosek,2021-01-16,1,1,0,127,8,8,0,1.4
jana_cernochova,2021-01-16,1,0,1,0,11,10,1,0.8
JanLipavsky,2021-01-16,6,0,6,0,63,9,54,2.4
kalousekm,2021-01-16,1,1,0,1139,153,151,2,70.7
KarelHavlicek_,2021-01-16,1,1,0,49,50,23,27,1
kducsl,2021-01-16,14,1,13,26,208,21,187,0.6
Kuba_Martin,2021-01-16,3,3,0,11,73,73,0,29.5
makupka,2021-01-16,1,1,0,1797,12,12,0,6.5
market_a,2021-01-16,4,4,0,946,41,37,4,31.2
MJureka,2021-01-16,3,3,0,1780,77,65,12,5.6
ODScz,2021-01-16,7,0,7,0,147,20,127,8
olgarichterova,2021-01-16,2,2,0,1113,36,36,0,3.5
P_Fiala,2021-01-16,3,2,1,834,43,35,8,11.7
PiratIvanBartos,2021-01-16,1,0,1,0,34,28,6,17.6
PiratskaStrana,2021-01-16,3,1,2,116,87,39,48,3.2
SpoluKoalice,2021-01-16,3,0,3,0,10,1,9,0.2
STANcz,2021-01-16,1,0,1,0,41,7,34,0.4
TomasZdechovsky,2021-01-16,34,29,5,672,505,371,134,12.8
tomio_cz,2021-01-16,4,4,0,274,50,50,0,2.9
TOP09cz,2021-01-16,4,0,4,0,145,6,139,1.2
VeslavM,2021-01-16,1,1,0,5,16,16,0,0.3
Vit_Rakusan,2021-01-16,2,2,0,55,15,13,2,5.7
Zbynek_Stanjura,2021-01-16,1,1,0,1452,2,2,0,2
alenaschillerov,2021-01-15,5,5,0,149,58,51,7,2.1
AndrejBabis,2021-01-15,21,3,18,430,215,30,185,5.3
honzabartosek,2021-01-15,1,1,0,64,7,7,0,1.3
jana_cernochova,2021-01-15,1,1,0,22,10,10,0,0.8
JanLipavsky,2021-01-15,1,0,1,0,57,9,48,2.4
kalousekm,2021-01-15,16,16,0,9642,152,150,2,69.6
KarelHavlicek_,2021-01-15,9,4,5,124,49,22,27,0.9
kducsl,2021-01-15,24,5,19,278,194,20,174,0.5
Kuba_Martin,2021-01-15,21,21,0,4101,70,70,0,29.5
makupka,2021-01-15,1,1,0,481,11,11,0,4.7
market_a,2021-01-15,7,7,0,3779,37,33,4,30.3
MartinBaxa2,2021-01-15,3,3,0,3159,6,6,0,3.9
MJureka,2021-01-15,14,10,4,961,74,62,12,3.8
ODScz,2021-01-15,19,2,17,1245,140,20,120,8
olgarichterova,2021-01-15,5,5,0,333,34,34,0,2.3
P_Fiala,2021-01-15,5,4,1,1126,40,33,7,10.8
PiratIvanBartos,2021-01-15,5,4,1,5775,33,28,5,17.6
PiratskaStrana,2021-01-15,7,1,6,96,84,38,46,3.1
Pospisil_Jiri,2021-01-15,4,4,0,1236,31,25,6,5.6
RobertSlachta,2021-01-15,3,3,0,38,6,4,2,0.1
SpoluKoalice,2021-01-15,7,1,6,195,7,1,6,0.2
STANcz,2021-01-15,10,1,9,10,40,7,33,0.4
TomasZdechovsky,2021-01-15,27,15,12,456,471,342,129,12.1
tomio_cz,2021-01-15,5,5,0,159,46,46,0,2.6
TOP09cz,2021-01-15,14,0,14,0,141,6,135,1.2
Vit_Rakusan,2021-01-15,4,2,2,631,13,11,2,5.6
vonpecka,2021-01-15,1,1,0,42,48,34,14,0.7
ZdenekHrib,2021-01-15,5,5,0,1336,46,45,1,9.6
zeleni_cz,2021-01-15,3,0,3,0,25,8,17,0.3
alenaschillerov,2021-01-14,2,2,0,61,53,46,7,1.9
AndrejBabis,2021-01-14,16,3,13,421,194,27,167,4.9
JanLipavsky,2021-01-14,1,1,0,2,56,9,47,2.4
kalousekm,2021-01-14,4,4,0,4131,136,134,2,59.9
kducsl,2021-01-14,15,0,15,0,170,15,155,0.3
Kuba_Martin,2021-01-14,10,10,0,4719,49,49,0,25.4
makupka,2021-01-14,1,1,0,1464,10,10,0,4.2
market_a,2021-01-14,1,1,0,528,30,26,4,26.5
MartinBaxa2,2021-01-14,1,1,0,404,3,3,0,0.8
metnarl,2021-01-14,1,1,0,43,4,3,1,0.3
MJureka,2021-01-14,5,2,3,88,60,52,8,2.9
ODScz,2021-01-14,11,1,10,1812,121,18,103,6.8
olgarichterova,2021-01-14,4,4,0,55,29,29,0,2
P_Fiala,2021-01-14,2,1,1,287,35,29,6,9.7
PiratIvanBartos,2021-01-14,5,4,1,4982,28,24,4,11.8
PiratskaStrana,2021-01-14,12,7,5,176,77,37,40,3
Pospisil_Jiri,2021-01-14,3,3,0,1768,27,21,6,4.4
STANcz,2021-01-14,1,0,1,0,30,6,24,0.4
TomasZdechovsky,2021-01-14,47,28,19,1469,444,327,117,11.6
tomio_cz,2021-01-14,3,3,0,3,41,41,0,2.4
TOP09cz,2021-01-14,18,1,17,21,127,6,121,1.2
VeslavM,2021-01-14,1,1,0,200,15,15,0,0.3
Vit_Rakusan,2021-01-14,1,1,0,355,9,9,0,5
vonpecka,2021-01-14,3,1,2,2,47,33,14,0.7
zeleni_cz,2021-01-14,1,0,1,0,22,8,14,0.3
alenaschillerov,2021-01-13,3,2,1,83,51,44,7,1.9
AndrejBabis,2021-01-13,19,6,13,385,178,24,154,4.4
general_pavel,2021-01-13,4,4,0,1633,6,6,0,4
honzabartosek,2021-01-13,1,1,0,38,6,6,0,1.3
jana_cernochova,2021-01-13,1,1,0,110,9,9,0,0.8
JanLipavsky,2021-01-13,10,3,7,486,55,8,47,2.4
jhamacek,2021-01-13,1,1,0,84,8,4,4,0.9
kalousekm,2021-01-13,11,10,1,2092,132,130,2,55.8
KarelHavlicek_,2021-01-13,2,0,2,0,40,18,22,0.8
kducsl,2021-01-13,20,2,18,42,155,15,140,0.3
Kuba_Martin,2021-01-13,7,7,0,4137,39,39,0,20.7
makupka,2021-01-13,1,1,0,421,9,9,0,2.8
market_a,2021-01-13,6,5,1,2715,29,25,4,26
MartinBaxa2,2021-01-13,1,1,0,266,2,2,0,0.4
MJureka,2021-01-13,12,10,2,1097,55,50,5,2.8
ODScz,2021-01-13,13,1,12,485,110,17,93,4.9
olgarichterova,2021-01-13,2,2,0,24,25,25,0,2
P_Fiala,2021-01-13,7,5,2,2284,33,28,5,9.4
PiratIvanBartos,2021-01-13,8,8,0,2052,23,20,3,6.8
PiratskaStrana,2021-01-13,10,5,5,436,65,30,35,2.8
Pospisil_Jiri,2021-01-13,2,2,0,197,24,18,6,2.6
STANcz,2021-01-13,4,0,4,0,29,6,23,0.4
TomasCzernin,2021-01-13,2,2,0,336,7,7,0,3.6
TomasZdechovsky,2021-01-13,39,22,17,829,397,299,98,10.2
tomio_cz,2021-01-13,6,6,0,232,38,38,0,2.4
TOP09cz,2021-01-13,14,1,13,36,109,5,104,1.2
VeslavM,2021-01-13,1,1,0,7,14,14,0,0.1
Vit_Rakusan,2021-01-13,2,2,0,791,8,8,0,4.7
vonpecka,2021-01-13,4,3,1,31,44,32,12,0.6
zeleni_cz,2021-01-13,3,1,2,38,21,8,13,0.3
alenaschillerov,2021-01-12,4,4,0,115,48,42,6,1.8
AndrejBabis,2021-01-12,21,2,19,340,159,18,141,4.1
honzabartosek,2021-01-12,1,1,0,0,5,5,0,1.2
JanLipavsky,2021-01-12,5,2,3,572,45,5,40,1.9
kalousekm,2021-01-12,4,4,0,1276,121,120,1,53.7
KarelHavlicek_,2021-01-12,6,4,2,129,38,18,20,0.8
kducsl,2021-01-12,16,0,16,0,135,13,122,0.2
makupka,2021-01-12,1,1,0,719,8,8,0,2.4
market_a,2021-01-12,3,3,0,3667,23,20,3,23.3
metnarl,2021-01-12,1,1,0,102,3,2,1,0.3
milionchvilek,2021-01-12,1,1,0,98,3,3,0,0.3
MJureka,2021-01-12,3,3,0,217,43,40,3,1.7
ODScz,2021-01-12,12,0,12,0,97,16,81,4.5
olgarichterova,2021-01-12,3,3,0,480,23,23,0,1.9
P_Fiala,2021-01-12,7,6,1,911,26,23,3,7.1
PiratIvanBartos,2021-01-12,3,1,2,1209,15,12,3,4.8
PiratskaStrana,2021-01-12,6,3,3,959,55,25,30,2.4
Pospisil_Jiri,2021-01-12,2,1,1,207,22,16,6,2.4
STANcz,2021-01-12,9,4,5,218,25,6,19,0.4
TomasZdechovsky,2021-01-12,57,40,17,789,358,277,81,9.3
tomio_cz,2021-01-12,2,2,0,157,32,32,0,2.2
TOP09cz,2021-01-12,7,0,7,0,95,4,91,1.2
Vit_Rakusan,2021-01-12,1,1,0,1049,6,6,0,3.9
vonpecka,2021-01-12,10,8,2,36,40,29,11,0.6
zeleni_cz,2021-01-12,1,0,1,0,18,7,11,0.3
alenaschillerov,2021-01-11,8,6,2,224,44,38,6,1.7
AndrejBabis,2021-01-11,17,0,17,0,138,16,122,3.7
czKSCM,2021-01-11,1,0,1,0,7,2,5,0.1
Jan_Skopecek,2021-01-11,1,1,0,426,29,24,5,1.3
jana_cernochova,2021-01-11,1,1,0,87,8,8,0,0.6
JanLipavsky,2021-01-11,3,0,3,0,40,3,37,1.3
kalousekm,2021-01-11,12,12,0,6148,117,116,1,52.4
KarelHavlicek_,2021-01-11,2,1,1,58,32,14,18,0.7
kducsl,2021-01-11,12,0,12,0,119,13,106,0.2
Kuba_Martin,2021-01-11,1,1,0,1,32,32,0,16.5
makupka,2021-01-11,1,1,0,408,7,7,0,1.6
market_a,2021-01-11,4,3,1,2027,20,17,3,19.6
MJureka,2021-01-11,1,1,0,295,40,37,3,1.5
ODScz,2021-01-11,7,2,5,903,85,16,69,4.5
olgarichterova,2021-01-11,2,2,0,237,20,20,0,1.5
P_Fiala,2021-01-11,1,1,0,704,19,17,2,6.2
PiratskaStrana,2021-01-11,7,2,5,154,49,22,27,1.4
Pospisil_Jiri,2021-01-11,1,1,0,109,20,15,5,2.2
STANcz,2021-01-11,2,0,2,0,16,2,14,0.2
TomasZdechovsky,2021-01-11,32,20,12,1801,301,237,64,8.5
tomio_cz,2021-01-11,4,4,0,281,30,30,0,2.1
TOP09cz,2021-01-11,20,0,20,0,88,4,84,1.2
VeslavM,2021-01-11,1,1,0,5,13,13,0,0.1
vojtafilip,2021-01-11,2,2,0,64,6,6,0,0.5
vonpecka,2021-01-11,5,4,1,71,30,21,9,0.6
ZdenekHrib,2021-01-11,2,2,0,4318,41,40,1,8.3
zeleni_cz,2021-01-11,3,2,1,51,17,7,10,0.3
alenaschillerov,2021-01-10,4,3,1,257,36,32,4,1.5
AndrejBabis,2021-01-10,11,2,9,386,121,16,105,3.7
czKSCM,2021-01-10,1,1,0,10,6,2,4,0.1
jana_cernochova,2021-01-10,1,1,0,58,7,7,0,0.6
JanLipavsky,2021-01-10,4,0,4,0,37,3,34,1.3
kalousekm,2021-01-10,1,1,0,1241,105,104,1,46.3
KarelHavlicek_,2021-01-10,2,1,1,175,30,13,17,0.6
kducsl,2021-01-10,9,0,9,0,107,13,94,0.2
Kuba_Martin,2021-01-10,1,1,0,72,31,31,0,16.5
market_a,2021-01-10,1,1,0,1297,16,14,2,17.6
MJureka,2021-01-10,1,1,0,83,39,36,3,1.2
ODScz,2021-01-10,6,4,2,560,78,14,64,3.6
PiratskaStrana,2021-01-10,1,1,0,94,42,20,22,1.2
Pospisil_Jiri,2021-01-10,2,2,0,355,19,14,5,2.1
TomasZdechovsky,2021-01-10,28,19,9,814,269,217,52,6.7
tomio_cz,2021-01-10,1,1,0,1,26,26,0,1.8
TOP09cz,2021-01-10,2,0,2,0,68,4,64,1.2
VeslavM,2021-01-10,1,1,0,1,12,12,0,0.1
volimtrikoloru,2021-01-10,1,1,0,122,1,1,0,0.1
vonpecka,2021-01-10,2,2,0,38,25,17,8,0.5
ZdenekHrib,2021-01-10,1,1,0,86,39,38,1,4
alenaschillerov,2021-01-09,1,1,0,26,32,29,3,1.2
AndrejBabis,2021-01-09,9,1,8,62,110,14,96,3.3
czKSCM,2021-01-09,1,0,1,0,5,1,4,0
honzabartosek,2021-01-09,1,1,0,966,4,4,0,1.2
Jan_Skopecek,2021-01-09,1,0,1,0,28,23,5,0.8
JanLipavsky,2021-01-09,10,1,9,51,33,3,30,1.3
jhamacek,2021-01-09,2,1,1,206,7,3,4,0.8
kalousekm,2021-01-09,3,3,0,91,104,103,1,45
kducsl,2021-01-09,13,0,13,0,98,13,85,0.2
Kuba_Martin,2021-01-09,5,5,0,23,30,30,0,16.4
ODScz,2021-01-09,4,1,3,1317,72,10,62,3
olgarichterova,2021-01-09,3,3,0,441,18,18,0,1.2
P_Fiala,2021-01-09,3,3,0,2111,18,16,2,5.5
PiratIvanBartos,2021-01-09,3,2,1,395,12,11,1,3.5
PiratskaStrana,2021-01-09,15,8,7,465,41,19,22,1.2
Pospisil_Jiri,2021-01-09,1,1,0,30,17,12,5,1.7
RobertSlachta,2021-01-09,1,0,1,0,3,1,2,0
TomasZdechovsky,2021-01-09,35,29,6,1666,241,198,43,5.9
tomio_cz,2021-01-09,3,3,0,131,25,25,0,1.8
VeslavM,2021-01-09,2,2,0,4,11,11,0,0.1
vojtafilip,2021-01-09,1,1,0,154,4,4,0,0.4
vonpecka,2021-01-09,1,0,1,0,23,15,8,0.5
ZdenekHrib,2021-01-09,4,4,0,808,38,37,1,3.9
zeleni_cz,2021-01-09,1,0,1,0,14,5,9,0.3
alenaschillerov,2021-01-08,4,4,0,149,31,28,3,1.2
AndrejBabis,2021-01-08,12,0,12,0,101,13,88,3.3
honzabartosek,2021-01-08,1,1,0,61,3,3,0,0.3
Jan_Skopecek,2021-01-08,1,1,0,108,27,23,4,0.8
JanLipavsky,2021-01-08,4,0,4,0,23,2,21,1.3
kalousekm,2021-01-08,1,1,0,678,101,100,1,44.9
KarelHavlicek_,2021-01-08,5,3,2,45,28,12,16,0.4
kducsl,2021-01-08,6,0,6,0,85,13,72,0.2
Kuba_Martin,2021-01-08,13,13,0,8965,25,25,0,16.4
market_a,2021-01-08,1,1,0,2005,15,13,2,16.3
MartinBaxa2,2021-01-08,1,1,0,98,1,1,0,0.1
metnarl,2021-01-08,1,1,0,153,2,1,1,0.2
milionchvilek,2021-01-08,1,1,0,69,2,2,0,0.2
MJureka,2021-01-08,2,2,0,26,38,35,3,1.1
ODScz,2021-01-08,8,0,8,0,68,9,59,1.7
P_Fiala,2021-01-08,2,2,0,434,15,13,2,3.4
PavelSehnal64,2021-01-08,2,2,0,2,2,2,0,0
PiratIvanBartos,2021-01-08,1,1,0,2,9,9,0,3.2
PiratskaStrana,2021-01-08,2,2,0,90,26,11,15,0.7
Pospisil_Jiri,2021-01-08,1,0,1,0,16,11,5,1.7
RobertSlachta,2021-01-08,2,1,1,28,2,1,1,0
STANcz,2021-01-08,2,0,2,0,14,2,12,0.2
TomasZdechovsky,2021-01-08,22,13,9,278,206,169,37,4.3
tomio_cz,2021-01-08,2,2,0,104,22,22,0,1.6
TOP09cz,2021-01-08,4,0,4,0,66,4,62,1.2
VeslavM,2021-01-08,1,1,0,24,9,9,0,0.1
vonpecka,2021-01-08,1,1,0,30,22,15,7,0.5
ZdenekHrib,2021-01-08,5,5,0,1140,34,33,1,3.1
zeleni_cz,2021-01-08,5,1,4,0,13,5,8,0.3
alenaschillerov,2021-01-07,6,5,1,178,27,24,3,1
AndrejBabis,2021-01-07,22,7,15,2018,89,13,76,3.3
czKSCM,2021-01-07,1,1,0,42,4,1,3,0
honzabartosek,2021-01-07,1,1,0,153,2,2,0,0.2
Jan_Skopecek,2021-01-07,10,10,0,488,26,22,4,0.7
JanLipavsky,2021-01-07,3,1,2,1261,19,2,17,1.3
jhamacek,2021-01-07,2,1,1,128,5,2,3,0.6
kalousekm,2021-01-07,19,19,0,10859,100,99,1,44.3
KarelHavlicek_,2021-01-07,1,0,1,0,23,9,14,0.4
kducsl,2021-01-07,20,3,17,28,79,13,66,0.2
Kuba_Martin,2021-01-07,3,3,0,13,12,12,0,7.5
makupka,2021-01-07,2,2,0,173,6,6,0,1.2
market_a,2021-01-07,1,1,0,2567,14,12,2,14.3
metnarl,2021-01-07,1,0,1,0,1,0,1,0
MJureka,2021-01-07,9,8,1,453,36,33,3,1.1
ODScz,2021-01-07,8,1,7,7,60,9,51,1.7
olgarichterova,2021-01-07,5,5,0,84,15,15,0,0.8
P_Fiala,2021-01-07,2,2,0,536,13,11,2,3
PiratIvanBartos,2021-01-07,5,5,0,2364,8,8,0,3.2
PiratskaStrana,2021-01-07,12,4,8,295,24,9,15,0.6
Pospisil_Jiri,2021-01-07,1,1,0,441,15,11,4,1.7
STANcz,2021-01-07,4,2,2,160,12,2,10,0.2
TomasCzernin,2021-01-07,1,1,0,206,5,5,0,3.3
TomasZdechovsky,2021-01-07,28,22,6,426,184,156,28,4
tomio_cz,2021-01-07,5,5,0,320,20,20,0,1.5
TOP09cz,2021-01-07,11,1,10,212,62,4,58,1.2
VeslavM,2021-01-07,4,4,0,35,8,8,0,0
Vit_Rakusan,2021-01-07,2,2,0,466,5,5,0,2.8
vonpecka,2021-01-07,8,5,3,188,21,14,7,0.4
ZdenekHrib,2021-01-07,1,0,1,0,29,28,1,1.9
zeleni_cz,2021-01-07,4,3,1,234,8,4,4,0.3
alenaschillerov,2021-01-06,3,3,0,79,21,19,2,0.8
AndrejBabis,2021-01-06,16,0,16,0,67,6,61,1.3
czKSCM,2021-01-06,1,0,1,0,3,0,3,0
general_pavel,2021-01-06,2,2,0,2350,2,2,0,2.4
Jan_Skopecek,2021-01-06,5,4,1,29,16,12,4,0.3
jana_cernochova,2021-01-06,2,2,0,163,6,6,0,0.5
JanLipavsky,2021-01-06,13,1,12,37,16,1,15,0
jhamacek,2021-01-06,1,1,0,459,3,1,2,0.5
kalousekm,2021-01-06,20,20,0,6577,81,80,1,33.4
KarelHavlicek_,2021-01-06,7,3,4,140,22,9,13,0.4
kducsl,2021-01-06,14,3,11,46,59,10,49,0.2
makupka,2021-01-06,2,2,0,106,4,4,0,1.1
market_a,2021-01-06,6,5,1,3840,13,11,2,11.7
MJureka,2021-01-06,20,19,1,523,27,25,2,0.6
ODScz,2021-01-06,12,2,10,50,52,8,44,1.7
olgarichterova,2021-01-06,5,5,0,121,10,10,0,0.7
P_Fiala,2021-01-06,6,6,0,1556,11,9,2,2.4
PiratskaStrana,2021-01-06,5,2,3,111,12,5,7,0.3
Pospisil_Jiri,2021-01-06,7,5,2,584,14,10,4,1.3
STANcz,2021-01-06,2,0,2,0,8,0,8,0
TomasCzernin,2021-01-06,1,1,0,196,4,4,0,3
TomasZdechovsky,2021-01-06,27,21,6,164,156,134,22,3.6
tomio_cz,2021-01-06,2,2,0,146,15,15,0,1.2
TOP09cz,2021-01-06,22,2,20,182,51,3,48,1
Vit_Rakusan,2021-01-06,1,1,0,467,3,3,0,2.3
vojtafilip,2021-01-06,1,1,0,21,3,3,0,0.3
vonpecka,2021-01-06,9,8,1,230,13,9,4,0.3
ZdenekHrib,2021-01-06,2,2,0,284,28,28,0,1.9
alenaschillerov,2021-01-05,7,7,0,323,18,16,2,0.8
AndrejBabis,2021-01-05,16,0,16,0,51,6,45,1.3
honzabartosek,2021-01-05,1,1,0,39,1,1,0,0
Jan_Skopecek,2021-01-05,6,6,0,158,11,8,3,0.2
jana_cernochova,2021-01-05,4,4,0,339,4,4,0,0.3
kalousekm,2021-01-05,30,30,0,12690,61,60,1,26.8
KarelHavlicek_,2021-01-05,5,3,2,113,15,6,9,0.3
kducsl,2021-01-05,5,0,5,0,45,7,38,0.1
Kuba_Martin,2021-01-05,1,1,0,2,9,9,0,7.4
market_a,2021-01-05,2,1,1,2218,7,6,1,7.9
milionchvilek,2021-01-05,1,1,0,108,1,1,0,0.1
MJureka,2021-01-05,1,1,0,4,7,6,1,0.1
ODScz,2021-01-05,12,0,12,0,40,6,34,1.6
olgarichterova,2021-01-05,1,1,0,22,5,5,0,0.6
P_Fiala,2021-01-05,3,1,2,192,5,3,2,0.9
PiratIvanBartos,2021-01-05,1,1,0,245,3,3,0,0.8
PiratskaStrana,2021-01-05,3,1,2,27,7,3,4,0.2
Pospisil_Jiri,2021-01-05,2,1,1,121,7,5,2,0.7
STANcz,2021-01-05,2,0,2,0,6,0,6,0
TomasZdechovsky,2021-01-05,40,38,2,500,129,113,16,3.4
tomio_cz,2021-01-05,3,3,0,287,13,13,0,1.1
TOP09cz,2021-01-05,8,0,8,0,29,1,28,0.8
Zbynek_Stanjura,2021-01-05,1,1,0,546,1,1,0,0.5
ZdenekHrib,2021-01-05,1,1,0,17,26,26,0,1.6
zeleni_cz,2021-01-05,1,1,0,22,4,1,3,0
alenaschillerov,2021-01-04,2,2,0,90,11,9,2,0.4
AndrejBabis,2021-01-04,21,0,21,0,35,6,29,1.3
czKSCM,2021-01-04,1,0,1,0,2,0,2,0
JanLipavsky,2021-01-04,1,0,1,0,3,0,3,0
jhamacek,2021-01-04,1,0,1,0,2,0,2,0
kalousekm,2021-01-04,9,9,0,4520,31,30,1,14.1
KarelHavlicek_,2021-01-04,7,3,4,142,10,3,7,0.1
kducsl,2021-01-04,10,0,10,0,40,7,33,0.1
Kuba_Martin,2021-01-04,2,2,0,3067,8,8,0,7.4
makupka,2021-01-04,1,1,0,342,2,2,0,1
market_a,2021-01-04,3,3,0,2827,5,5,0,5.6
ODScz,2021-01-04,8,2,6,884,28,6,22,1.6
P_Fiala,2021-01-04,1,1,0,457,2,2,0,0.7
PiratIvanBartos,2021-01-04,2,2,0,544,2,2,0,0.5
PiratskaStrana,2021-01-04,3,2,1,168,4,2,2,0.2
Pospisil_Jiri,2021-01-04,2,2,0,254,5,4,1,0.5
STANcz,2021-01-04,2,0,2,0,4,0,4,0
TomasCzernin,2021-01-04,1,1,0,1492,3,3,0,2.9
TomasZdechovsky,2021-01-04,31,26,5,2159,89,75,14,2.9
tomio_cz,2021-01-04,4,4,0,270,10,10,0,0.8
TOP09cz,2021-01-04,11,1,10,796,21,1,20,0.8
VeslavM,2021-01-04,2,2,0,1,4,4,0,0
vojtafilip,2021-01-04,1,1,0,19,2,2,0,0.3
vonpecka,2021-01-04,3,0,3,0,4,1,3,0
ZdenekHrib,2021-01-04,18,18,0,614,25,25,0,1.6
alenaschillerov,2021-01-03,3,2,1,74,9,7,2,0.4
AndrejBabis,2021-01-03,8,2,6,310,14,6,8,1.3
czKSCM,2021-01-03,1,0,1,0,1,0,1,0
kalousekm,2021-01-03,13,12,1,2929,22,21,1,9.6
KarelHavlicek_,2021-01-03,2,0,2,0,3,0,3,0
kducsl,2021-01-03,12,7,5,146,30,7,23,0.1
Kuba_Martin,2021-01-03,6,6,0,4373,6,6,0,4.4
makupka,2021-01-03,1,1,0,614,1,1,0,0.6
MJureka,2021-01-03,5,4,1,71,6,5,1,0.1
ODScz,2021-01-03,4,0,4,0,20,4,16,0.7
olgarichterova,2021-01-03,1,1,0,67,4,4,0,0.5
Pospisil_Jiri,2021-01-03,2,1,1,93,3,2,1,0.3
STANcz,2021-01-03,1,0,1,0,2,0,2,0
TomasCzernin,2021-01-03,1,1,0,763,2,2,0,1.4
TomasZdechovsky,2021-01-03,9,6,3,114,58,49,9,0.7
tomio_cz,2021-01-03,3,3,0,279,6,6,0,0.5
TOP09cz,2021-01-03,7,0,7,0,10,0,10,0
VeslavM,2021-01-03,1,1,0,8,2,2,0,0
Vit_Rakusan,2021-01-03,1,1,0,1500,2,2,0,1.9
vojtafilip,2021-01-03,1,1,0,238,1,1,0,0.2
zeleni_cz,2021-01-03,1,0,1,0,3,0,3,0
alenaschillerov,2021-01-02,2,1,1,68,6,5,1,0.3
AndrejBabis,2021-01-02,4,3,1,619,6,4,2,0.9
Jan_Skopecek,2021-01-02,1,0,1,0,5,2,3,0.1
kalousekm,2021-01-02,6,6,0,4059,9,9,0,6.7
KarelHavlicek_,2021-01-02,1,0,1,0,1,0,1,0
kducsl,2021-01-02,10,0,10,0,18,0,18,0
ODScz,2021-01-02,1,0,1,0,16,4,12,0.7
Pospisil_Jiri,2021-01-02,1,1,0,200,1,1,0,0.2
TomasZdechovsky,2021-01-02,30,26,4,417,49,43,6,0.6
vonpecka,2021-01-02,1,1,0,24,1,1,0,0
ZdenekHrib,2021-01-02,5,5,0,271,7,7,0,1
alenaschillerov,2021-01-01,4,4,0,214,4,4,0,0.2
AndrejBabis,2021-01-01,2,1,1,329,2,1,1,0.3
Jan_Skopecek,2021-01-01,4,2,2,65,4,2,2,0.1
JanLipavsky,2021-01-01,2,0,2,0,2,0,2,0
jhamacek,2021-01-01,1,0,1,0,1,0,1,0
kalousekm,2021-01-01,3,3,0,2621,3,3,0,2.6
kducsl,2021-01-01,8,0,8,0,8,0,8,0
market_a,2021-01-01,2,2,0,2820,2,2,0,2.8
MJureka,2021-01-01,1,1,0,10,1,1,0,0
ODScz,2021-01-01,15,4,11,739,15,4,11,0.7
olgarichterova,2021-01-01,3,3,0,480,3,3,0,0.5
P_Fiala,2021-01-01,1,1,0,239,1,1,0,0.2
PiratskaStrana,2021-01-01,1,0,1,0,1,0,1,0
STANcz,2021-01-01,1,0,1,0,1,0,1,0
TomasCzernin,2021-01-01,1,1,0,596,1,1,0,0.6
TomasZdechovsky,2021-01-01,19,17,2,206,19,17,2,0.2
tomio_cz,2021-01-01,3,3,0,234,3,3,0,0.2
TOP09cz,2021-01-01,3,0,3,0,3,0,3,0
VeslavM,2021-01-01,1,1,0,0,1,1,0,0
Vit_Rakusan,2021-01-01,1,1,0,378,1,1,0,0.4
ZdenekHrib,2021-01-01,2,2,0,735,2,2,0,0.7
zeleni_cz,2021-01-01,2,0,2,0,2,0,2,0
